# IGP24 class field sweep: deg12.
1760398407,-3691863090,2518590537,4651103382,2862866970,-8245776678,4782443506,-95562096,-1571445018,786915694,12727578,-155120616,72717464,-15347160,546138,-287402,616371,-327600,106715,-19542,1629,148,-63,6,1 # cft deg12 r=0
431531883,-931560480,1335408696,-361998876,-80411283,-899675664,937655638,-63308070,-12336228,-118565990,22522074,14670156,1683442,-916362,-721500,151542,79815,11826,-3146,-3090,-276,-2,39,6,1 # cft deg12 r=0
3873321143,7722890022,9776606436,5638606660,5625817551,1805954130,967378595,23237784,20951676,-61872160,-4492917,-756114,3086508,-497310,-185340,-47866,54573,16722,5680,1290,606,178,39,6,1 # cft deg12 r=0
74489463,-317612664,866706885,-1691326746,2218737555,-1860866046,1000111386,-376534260,106157772,13517316,-34509009,10542774,1238792,482322,477654,52580,220581,74658,-6885,-5406,-1053,-56,33,6,1 # cft deg12 r=0
33188155029,115657475022,200871733851,241427322062,226283719725,173995153908,113182669259,63783336474,31505165058,13522661448,4988970855,1531252272,369837537,65105802,8353227,976116,-123534,-156948,-37662,-3420,-384,-62,9,6,1 # cft deg12 r=0
9181284069,22436548002,37503064278,52066803996,72835008648,77830111938,70317159772,52893770088,34880062671,20131612126,10051993764,4470066036,1763005358,605454450,189933543,48880570,11593068,2188080,281618,31014,-522,-1226,-129,6,1 # cft deg12 r=0
65834705303,-19404619854,-5944637304,-16383190760,7542669090,2332879812,373785878,-759314982,-60141771,54878840,28436730,-10307670,-1191804,1439274,-57657,-175708,44400,22464,-2930,-480,318,-2,-3,6,1 # cft deg12 r=0
1024,0,-3072,0,-47616,0,174464,0,225360,0,-975456,0,544824,0,366048,0,-455103,0,156008,0,-18582,0,168,0,1 # cft deg12 r=16
64,0,-2688,0,-86784,0,1415872,0,1275696,0,-2774592,0,1369728,0,-228384,0,-12852,0,8344,0,-816,0,12,0,1 # cft deg12 r=16
16,0,4608,0,-26616,0,-21648,0,138705,0,174636,0,-3496,0,-89532,0,-50034,0,-11676,0,-1200,0,-36,0,1 # cft deg12 r=8
16,0,-4608,0,-26616,0,21648,0,138705,0,-174636,0,-3496,0,89532,0,-50034,0,11676,0,-1200,0,36,0,1 # cft deg12 r=16
64,0,2688,0,-86784,0,-1415872,0,1275696,0,2774592,0,1369728,0,228384,0,-12852,0,-8344,0,-816,0,-12,0,1 # cft deg12 r=8
1024,0,3072,0,-47616,0,-174464,0,225360,0,975456,0,544824,0,-366048,0,-455103,0,-156008,0,-18582,0,-168,0,1 # cft deg12 r=8
15063616,15586560,24023424,2914176,2760096,-7629120,4846720,3680352,4006836,-2163168,-1589832,199584,978288,111744,-318996,-75816,84573,15120,-13064,-1800,1362,48,-60,0,1 # cft deg12 r=0
13882707393,-19566251370,745621905,-9632394464,52150330422,-42426276378,13587652844,-2306467152,413585388,-139175598,-3799692,10264482,3434907,2031192,-364194,-206970,-113508,-12384,12789,4068,-183,-274,-27,6,1 # cft deg12 r=0
13846454528,37470128128,58006635520,75122812928,80172835584,65409671680,43514510080,26168624128,14664729440,7116154752,2815194560,958235264,274242512,47719392,6877200,-507136,-1022239,-89920,44944,7552,434,-160,-64,0,1 # cft deg12 r=0
1,0,28,0,778,0,23308,0,723487,0,819352,0,802348,0,819352,0,723487,0,23308,0,778,0,28,0,1 # cft deg12 r=0
592973922304,0,-53687091200,0,127297126400,0,-100304683008,0,35979853824,0,-2258403328,0,-188293120,0,16764928,0,-476416,0,7424,0,3552,0,-120,0,1 # cft deg12 r=0
1,0,-28,0,778,0,-23308,0,723487,0,-819352,0,802348,0,-819352,0,723487,0,-23308,0,778,0,-28,0,1 # cft deg12 r=0
5219141287936,0,3759562817536,0,1420055379968,0,248180482048,0,27845878016,0,1385950208,0,-3141632,0,-4915968,0,105952,0,92480,0,6528,0,144,0,1 # cft deg12 r=0
97617354752,302310105088,344569538560,130692243456,-50128319744,-37688736256,26755788416,33357105152,12299041680,1288542208,-424423232,-272636928,-108584232,-26683616,-4316952,494080,699873,113344,75904,7424,3290,160,88,0,1 # cft deg12 r=0
3346327552,-9200986112,6424734208,5636839424,-8296084800,-4001411968,12881346336,-8755801600,1625062980,756901024,-377206552,23966080,13437200,-2859152,353812,-364928,338837,-118816,18848,-1024,-182,144,-44,0,1 # cft deg12 r=0
40978714624,0,-38519523328,0,30003750656,0,-3297834880,0,1449296528,0,-25517952,0,10888072,0,-795064,0,-65983,0,16892,0,-50,0,-44,0,1 # cft deg12 r=0
61089856,0,85224576,0,-8284064,0,-5526400,0,15061172,0,-1357720,0,961736,0,-80172,0,-10267,0,2612,0,134,0,24,0,1 # cft deg12 r=0
2988090432,-8440538112,11652347520,-10503692800,9532070944,-9987211904,7531422016,-3404422400,1418761620,-928118368,513215672,-203761344,71943144,-20841456,6141412,-849408,334613,-91296,20400,-6464,1570,-144,68,0,1 # cft deg12 r=0
6964903936,0,9550282752,0,9587628288,0,-7003277312,0,1736133776,0,-107113728,0,-24890440,0,1540176,0,177025,0,12436,0,1438,0,68,0,1 # cft deg12 r=0
580532957,4168276280,9388608920,9745616824,5063077286,538799632,-2040249048,-2649014696,-1412357609,88544352,491644584,168054560,-44542412,-31989328,797768,2582560,-58917,-165688,11232,12200,134,-544,-48,8,1 # cft deg12 r=16
16,0,-1088,0,-84000,0,10528,0,1388016,0,-3987616,0,4939304,0,-3131024,0,983464,0,-113944,0,-4356,0,632,0,1 # cft deg12 r=16
1,0,82,0,389,0,-19538,0,-121858,0,113018,0,116209,0,-60894,0,-13526,0,1766,0,561,0,42,0,1 # cft deg12 r=8
1,0,-82,0,389,0,19538,0,-121858,0,-113018,0,116209,0,60894,0,-13526,0,-1766,0,561,0,-42,0,1 # cft deg12 r=16
16,0,1088,0,-84000,0,-10528,0,1388016,0,3987616,0,4939304,0,3131024,0,983464,0,113944,0,-4356,0,-632,0,1 # cft deg12 r=8
180561677,-1082987712,-384273700,5670914952,6840906942,787210104,-2251664324,-1435048008,-630274345,-133262656,74361008,-16378720,-47774204,-2154000,11146272,2567872,-905045,-359072,20980,21592,862,-648,-60,8,1 # cft deg12 r=8
582703313,726521208,1128334194,1092995788,664733209,230214660,13708066,-80025696,-17066086,89929024,62767858,-13968652,-23016507,-918748,4748398,996200,-471246,-168312,19502,13244,217,-508,-42,8,1 # cft deg12 r=0
1,0,-109,0,3310,0,-19914,0,-81569,0,626234,0,-18321,0,-1023106,0,651583,0,-88786,0,1634,0,151,0,1 # cft deg12 r=16
-4266088722251,-10708602969246,12382678632782,13808241591180,-12998572719304,-5194141412004,5500196299495,517782559472,-996121351257,48712342528,67331216048,-7578408352,-207391789,69370470,-142555012,15318948,3445703,-219046,91167,-12516,-3345,112,-17,4,1 # cft deg12 r=12
531441,0,-885735,0,-10569771,0,-3444525,0,31420629,0,30893562,0,-2298537,0,-7845012,0,-313065,0,100953,0,-2826,0,-24,0,1 # cft deg12 r=12
1771561,0,64991399,0,-1532086754,0,-5702302206,0,10295670583,0,-6189143290,0,1754648067,0,-240555262,0,12594895,0,208082,0,-35122,0,535,0,1 # cft deg12 r=16
1,0,45,0,-943,0,-24681,0,-112571,0,-49042,0,300395,0,81704,0,-71209,0,-14847,0,1930,0,116,0,1 # cft deg12 r=8
1,0,8,0,-314,0,-3739,0,-3865,0,32284,0,-3153,0,-14126,0,4789,0,175,0,-179,0,5,0,1 # cft deg12 r=12
1,0,5,0,-179,0,175,0,4789,0,-14126,0,-3153,0,32284,0,-3865,0,-3739,0,-314,0,8,0,1 # cft deg12 r=12
1771561,0,2723226,0,-12536931,0,-23048086,0,6026770,0,27039070,0,11007569,0,-1352930,0,-801250,0,55518,0,5097,0,-358,0,1 # cft deg12 r=12
1,0,-47,0,-2635,0,24815,0,-36847,0,-132474,0,284643,0,151464,0,-432229,0,78317,0,-4522,0,64,0,1 # cft deg12 r=16
531441,0,-11337408,0,-267019578,0,-1541513511,0,-2835854469,0,-331251768,0,207504747,0,32191182,0,-2984607,0,-670005,0,-23715,0,141,0,1 # cft deg12 r=8
1771561,0,-23601292,0,72355338,0,-295131,0,-60372865,0,2144980,0,14058515,0,1521838,0,-685367,0,-134689,0,-6243,0,-27,0,1 # cft deg12 r=12
1,0,-33,0,-1190,0,5070,0,99611,0,-144846,0,-2170881,0,-229938,0,1509543,0,95010,0,-124270,0,-321,0,1 # cft deg12 r=12
1,0,116,0,1930,0,-14847,0,-71209,0,81704,0,300395,0,-49042,0,-112571,0,-24681,0,-943,0,45,0,1 # cft deg12 r=8
1771561,0,12137389,0,33868505,0,50661791,0,45276077,0,25561254,0,9400119,0,2280792,0,363587,0,37133,0,2294,0,76,0,1 # cft deg12 r=0
83521,0,4176050,0,38748831,0,65455899,0,8419437,0,-37203837,0,-23203079,0,-4299997,0,85744,0,67212,0,-796,0,-165,0,1 # cft deg12 r=8
289,0,-38148,0,-450568,0,-309893,0,2576312,0,2853931,0,-95484,0,-498216,0,-132993,0,-13417,0,-384,0,19,0,1 # cft deg12 r=8
1,0,7,0,-1320,0,-14407,0,-41693,0,-17648,0,50957,0,41720,0,-485,0,-2627,0,-96,0,27,0,1 # cft deg12 r=8
1,0,226,0,1465,0,-75814,0,184442,0,123754,0,-459615,0,251054,0,2022,0,-28234,0,5125,0,-154,0,1 # cft deg12 r=16
-26344762027,155479521644,-181693648498,-172903546168,379260912953,-61131499912,-206435750326,94724832940,52534137158,-35500590460,-7479562186,6916364240,664969009,-823791288,-42931954,63527124,2529854,-3187236,-140878,99472,5649,-1712,-122,12,1 # cft deg12 r=16
4165681,0,-21610030,0,-283687027,0,-246641902,0,196860426,0,204299986,0,21015685,0,-10770066,0,-1535766,0,98862,0,14061,0,238,0,1 # cft deg12 r=8
4165681,0,21610030,0,-283687027,0,246641902,0,196860426,0,-204299986,0,21015685,0,10770066,0,-1535766,0,-98862,0,14061,0,-238,0,1 # cft deg12 r=16
699666151733,-5538140988268,1971668019454,-160297354120,1167706368629,38843677056,-227294765634,-58217723060,501267006,2284805548,3098088254,1095011200,-33294651,-51282464,-17005366,-1748972,-30730,76372,13546,-928,-179,-24,42,12,1 # cft deg12 r=8
1,0,-226,0,1465,0,75814,0,184442,0,-123754,0,-459615,0,-251054,0,2022,0,28234,0,5125,0,154,0,1 # cft deg12 r=8
1097960704,-592212992,1129149440,-81793024,603688448,22009600,30836224,238982144,65660736,-119235328,29395392,56605632,-18347936,-16619968,3920096,2914368,-415568,-310992,21808,20160,-220,-736,-28,12,1 # cft deg12 r=0
1,0,194,0,-8495,0,48091,0,35494,0,-758553,0,1730324,0,-1558047,0,586616,0,-62963,0,-5349,0,-51,0,1 # cft deg12 r=16
28561,0,-656903,0,2902237,0,11626524,0,-38426206,0,5211791,0,27703299,0,-9907586,0,-1752144,0,1031842,0,-88444,0,-2316,0,1 # cft deg12 r=16
1,0,11,0,-17132,0,104500,0,16834,0,-217833,0,-210091,0,-74184,0,-8323,0,1111,0,369,0,33,0,1 # cft deg12 r=8
256,0,-29504,0,264800,0,7169600,0,-30712815,0,-113880194,0,34498397,0,26088025,0,-3455754,0,-618765,0,29911,0,-339,0,1 # cft deg12 r=16
2157961,0,56355923,0,347745320,0,554071297,0,108777215,0,-152954919,0,-50097090,0,3145818,0,1683194,0,-5564,0,-12367,0,338,0,1 # cft deg12 r=8
1,0,33,0,369,0,1111,0,-8323,0,-74184,0,-210091,0,-217833,0,16834,0,104500,0,-17132,0,11,0,1 # cft deg12 r=8
169,0,15210,0,371709,0,3072251,0,8115714,0,8872023,0,4912332,0,1523581,0,278912,0,30649,0,1979,0,69,0,1 # cft deg12 r=0
97515625,0,-949537500,0,1377146250,0,3496221500,0,-8316171225,0,3740160600,0,-8224140,0,-80502120,0,4292991,0,130052,0,-10686,0,108,0,1 # cft deg12 r=16
61305517841,139670863488,-448362156378,-439781345664,794222206665,518927855616,-643688943234,-335406043008,267451197042,122564298112,-62629276746,-24626009088,9427242537,2767569024,-931926126,-170622592,57030450,5428992,-1997702,-77952,36681,384,-318,0,1 # cft deg12 r=16
2496400,0,30780000,0,44690640,0,-71250080,0,-120113424,0,9996480,0,37941576,0,7076520,0,-539964,0,-122480,0,-3384,0,60,0,1 # cft deg12 r=8
-23234975,478518000,221203950,-2251956400,172014345,1482774360,656574390,29711520,-747059094,-364180976,158115102,165279072,36903601,-33508824,-16874478,3242576,2360922,-147360,-164022,3168,6297,-24,-126,0,1 # cft deg12 r=16
6241,0,276,0,-598878,0,-2335868,0,-1055337,0,5192712,0,6390548,0,2429112,0,222903,0,-26428,0,-918,0,36,0,1 # cft deg12 r=8
-2683863664,5023815744,12142149408,6731015104,-4651678032,-4149474432,-805175264,-14838240,279386880,-383295328,-385814928,79759488,117513096,242928,-18429864,-1380336,1847964,157824,-122048,-7992,5124,168,-120,0,1 # cft deg12 r=8
97515625,0,1875787500,0,11513621250,0,27210663500,0,25609688775,0,11150951400,0,2562841860,0,332841240,0,24905151,0,1051148,0,23514,0,252,0,1 # cft deg12 r=0
11449,0,-10252242,0,-1115215139,0,-2148090850,0,11825951302,0,-4874969354,0,-7171703707,0,4554023614,0,-542058386,0,20944926,0,-260107,0,166,0,1 # cft deg12 r=16
1369,0,-183446,0,1488177,0,89620142,0,-25057398,0,-696250030,0,338106873,0,99463686,0,-49603962,0,5136922,0,-119747,0,430,0,1 # cft deg12 r=16
2554882560000,0,-7823618150400,0,528176489472,0,-23796657152,0,81296482816,0,-21847295232,0,2611128896,0,-175446848,0,7253024,0,-205360,0,4900,0,-100,0,1 # cft deg12 r=8
1,0,780,0,-121474,0,1550812,0,2105999,0,-48733552,0,130214388,0,-110530480,0,17261583,0,-56188,0,-27522,0,436,0,1 # cft deg12 r=16
2554882560000,0,-2248296652800,0,809376565248,0,-839599216640,0,233142218496,0,-27619138560,0,1638043392,0,-52212480,0,1757424,0,-118240,0,5448,0,-120,0,1 # cft deg12 r=8
9649547002384,0,-33715303557760,0,19126480996192,0,-4618735331680,0,592669826032,0,-45065274160,0,2101401208,0,-61878160,0,1682008,0,-85480,0,4012,0,-100,0,1 # cft deg12 r=8
1,0,280,0,25530,0,962872,0,15379663,0,103949072,0,253525100,0,115466256,0,18192847,0,1152344,0,30266,0,312,0,1 # cft deg12 r=0
105245741056,0,-95365459968,0,41292198912,0,-22594698240,0,10828853760,0,-3080086272,0,571069248,0,-77404224,0,7119264,0,-393616,0,11988,0,-180,0,1 # cft deg12 r=16
83521,0,4688158,0,-270930643,0,-513475266,0,3829794314,0,-5143900502,0,2836733673,0,-688011542,0,54651310,0,1974698,0,-97071,0,-290,0,1 # cft deg12 r=16
-36550901,-563188394,-2223796678,-2110982100,-1044845826,-426143880,73507961,214361514,131563691,44369280,7676080,-10645592,-11496019,-1851334,2212076,847712,-211985,-144526,2949,12066,1037,-452,-63,6,1 # cft deg12 r=12
83521,0,1697297,0,-26684263,0,-142794285,0,753545861,0,-800932750,0,31833231,0,107693504,0,-13315217,0,-721307,0,-5154,0,104,0,1 # cft deg12 r=12
73984,0,-1490176,0,-1567744,0,110158656,0,-157130560,0,-713803840,0,340903056,0,383850080,0,69602800,0,3084292,0,-9324,0,-328,0,1 # cft deg12 r=12
289,0,-12746,0,-99971,0,3407290,0,844026,0,-16436242,0,-12789051,0,2264550,0,1717642,0,-244478,0,-9587,0,174,0,1 # cft deg12 r=12
1,0,-223,0,8245,0,-75753,0,-467551,0,5861234,0,10523123,0,-26672536,0,13099279,0,-1739883,0,26750,0,1152,0,1 # cft deg12 r=16
24137569,0,567775758,0,3223003429,0,1652950750,0,-14061313354,0,5216480066,0,1604061509,0,-175901386,0,-40806622,0,-1376522,0,13105,0,738,0,1 # cft deg12 r=8
169,0,13013,0,-3324763,0,88669867,0,-404693899,0,178433850,0,145329351,0,-6473340,0,-2979361,0,93121,0,7802,0,-184,0,1 # cft deg12 r=16
73984,0,-13620992,0,-129019648,0,-411701184,0,-561687232,0,-313638656,0,-29747952,0,29134480,0,7164112,0,-108652,0,-99720,0,-440,0,1 # cft deg12 r=8
289,0,61471,0,1607098,0,-24191502,0,71107583,0,-18393002,0,-91936873,0,11734270,0,17868127,0,-1150734,0,-109570,0,-645,0,1 # cft deg12 r=12
1,0,1297,0,-52211,0,-322605,0,18045125,0,35057662,0,-12756601,0,-43464872,0,-9542405,0,991845,0,16514,0,-792,0,1 # cft deg12 r=12
289,0,1237,0,-39211,0,-230545,0,176081,0,1885194,0,-772761,0,-2586264,0,1692443,0,-286663,0,10970,0,232,0,1 # cft deg12 r=12
20356729,309398412,721155683,-84797394,-1401244440,-586028254,853386112,512502084,-225460067,-152068494,71120500,40015824,-23203091,-14252866,2415552,2526272,149,-244106,-19268,13808,1700,-426,-63,6,1 # cft deg12 r=12
289,0,608,0,-21538,0,-48644,0,111263,0,187104,0,-234492,0,-153960,0,107327,0,47008,0,5150,0,140,0,1 # cft deg12 r=8
55773326311,49686368756,55175156197,36355752564,25105083940,12258964166,6234249368,2382257486,876187069,246462114,84274712,18027766,3452373,2160846,1873020,406274,-120435,-62862,6236,6502,458,-274,-33,6,1 # cft deg12 r=0
400,0,-16000,0,68960,0,862240,0,-4139344,0,-4522336,0,9745032,0,4231552,0,-456600,0,-95832,0,8172,0,-184,0,1 # cft deg12 r=16
1585081,0,-13640480,0,32703602,0,-9081064,0,-22767801,0,3699824,0,5085924,0,-85408,0,-359793,0,-17392,0,4394,0,-152,0,1 # cft deg12 r=16
-180613120,1391902720,-3739197440,3039150080,3683096576,-7498809344,675377152,5604497408,-2007570688,-2156679168,917141504,503409664,-171808000,-82240000,12259584,10356736,624,-844480,-50528,37888,3384,-864,-96,8,1 # cft deg12 r=16
306049280,-106055680,-14742663680,-40391851520,-22893457664,31717959168,38060945920,300649728,-14327107840,-4342777984,1590195712,802796800,-50741344,-34642176,17692512,4010976,-2199584,-706304,57728,42512,1888,-1000,-96,8,1 # cft deg12 r=16
400,0,-38400,0,66240,0,388960,0,-1018144,0,290016,0,773928,0,-503520,0,-14464,0,42520,0,1032,0,-88,0,1 # cft deg12 r=16
400,0,3200,0,-29440,0,-70240,0,274496,0,-27200,0,-241304,0,116960,0,4736,0,-10040,0,1616,0,-80,0,1 # cft deg12 r=16
-62885591510879,-96761260387052,268353167163410,-4801746189236,-154455184352219,23178204677220,45496182036618,-6550345967984,-7901256050326,542071651540,793474429666,34303362372,-40348555859,-8726119028,581977206,488354240,34041514,-7739204,-1297922,-69060,2981,1164,230,8,1 # cft deg12 r=8
-240998499239,2916018667228,10650976703114,9330830293116,-2703990697931,-6950657908852,-1728388899790,1322517519328,613885142170,-80550959556,-66565891926,4019712708,3873389733,-687002620,-236340698,53762512,12072378,-2293036,-383138,71468,9461,-1244,-154,8,1 # cft deg12 r=16
-19825471459,1290371684,316922955998,208300787340,-1310976024223,-1696723989196,298258603470,1428812634208,633918184238,-168570143836,-217230114850,-48518635852,12628510473,7730130524,765520890,-250418512,-63846762,-2522996,456170,53148,12297,2140,122,8,1 # cft deg12 r=16
-22431791059,42879017764,34590378114,-78668818196,3065119437,44074266812,-17060844898,-12786303152,9695153982,2471353012,-3091879030,-291335676,663229461,2716788,-93396190,4771936,8081590,-657636,-406586,37116,11397,-924,-166,8,1 # cft deg12 r=16
250000,0,14400000,0,43840000,0,-76000,0,-115325600,0,-129281600,0,-52185560,0,-6174400,0,692416,0,143464,0,376,0,-336,0,1 # cft deg12 r=8
1585081,0,-14402090,0,44505757,0,-47801346,0,-7359146,0,32570846,0,-3885711,0,-5172502,0,534202,0,6482,0,-1471,0,2,0,1 # cft deg12 r=16
-606660524875,-30626219500,1126613277750,233072521500,-685566313375,-177785920100,197163142750,56196251200,-30005447450,-9006011980,2992811990,846128660,-337036919,-70113420,37397322,8480256,-2447826,-807156,60354,40892,1257,-972,-86,8,1 # cft deg12 r=8
-63484098179,-513365640852,-977077867706,-126890908244,618278557809,274629995508,-93075277290,-79983576112,-19413985170,-10149433076,-4823705386,1133446868,1680044713,423390060,-39535998,-31012848,-3047802,-43356,-105198,-9332,3401,236,-14,8,1 # cft deg12 r=8
19435440625,-25255262500,-40125603750,26466125500,18547119525,-33589626100,-19415623550,9366722400,5477238610,-2152522020,-781811350,568765540,146297541,-69836540,-11441978,8422256,1043554,-702956,-83106,33612,3797,-892,-106,8,1 # cft deg12 r=8
1347025,-840372900,-11495334550,-51856835300,-91739301915,-41415490660,53914464450,54198309920,-194374814,-12261668196,-2012586198,738753796,44345989,-40982636,20753558,9191984,-1087742,-811564,-14722,32108,2085,-748,-74,8,1 # cft deg12 r=16
80593163741,-24158498300,-313807503998,-165080488868,243726161549,232679707716,-21676976074,-74178931184,2594248838,21637975924,264480490,-6428806524,-1851728835,524986620,342734466,25981904,-17430370,-3666436,256558,136316,5605,-1876,-166,8,1 # cft deg12 r=16
-12259728475,81518099100,-65279533150,-226007033300,16751315005,114540885820,-645599970,-14071092800,4841735086,-230686516,-1343924598,-36927644,95307949,8005684,-8621622,2747904,1380838,-430604,-111122,24268,4405,-668,-94,8,1 # cft deg12 r=16
1585081,0,14402090,0,44505757,0,47801346,0,-7359146,0,-32570846,0,-3885711,0,5172502,0,534202,0,-6482,0,-1471,0,-2,0,1 # cft deg12 r=8
250000,0,-14400000,0,43840000,0,76000,0,-115325600,0,129281600,0,-52185560,0,6174400,0,692416,0,-143464,0,376,0,336,0,1 # cft deg12 r=16
-26927279395,-87573105300,171881985670,277434944380,-325347647759,-164706306660,194415207790,33661306896,-55161240906,2051807692,9084063526,-1972317612,-1026315615,306459412,84630226,-18265696,-4633042,212644,147722,18060,-2391,-716,-14,8,1 # cft deg12 r=8
-162644387795,831087227500,-45406895750,-1204743894180,386417414301,1133515561220,-1565666674,-384753742624,27633110758,152061416988,44101728626,-2478824956,2193859821,3675814444,949515594,-108100176,-85712306,-9423788,1680470,445932,15749,-3780,-302,8,1 # cft deg12 r=8
-7719438848039,-7449111068260,8333549991482,18730232483612,16267993817189,10586367855836,6446911554706,3317334324896,1236493341258,322586333884,66250786410,12269367076,961281845,-394124460,-103173514,-4934896,-33830,-37036,958,-5364,-1835,-396,-26,8,1 # cft deg12 r=8
1,0,33,0,-2391,0,34331,0,-152235,0,239166,0,-31161,0,-157464,0,2907,0,15377,0,-402,0,-84,0,1 # cft deg12 r=16
1,0,-87,0,-2211,0,12379,0,19053,0,-123174,0,54483,0,60696,0,-25173,0,-4631,0,246,0,48,0,1 # cft deg12 r=12
1,0,48,0,246,0,-4631,0,-25173,0,60696,0,54483,0,-123174,0,19053,0,12379,0,-2211,0,-87,0,1 # cft deg12 r=12
-299322027,1088319888,-1533650598,1226380968,-564789807,-133309800,451468738,-283454616,2776470,130240024,-55288818,-32502072,15061061,3813312,-1129698,185488,174090,-48552,-37834,2304,3189,-56,-102,0,1 # cft deg12 r=8
729,0,20412,0,-161838,0,-1841535,0,2753271,0,5558868,0,-5159529,0,-4946670,0,1726065,0,285123,0,-19899,0,33,0,1 # cft deg12 r=12
2304,0,193536,0,-2147328,0,5623104,0,145152,0,-8076288,0,1570768,0,3593520,0,-639552,0,-474124,0,70596,0,540,0,1 # cft deg12 r=12
-371099843,-702625008,-2295022743,-962942368,3768714453,-120151560,-4742720489,2257867848,4080812601,-2728420468,-2828828250,739646196,826219551,-79513788,-118741008,3828580,9458271,-77004,-438455,360,11730,4,-168,0,1 # cft deg12 r=12
1,0,-69,0,1182,0,-6386,0,-2709,0,71226,0,32019,0,-102114,0,-40617,0,4306,0,2586,0,147,0,1 # cft deg12 r=12
13689,0,479115,0,3287466,0,-13793130,0,15008607,0,-3086982,0,-4173101,0,2716422,0,-534441,0,12898,0,4494,0,-141,0,1 # cft deg12 r=16
7789681,0,-230841522,0,-2971647159,0,-3291681538,0,5297737266,0,9879129090,0,4600117845,0,465122538,0,-37818594,0,-3757366,0,-34155,0,150,0,1 # cft deg12 r=8
729,0,16767,0,48114,0,-497826,0,-1707237,0,292086,0,1201887,0,244782,0,-54909,0,-12666,0,594,0,147,0,1 # cft deg12 r=8
44431188993,-10669953204,21305960019,48685706772,40634153874,36174690336,20537090854,9902998656,4759472187,1740963304,621150654,17845188,-60880825,-6708768,-5044854,-1260764,269847,13068,23786,348,102,4,-57,0,1 # cft deg12 r=0
169,0,6084,0,-23920,0,-189462,0,592744,0,846658,0,-1219477,0,-826697,0,681554,0,73296,0,-503,0,-95,0,1 # cft deg12 r=12
-11212684337,-23445784872,19304312915,75107851630,25541171861,-56626462902,-32856053779,23878903032,17114546955,-6366871638,-5054879296,1137325428,919861183,-141222550,-107118267,12428654,8035842,-760308,-380084,30184,10686,-666,-161,6,1 # cft deg12 r=12
323761,0,-43571363,0,-209270917,0,939271645,0,-323685872,0,-92821871,0,51117812,0,-2473625,0,-1552490,0,255523,0,-12783,0,146,0,1 # cft deg12 r=16
1,0,-485,0,16272,0,-139395,0,-1973,0,919797,0,-130834,0,-1224810,0,469626,0,146540,0,-45811,0,42,0,1 # cft deg12 r=16
6538249,0,41828822,0,-194842803,0,-148800488,0,365807914,0,136136906,0,-152305926,0,-23971051,0,622583,0,148341,0,524,0,-109,0,1 # cft deg12 r=12
43264,0,-32448,0,-493168,0,512356,0,947469,0,-535665,0,-638668,0,-3159,0,35635,0,2301,0,-324,0,-13,0,1 # cft deg12 r=12
256,0,143808,0,-4768480,0,6322656,0,25867297,0,13409813,0,-2994109,0,-1779958,0,-6817,0,37710,0,3382,0,104,0,1 # cft deg12 r=8
256,0,-81152,0,3186912,0,5758748,0,-39691283,0,15277435,0,3128796,0,-884690,0,-52498,0,13203,0,-208,0,-32,0,1 # cft deg12 r=16
43264,0,129792,0,-4900064,0,11991980,0,-4291663,0,-5164430,0,361313,0,466324,0,4562,0,-11818,0,-464,0,24,0,1 # cft deg12 r=12
1,0,-34,0,-4341,0,88084,0,1435111,0,2562242,0,-391617,0,-1533790,0,58142,0,13290,0,-472,0,-28,0,1 # cft deg12 r=12
66049,0,-4983236,0,-45416086,0,-100473498,0,-28389289,0,40923688,0,22889913,0,2554096,0,-440651,0,-77608,0,1911,0,454,0,1 # cft deg12 r=8
1,0,-81,0,-688,0,12788,0,38910,0,-311517,0,-1138867,0,-1428552,0,-817619,0,-206613,0,-14499,0,1213,0,1 # cft deg12 r=8
-261438371,430281220,5090710813,1348615054,-10351281089,-15167196662,-10354420991,-2872500478,1608917009,2127237272,846699416,-84506792,-204633807,-54078152,13401143,8830082,166172,-646962,-67198,26568,3762,-602,-95,6,1 # cft deg12 r=12
169,0,-5070,0,-43667,0,199771,0,221770,0,-740901,0,-110496,0,671837,0,-104256,0,-86735,0,-6137,0,265,0,1 # cft deg12 r=12
31024555264,77598652288,429038541184,215313163104,-86347896912,-148881407944,-33111499544,33823996058,22517944955,1947544220,-2871953166,-1009232876,54549699,98781060,18614716,-3211182,-1889456,-133962,65116,16210,129,-582,-50,6,1 # cft deg12 r=0
160000,0,-41472000,0,95814400,0,5077707520,0,-10907319104,0,6035292800,0,404896,0,-370342880,0,34090816,0,1240400,0,-217604,0,5760,0,1 # cft deg12 r=16
1,0,-594,0,10357,0,744842,0,2074918,0,-40351738,0,89827693,0,-35987858,0,-2409042,0,1067082,0,-12963,0,-74,0,1 # cft deg12 r=16
-696665189120,202392366080,4378651194880,-6081546088960,1995058854656,-83154967296,276564873216,-83341487360,-10415950784,-6674904192,321788800,40854720,99952800,27159360,15367872,922528,-1227968,-219920,58272,12688,-2012,-648,0,12,1 # cft deg12 r=8
-1376783104,1927654400,5291942400,-17592459776,23770418944,4442788096,-38481053952,16007174912,19788928064,-12430271872,-4904340096,3840223424,688217376,-627788864,-61900992,59166496,4047680,-3274960,-199536,104144,6708,-1752,-128,12,1 # cft deg12 r=16
1,0,594,0,10357,0,-744842,0,2074918,0,40351738,0,89827693,0,35987858,0,-2409042,0,-1067082,0,-12963,0,74,0,1 # cft deg12 r=8
160000,0,41472000,0,95814400,0,-5077707520,0,-10907319104,0,-6035292800,0,404896,0,370342880,0,34090816,0,-1240400,0,-217604,0,-5760,0,1 # cft deg12 r=8
14295655525,-6542300500,11301594900,-4577197500,3449145910,-2339827420,303551580,2813828220,-139712649,-1511773064,327927784,469950376,-111510940,-88177464,17621912,10782008,-1387517,-843492,48452,40532,134,-1068,-52,12,1 # cft deg12 r=0
39601,0,-120459,0,-2965923,0,8889767,0,39275733,0,-60914598,0,-58490777,0,63416832,0,-9815457,0,281877,0,6882,0,-204,0,1 # cft deg12 r=16
7980383051,-19273136946,-79651734804,51842611980,171476724090,329783142,-83762883933,-27269666730,2750296551,8324021488,2232866916,344353680,-398043263,-291725082,17450550,36707684,1491975,-2195940,-192895,69006,8217,-1066,-153,6,1 # cft deg12 r=16
625,0,-46875,0,818625,0,4730875,0,-129560475,0,429664650,0,-162485705,0,11310480,0,1494291,0,-74283,0,-3546,0,48,0,1 # cft deg12 r=16
52441,0,304089,0,-10539363,0,29879623,0,-4123767,0,-38768322,0,9255143,0,2960928,0,-785817,0,9173,0,4722,0,-156,0,1 # cft deg12 r=16
6400,0,-249600,0,-226560,0,17697600,0,-15593664,0,-28735680,0,7081616,0,5608320,0,-2160624,0,232740,0,-3324,0,-480,0,1 # cft deg12 r=16
15625,0,-759375,0,5105625,0,83892875,0,-288680475,0,-267952350,0,1569884035,0,-1159438080,0,-122593749,0,617733,0,31374,0,-348,0,1 # cft deg12 r=16
15625,0,1884375,0,50546250,0,164860250,0,-707712225,0,-868576950,0,705729235,0,748537650,0,-3098109,0,-941058,0,-11166,0,63,0,1 # cft deg12 r=8
52441,0,-4640232,0,-62889522,0,73571004,0,1063309023,0,-405971904,0,-88994188,0,29680584,0,1950663,0,-392184,0,15678,0,-228,0,1 # cft deg12 r=16
-928910239,-2736859428,2418007194,10102292218,6521872206,-2138529678,-5053335939,-3129755034,-355619445,1006917396,706965384,38774136,-148340113,-49504428,11110296,7875518,-16335,-619158,-51971,27276,3561,-634,-99,6,1 # cft deg12 r=16
1,0,-153,0,3066,0,-5890,0,-144585,0,59562,0,824059,0,-1139358,0,328035,0,68990,0,-4014,0,-213,0,1 # cft deg12 r=16
25,0,-1200,0,-129210,0,-841940,0,-1458129,0,520320,0,2815476,0,1471800,0,204471,0,-12400,0,-2874,0,60,0,1 # cft deg12 r=8
1,0,84,0,-17586,0,392745,0,3124635,0,-54400356,0,162145291,0,-42940734,0,3219765,0,3595,0,-5091,0,21,0,1 # cft deg12 r=16
1311025,0,5694825,0,-1553715,0,-18415325,0,-3836679,0,11931210,0,1330219,0,-663840,0,-125289,0,-1835,0,894,0,60,0,1 # cft deg12 r=8
1,0,-117,0,-9354,0,-32750,0,4146555,0,13751658,0,3167899,0,-9211422,0,-6531525,0,-1554830,0,-134934,0,-3057,0,1 # cft deg12 r=8
167281,0,8980884,0,164296662,0,1184373753,0,3076559703,0,1931232168,0,-911191697,0,20318778,0,12019713,0,-230357,0,-9903,0,9,0,1 # cft deg12 r=8
-1906650329,-2090317746,12479081475,20275606066,-11954486778,-39042587586,-16782098954,16515520032,23758015287,10832391522,-3160252422,-6407431296,-2726578197,-64801686,274004022,59687300,-8250009,-4020558,-86698,113808,9612,-1420,-177,6,1 # cft deg12 r=16
39601,0,-913107,0,-6837987,0,16601399,0,84871533,0,-167130174,0,-66767673,0,159596304,0,-58369497,0,5602861,0,-178602,0,1752,0,1 # cft deg12 r=16
256,0,-5376,0,-188928,0,27968,0,10062528,0,-28199232,0,2368528,0,5445888,0,-928272,0,-69532,0,6972,0,-156,0,1 # cft deg12 r=16
1,0,423,0,17826,0,-271970,0,-1813065,0,20356038,0,34506799,0,-82561602,0,-30938805,0,-1499210,0,-20814,0,3,0,1 # cft deg12 r=8
25,0,2325,0,-46215,0,313355,0,-917679,0,1007850,0,78259,0,-609660,0,102351,0,20385,0,-2166,0,-60,0,1 # cft deg12 r=16
4389025,0,641883675,0,-2582792190,0,-6573594350,0,5571281451,0,4119099510,0,-1180660961,0,-749722230,0,-87994869,0,-3171330,0,-37626,0,-45,0,1 # cft deg12 r=8
1,0,123,0,3726,0,-21950,0,-1354125,0,-3722802,0,10196179,0,-3722802,0,-1354125,0,-21950,0,3726,0,123,0,1 # cft deg12 r=8
555025,0,-32498825,0,70865410,0,7162065610,0,-66285993829,0,202606907410,0,-212879837861,0,58317731210,0,-4657818769,0,-10646290,0,275734,0,1175,0,1 # cft deg12 r=16
77841,0,-9023589,0,27135810,0,240657630,0,-105361169,0,-194861570,0,103474159,0,12935950,0,-7899069,0,-742750,0,54250,0,-469,0,1 # cft deg12 r=16
1,0,-47,0,-215,0,4495,0,-9919,0,-17810,0,42811,0,3080,0,-18109,0,5585,0,-350,0,-28,0,1 # cft deg12 r=16
1,0,23,0,-810,0,4530,0,2331,0,-48890,0,90551,0,-59710,0,11151,0,2190,0,-630,0,7,0,1 # cft deg12 r=16
6561,0,-172044,0,-17103150,0,-49768515,0,632664091,0,-985412420,0,-52403621,0,213035890,0,-48191919,0,3024575,0,-54815,0,161,0,1 # cft deg12 r=16
1798281,0,192061125,0,-6927285087,0,-7422704793,0,62020236229,0,3942416742,0,-40378499829,0,1490111904,0,1210090367,0,-105199131,0,682446,0,-1464,0,1 # cft deg12 r=16
-103491131405,34016710250,172471571340,-26309294680,-138476754214,-20819072006,45989953319,16692219786,-4693142449,-3081726552,-185307316,135414400,35230945,2148162,-212530,1604520,338191,-267860,-67715,14190,4233,-302,-109,2,1 # cft deg12 r=8
56175025,0,-14173725825,0,486778934110,0,-440610133870,0,-3348806652669,0,-370208073006,0,460920583483,0,-30303966930,0,-1938848909,0,209332690,0,-4727058,0,9083,0,1 # cft deg12 r=16
625,0,116375,0,-1436350,0,-30046670,0,306056571,0,7480366,0,-2519626517,0,-345667570,0,1432748871,0,-41836570,0,357302,0,-1073,0,1 # cft deg12 r=16
961,0,-5023,0,-95811,0,795187,0,-1928183,0,1541598,0,83419,0,-413964,0,20019,0,24149,0,-938,0,-120,0,1 # cft deg12 r=16
1,0,6463,0,993550,0,11023630,0,-330917389,0,766177930,0,2010438091,0,884878370,0,41352191,0,-2589730,0,-91250,0,287,0,1 # cft deg12 r=8
1,0,484,0,-125006,0,5468185,0,-63751645,0,200640604,0,75134971,0,-204079174,0,-53369155,0,28821635,0,-111371,0,-319,0,1 # cft deg12 r=16
1038361,0,219910839,0,3004280902,0,-20103258742,0,11160838023,0,30975015258,0,6717551923,0,509557518,0,12030343,0,-196862,0,-9018,0,-1,0,1 # cft deg12 r=8
24025,0,1851325,0,-230222335,0,-80563425,0,622047321,0,202507346,0,-108250537,0,-32419720,0,830291,0,606365,0,35682,0,612,0,1 # cft deg12 r=8
1946025,0,78279075,0,414641610,0,-7623176250,0,-3714594929,0,1910411574,0,997320083,0,-39561450,0,-44479749,0,-2394750,0,93722,0,1383,0,1 # cft deg12 r=8
1,0,-1677,0,636750,0,5862230,0,-7949649,0,-62318730,0,118734971,0,-22328970,0,-51721509,0,20485450,0,818730,0,-3453,0,1 # cft deg12 r=16
256,0,4608,0,-329216,0,3550528,0,-80448,0,-139603968,0,514532944,0,-445446576,0,-188495936,0,17618756,0,-232128,0,-920,0,1 # cft deg12 r=16
22201,0,-366353,0,-6395182,0,104601426,0,-175514997,0,88093634,0,-2443873,0,-6991414,0,627803,0,181874,0,-7422,0,-1137,0,1 # cft deg12 r=16
1,0,-3693,0,-935074,0,-19821450,0,-141377325,0,-326029698,0,-6253361,0,53194002,0,-2387025,0,-711750,0,-21274,0,-93,0,1 # cft deg12 r=8
1,0,-1416,0,-826330,0,15111465,0,-66125769,0,-135950100,0,1065705439,0,-386177010,0,-124526379,0,796275,0,122525,0,-1671,0,1 # cft deg12 r=16
1,0,-121,0,-238,0,4438,0,-7257,0,-6542,0,19563,0,-6542,0,-7257,0,4438,0,-238,0,-121,0,1 # cft deg12 r=16
1,0,159,0,-3658,0,-106202,0,-515697,0,-62162,0,1521323,0,-62162,0,-515697,0,-106202,0,-3658,0,159,0,1 # cft deg12 r=8
1,0,18789,0,40417,0,-607657,0,843373,0,839938,0,-1369157,0,-335632,0,321643,0,99673,0,3562,0,-396,0,1 # cft deg12 r=12
1,0,173,0,3101,0,9575,0,-43775,0,-170302,0,170679,0,644648,0,18175,0,-267975,0,46426,0,-1352,0,1 # cft deg12 r=12
25346928655,40245201320,18722777415,53565860880,82047502836,18102822362,-41343131346,-38150384792,-8860269883,8404116462,6404049394,221551308,-1153970663,-277400178,95806174,39300348,-3377223,-2645938,-22326,95568,5942,-1638,-161,8,1 # cft deg12 r=12
1,0,-76,0,-158,0,21508,0,18863,0,-483512,0,-1083172,0,-483512,0,18863,0,21508,0,-158,0,-76,0,1 # cft deg12 r=12
9025,0,-496375,0,-18957915,0,533860955,0,-1120162879,0,-2440367790,0,-51653089,0,987255300,0,274168631,0,10443665,0,-216294,0,20,0,1 # cft deg12 r=12
1957201,0,-7726371,0,-33914043,0,34374163,0,111793353,0,-18808042,0,-114091217,0,-31386192,0,14761863,0,4229453,0,-16818,0,-296,0,1 # cft deg12 r=12
7385441561,9437109072,-133059645029,176055755682,91512222161,-197060398032,-72927920937,124166369978,43954756273,-49031962152,-10853250276,9860743920,1546503059,-1113260840,-143707096,76482532,9037903,-3291228,-380937,86642,10186,-1272,-154,8,1 # cft deg12 r=16
1,0,389,0,35297,0,222483,0,-2357727,0,-14504402,0,15137403,0,-2514632,0,-808637,0,89293,0,13702,0,384,0,1 # cft deg12 r=8
885481,0,-343628622,0,20880122793,0,-53495061646,0,50972154138,0,-22316909454,0,4891293897,0,-572009346,0,36914058,0,-1328194,0,26073,0,-258,0,1 # cft deg12 r=24
234135015625,0,-4332636288750,0,4401876369705,0,-2129021949890,0,621174641766,0,-117652710510,0,14729546729,0,-1209231450,0,63451446,0,-2034790,0,36969,0,-330,0,1 # cft deg12 r=16
20215152400,0,-78356596800,0,102049906080,0,-57381966880,0,18298262736,0,-3714958512,0,505686968,0,-51150144,0,3949320,0,-213464,0,7188,0,-132,0,1 # cft deg12 r=16
1,0,-390,0,46293,0,-1669022,0,-4849206,0,30964938,0,15234461,0,-10081014,0,-1993698,0,1133786,0,-114759,0,2634,0,1 # cft deg12 r=16
2481743376025,0,-9551440129350,0,10388075871285,0,-5479276129970,0,1577015045646,0,-270828235470,0,29351282249,0,-2049180930,0,91533666,0,-2532190,0,40569,0,-330,0,1 # cft deg12 r=16
2226795140025,0,-1852771105350,0,667638649665,0,-143580675330,0,18758983266,0,-1723351950,0,126353601,0,-7028370,0,372366,0,-37710,0,2781,0,-90,0,1 # cft deg12 r=8
1,0,330,0,17097,0,319174,0,2324754,0,3867066,0,-13488711,0,-5825682,0,1473462,0,43882,0,-11091,0,222,0,1 # cft deg12 r=8
11449,0,2685943,0,-44068350,0,89736438,0,366108731,0,-1527548254,0,1973609023,0,-1060216306,0,213551779,0,-5912394,0,-37226,0,1343,0,1 # cft deg12 r=16
1369,0,-65712,0,-7281230,0,-63532959,0,43434703,0,41850696,0,-28355417,0,-3294834,0,3428381,0,-300585,0,-13843,0,141,0,1 # cft deg12 r=12
1,0,-771,0,-20783,0,-124377,0,128973,0,409790,0,-339433,0,-254096,0,250211,0,-38927,0,-4202,0,496,0,1 # cft deg12 r=12
1,0,-652,0,100894,0,-3835375,0,-34516069,0,1247742508,0,2008508031,0,730504486,0,-18710335,0,-5293545,0,188177,0,-911,0,1 # cft deg12 r=16
729,0,61722,0,-1391715,0,-6813334,0,-4837702,0,16108390,0,28115201,0,14116950,0,1811214,0,-173226,0,-3647,0,58,0,1 # cft deg12 r=8
19321,0,-5583764,0,-215628238,0,8644293109,0,12194809211,0,-888346948,0,-3280471301,0,-260336690,0,137628661,0,-171601,0,-28595,0,61,0,1 # cft deg12 r=12
11449,0,-4770362,0,-429256959,0,-3280240926,0,-490074922,0,26131306330,0,-11357720815,0,-285373774,0,32941306,0,173222,0,-11435,0,-18,0,1 # cft deg12 r=12
1,0,265,0,-13475,0,23531,0,370373,0,-1341258,0,790071,0,1089352,0,-262413,0,-222667,0,-12934,0,-160,0,1 # cft deg12 r=12
19321,0,1223400,0,-104773378,0,94986689,0,7550156015,0,-23789210424,0,7191820367,0,2316494750,0,127175325,0,-924201,0,-94915,0,769,0,1 # cft deg12 r=12
1,0,-1445,0,549430,0,-59884122,0,1913390747,0,2455471654,0,632224211,0,-61429046,0,-7453637,0,202302,0,11402,0,-225,0,1 # cft deg12 r=16
4592449,0,66480271376,0,2502828205890,0,-2750364734803,0,-3039293081397,0,158644129444,0,427446079415,0,6566351582,0,-16680055439,0,-78151649,0,839829,0,4321,0,1 # cft deg12 r=8
1369,0,110889,0,-1627075,0,-12772437,0,26758333,0,8345814,0,-20676697,0,-1834008,0,3731423,0,77277,0,-47086,0,-456,0,1 # cft deg12 r=12
-822881625229,-4435088756140,10031959089823,18456528909100,5369424921449,-2139380791806,-3338630685619,904546356712,151757480295,143606952386,-67732239250,-40198663788,18784172143,2459293348,-1767280368,-40568544,82579061,-1155812,-2175965,54892,33128,-778,-276,4,1 # cft deg12 r=8
-692972212028,-95737769147424,121870909036672,43354292084672,-85596094837956,-15452612502896,30544650782320,4775593094976,-6341420515623,-1048673212960,768162700440,111834094928,-40565525632,-7688738032,447403296,256118848,58339058,-8590336,-589656,-120464,12628,-352,272,0,1 # cft deg12 r=8
4155460612,-84163069024,-177651971632,275979108560,-72696475572,-287761357728,21764603128,125290392552,6060752137,-27395182024,-3718528000,3486855672,777403948,-278532440,-90930992,14489784,6581914,-494904,-300176,10456,8432,-104,-136,0,1 # cft deg12 r=8
64,0,3968,0,-355552,0,-25574048,0,-412530508,0,-696627872,0,-342022828,0,9486016,0,35745133,0,3260308,0,-195250,0,972,0,1 # cft deg12 r=8
3508129,0,-343540748,0,-3865474886,0,6255680724,0,16248754015,0,-27672980696,0,5207877900,0,1513940296,0,-237280577,0,6789540,0,63226,0,-2396,0,1 # cft deg12 r=16
65536,0,147456,0,-15559168,0,39668800,0,77284497,0,-241384736,0,30279624,0,146471848,0,-76356930,0,11734144,0,-314872,0,-3176,0,1 # cft deg12 r=16
1,0,-492,0,-10402,0,275308,0,6300735,0,30065704,0,-752892,0,-10219784,0,436671,0,302212,0,14750,0,220,0,1 # cft deg12 r=8
-5582804464,67928842496,-113247446784,-495780868544,78494639296,528619638592,-7757573920,-230091794976,-4936133976,47903762912,782153296,-4638623728,70876936,160408848,2250136,4876136,-975367,-123624,7148,-5976,1870,-8,4,0,1 # cft deg12 r=8
66048368679,-124011156654,-30686892795,43535892930,213827340836,-262586328414,37838016392,95139059216,-52932192420,-4958110130,12436844246,-2702137864,-1005928319,520094520,-8634296,-36902288,5513688,1227820,-336535,-17134,9901,-18,-153,2,1 # cft deg12 r=8
253577124032,-728558319296,687621543392,-64866125968,-341405776236,288627995496,-134005776139,54327462068,-12489137218,-9024633842,8841470250,-2014075940,-710099985,440803194,-24538637,-31658928,6149085,1014226,-356131,-11794,10182,-74,-153,2,1 # cft deg12 r=8
-66221385408,396775310112,-922773523968,992504027736,-326309245472,-326019848264,353527523519,-75741750242,-51460098380,25296327290,4500818404,-4717308844,173106329,481581746,-72326215,-28864632,7047615,973358,-360321,-14278,10194,-20,-153,2,1 # cft deg12 r=8
15625,0,1535625,0,-25200525,0,86357917,0,141172752,0,-634456599,0,686927300,0,-301822185,0,45846318,0,789371,0,-33159,0,126,0,1 # cft deg12 r=16
1,0,-453,0,11592,0,-33892,0,-309150,0,37191,0,460673,0,-132492,0,-113451,0,40987,0,-2163,0,-75,0,1 # cft deg12 r=16
15625,0,307500,0,-2163900,0,-16540886,0,91296306,0,-136665702,0,56771139,0,19105362,0,-10670661,0,-966836,0,141459,0,-1686,0,1 # cft deg12 r=16
1,0,315,0,198,0,-33650,0,86757,0,-44274,0,-35983,0,28659,0,-429,0,-2725,0,579,0,-42,0,1 # cft deg12 r=16
841,0,-12615,0,25665,0,201927,0,-471375,0,159828,0,201305,0,-109653,0,-14358,0,9492,0,864,0,-93,0,1 # cft deg12 r=16
28561,0,-3416673,0,3132918,0,117883894,0,-415487547,0,383881122,0,55820445,0,-132241437,0,29704959,0,1052287,0,-536349,0,-342,0,1 # cft deg12 r=16
6561,0,209952,0,1128492,0,-20142999,0,-222420816,0,-620839728,0,-208367235,0,-12423780,0,1219860,0,79605,0,-1512,0,-72,0,1 # cft deg12 r=8
1,0,-336,0,-44418,0,-748107,0,5526591,0,-8129964,0,1485767,0,2915358,0,-849747,0,-250389,0,19617,0,-363,0,1 # cft deg12 r=16
15625,0,35625,0,-390375,0,-950177,0,1708533,0,3692184,0,-3505951,0,-3566697,0,3641970,0,-764128,0,25728,0,-285,0,1 # cft deg12 r=16
27889,0,-1330782,0,-6874035,0,211576,0,18666000,0,-14748126,0,2434004,0,826482,0,-265032,0,6464,0,3021,0,-150,0,1 # cft deg12 r=16
7975445311,-29380280016,20637415407,80531825762,-226219504323,270053188434,-163676974742,21829265940,41785851618,-31556929318,7367503677,1982177520,-1621581987,268696530,69023766,-33691940,2421318,1268646,-273662,-17250,8934,76,-150,0,1 # cft deg12 r=8
81,0,-5589,0,23004,0,1662120,0,-16892874,0,18190251,0,35246601,0,-4079052,0,-2273139,0,474147,0,-29223,0,513,0,1 # cft deg12 r=16
15625,0,459375,0,3512400,0,8363689,0,2949831,0,-9762795,0,-8343942,0,-2071170,0,-64278,0,26188,0,1077,0,-102,0,1 # cft deg12 r=8
1,0,288,0,-14304,0,-2150631,0,12872436,0,18005940,0,-26000899,0,-40319892,0,-13556280,0,-1365471,0,-4440,0,180,0,1 # cft deg12 r=8
256,0,2880,0,-154416,0,-3223052,0,-18633663,0,-22457724,0,-7884646,0,25506,0,278139,0,2942,0,-1521,0,9,0,1 # cft deg12 r=8
1,0,-68,0,1110,0,-1320,0,-65169,0,276200,0,263876,0,-1315520,0,-616689,0,1045500,0,-6810,0,-4792,0,1 # cft deg12 r=16
4100625,0,-145435500,0,1519491150,0,-5716323495,0,8029176111,0,-3386519388,0,-39566493,0,115805130,0,3758821,0,-550285,0,-15087,0,41,0,1 # cft deg12 r=16
-11122633409,-58721193454,-40749343872,115070941804,232668691938,67760763074,-133004300597,-104542232050,3869089267,31082601852,9809987904,-2363280512,-1951203687,-168149366,147883658,36821112,-4118757,-2353840,-62651,72286,6529,-1070,-141,6,1 # cft deg12 r=16
1,0,16,0,-1310,0,18645,0,-89709,0,29600,0,556059,0,-106550,0,-160959,0,39495,0,-2735,0,41,0,1 # cft deg12 r=16
1,0,-34,0,-8671,0,145810,0,-432030,0,-1744874,0,4619281,0,-1588546,0,50130,0,26810,0,-1231,0,-26,0,1 # cft deg12 r=16
531441,0,-132683103,0,4700726865,0,32682538935,0,-4006034739,0,-13037179770,0,1148668371,0,483678120,0,-69163709,0,2120985,0,10190,0,-492,0,1 # cft deg12 r=16
531441,0,-28402569,0,212262930,0,2137083750,0,3930380851,0,581054610,0,-448139201,0,-137291690,0,-11117869,0,-87490,0,17010,0,371,0,1 # cft deg12 r=8
6046681,0,-47672200,0,-3573572662,0,52220598528,0,-131089752561,0,108202811008,0,-18386794084,0,-7370691824,0,69000887,0,10525576,0,-211974,0,624,0,1 # cft deg12 r=16
1,0,-116,0,-6766,0,195065,0,-1023525,0,52604,0,1126291,0,-388394,0,-141195,0,53875,0,329,0,-79,0,1 # cft deg12 r=16
31640625,0,1740234375,0,9892406250,0,10141593750,0,-10114518125,0,763501250,0,396178975,0,5603750,0,-3160869,0,-163286,0,766,0,139,0,1 # cft deg12 r=8
1,0,41,0,-2735,0,39495,0,-160959,0,-106550,0,556059,0,29600,0,-89709,0,18645,0,-1310,0,16,0,1 # cft deg12 r=16
1,0,57,0,-415,0,-9525,0,13021,0,87350,0,56791,0,-69520,0,-87629,0,-33555,0,-5210,0,-272,0,1 # cft deg12 r=8
160000,0,1888000,0,-11513600,0,-135206080,0,-252418304,0,308840320,0,1021916816,0,388154080,0,-269213264,0,-16781500,0,550096,0,20380,0,1 # cft deg12 r=8
160000,0,-4416000,0,-612038400,0,1898122240,0,2805952896,0,-13924935360,0,12551214944,0,-2120820000,0,-225643344,0,11718560,0,69864,0,-3540,0,1 # cft deg12 r=16
2025,0,438750,0,923985,0,-272735250,0,-764608454,0,-14901082,0,240203353,0,78208226,0,8793810,0,345586,0,-647,0,-182,0,1 # cft deg12 r=8
31640625,0,-801562500,0,2145093750,0,3506390625,0,-8063230625,0,2843635000,0,94547275,0,-118241750,0,2409381,0,1109087,0,-11351,0,-247,0,1 # cft deg12 r=16
1,0,227,0,-874,0,-34350,0,-111425,0,144202,0,535879,0,144202,0,-111425,0,-34350,0,-874,0,227,0,1 # cft deg12 r=8
531441,0,-114318864,0,-2545077510,0,-16920757035,0,-43911565209,0,-44686362420,0,-12351358881,0,1251773790,0,74420521,0,-4131265,0,-112915,0,1441,0,1 # cft deg12 r=8
429981696,0,-3009871872,0,-57689210880,0,150747402240,0,254031261696,0,67744512000,0,-3213506304,0,-2336267520,0,-167551424,0,-4442480,0,-43600,0,-28,0,1 # cft deg12 r=8
11664,0,-712800,0,14494032,0,-115237760,0,431536720,0,-802944720,0,719608520,0,-271718840,0,38901620,0,-2296360,0,52672,0,-460,0,1 # cft deg12 r=24
29929,0,93958,0,-2935403,0,5220430,0,12024790,0,-4303562,0,-1458479,0,607834,0,-9710,0,-15950,0,2017,0,-86,0,1 # cft deg12 r=16
83521,0,-3396906,0,34302009,0,-45650030,0,471810,0,12083214,0,-1842259,0,-760194,0,162090,0,-1830,0,-831,0,6,0,1 # cft deg12 r=16
-27,0,855,0,-1596,0,-2000,0,3840,0,1663,0,-2667,0,-369,0,645,0,-5,0,-49,0,2,0,1 # cft deg12 r=14
9,0,-918,0,-1449,0,7635,0,4995,0,-6357,0,-3611,0,1443,0,903,0,-58,0,-69,0,-3,0,1 # cft deg12 r=12
4096,0,-113664,0,542976,0,937216,0,-81504,0,-393012,0,-2475,0,47691,0,1386,0,-1745,0,-102,0,15,0,1 # cft deg12 r=12
20213013,70992216,124964424,134340042,80157849,-2129064,-33908831,-14127894,6790095,12249260,8424489,2874618,-55531,-633324,-335529,-43216,32814,17424,2894,-690,-468,-76,9,6,1 # cft deg12 r=0
-4560704,20204064,-46187648,79306208,-83386556,34415458,8160027,-16722978,10327141,-3182338,-1811714,2326898,360129,-590140,-155425,64948,43733,1028,-6987,-636,692,34,-42,0,1 # cft deg12 r=8
1,0,39,0,344,0,270,0,-4284,0,-8372,0,29,0,5964,0,630,0,-955,0,-145,0,9,0,1 # cft deg12 r=8
-11680192,-31184992,13062464,97614552,56572636,-77027424,-85817249,23052012,60526051,13982616,-10596858,-663722,3697197,-492458,-1216705,75598,220743,-5828,-24307,266,1630,-8,-62,0,1 # cft deg12 r=8
1,0,27,0,196,0,-34,0,-3284,0,0,0,14001,0,-5880,0,-14190,0,10249,0,-1197,0,-15,0,1 # cft deg12 r=12
1,0,6,0,-217,0,-272,0,6817,0,9730,0,-44589,0,-63742,0,30141,0,7708,0,-2093,0,-78,0,1 # cft deg12 r=12
2602813541888,549176784128,1638674531424,275127815816,527063919676,73328287830,111983694151,13349599662,17374537509,1838275264,2064952274,205472176,192601872,19164470,14280663,1540570,840297,101238,39179,5546,1441,206,41,6,1 # cft deg12 r=0
1042441,0,-8001862,0,10618331,0,-1964238,0,-2884373,0,1129452,0,18178,0,-90564,0,31139,0,-6502,0,779,0,-46,0,1 # cft deg12 r=16
256,0,-75136,0,-500048,0,4111384,0,-1037583,0,-14834680,0,9075300,0,3207048,0,-1709642,0,233944,0,-12140,0,192,0,1 # cft deg12 r=16
59536,0,146368,0,-915960,0,-2805152,0,-1012487,0,2571500,0,1691232,0,-455980,0,-408474,0,-31996,0,2120,0,124,0,1 # cft deg12 r=8
59536,0,-146368,0,-915960,0,2805152,0,-1012487,0,-2571500,0,1691232,0,455980,0,-408474,0,31996,0,2120,0,-124,0,1 # cft deg12 r=16
256,0,75136,0,-500048,0,-4111384,0,-1037583,0,14834680,0,9075300,0,-3207048,0,-1709642,0,-233944,0,-12140,0,-192,0,1 # cft deg12 r=8
1635841,0,-49271922,0,79327535,0,-52843030,0,18380939,0,-3684820,0,608538,0,-148332,0,32619,0,-4634,0,447,0,-30,0,1 # cft deg12 r=8
1948816,0,2100832,0,183528,0,319504,0,230137,0,-211818,0,146517,0,-55994,0,15332,0,-2810,0,349,0,-26,0,1 # cft deg12 r=0
1,0,64,0,452,0,-5338,0,-40852,0,46257,0,175665,0,60327,0,-47872,0,-12568,0,3629,0,-119,0,1 # cft deg12 r=12
49,0,-1519,0,6279,0,84750,0,-126773,0,-171027,0,114065,0,30765,0,-9513,0,-2849,0,-124,0,15,0,1 # cft deg12 r=12
53604927873,111562214652,125652570624,85798680570,38582255421,11864040678,4427107245,3078491076,1898579538,691546284,130549227,19913790,20505046,13264488,3649271,146248,-84585,44370,32366,5238,-758,-336,-12,8,1 # cft deg12 r=0
64,0,1632,0,-3084,0,-305804,0,-1484867,0,2911806,0,44693,0,-475178,0,36784,0,13782,0,-719,0,-38,0,1 # cft deg12 r=12
1024,0,96768,0,-291520,0,-263104,0,667696,0,179968,0,-454836,0,-2092,0,95353,0,-8704,0,-4550,0,380,0,1 # cft deg12 r=12
54039728,-120882848,71505184,35210720,27513560,-137625040,101183408,-30074992,12423675,-9540874,4271274,-818306,-51995,-247222,103436,81044,-10618,-12262,-2454,1054,273,22,0,0,1 # cft deg12 r=0
1,0,-52,0,492,0,-48,0,-5340,0,1636,0,14814,0,1636,0,-5340,0,-48,0,492,0,-52,0,1 # cft deg12 r=16
256,0,1376,0,-49087,0,-185850,0,821021,0,638616,0,-371966,0,-124684,0,33442,0,7512,0,-515,0,-74,0,1 # cft deg12 r=12
16,0,1848,0,-10543,0,-17958,0,60087,0,38972,0,-78667,0,-15054,0,7565,0,816,0,-209,0,-10,0,1 # cft deg12 r=12
63001,0,-6574721,0,126139188,0,-502232109,0,564736535,0,-304384339,0,93383669,0,-17522239,0,2061275,0,-150298,0,6419,0,-139,0,1 # cft deg12 r=24
-2284339,-8941932,142856880,708741916,326370238,-1981142942,-1323386251,2102599860,1307611115,-1150126292,-602313917,363251374,154394900,-69782340,-23884215,8311958,2319666,-610588,-142524,26646,5375,-626,-113,6,1 # cft deg12 r=24
8281,0,-1225686,0,-30215745,0,-150825380,0,-24823087,0,95868614,0,56118615,0,9830798,0,41373,0,-119896,0,-9253,0,-186,0,1 # cft deg12 r=8
1,0,315,0,-1026,0,-23170,0,-30955,0,148855,0,323960,0,148855,0,-30955,0,-23170,0,-1026,0,315,0,1 # cft deg12 r=8
1,0,-278,0,10425,0,-136328,0,805224,0,-2385754,0,3647792,0,-2722811,0,846286,0,-120991,0,7911,0,-199,0,1 # cft deg12 r=24
168084701,1166689570,8844245,-2730417054,510203763,6114933896,3702809714,-2096989086,-2634233269,-168452874,656793651,164774598,-93405559,-35315832,9046307,4404452,-569599,-310774,42729,19196,-1441,-822,-24,12,1 # cft deg12 r=8
-7692410279,7056351930,39770566546,-1547261100,-34668724979,-2478478698,15896768842,-2377171002,-2130230279,1202351952,-248934422,-188812248,68235880,21469050,-1902215,-2681754,-449033,161226,51721,972,-2162,-438,10,12,1 # cft deg12 r=8
-1356295669,10167721882,-5999748066,-49298887616,60116889108,47301115262,-84247361777,-10113428724,46542612438,-3061492182,-13591959546,1786348902,2379626341,-350569942,-264210738,35975798,18833886,-2063020,-836960,63954,21287,-960,-257,6,1 # cft deg12 r=24
1,0,-718,0,25315,0,-328450,0,1979575,0,-5852512,0,8387434,0,-5852512,0,1979575,0,-328450,0,25315,0,-718,0,1 # cft deg12 r=24
64,0,-84800,0,-1359488,0,5578360,0,4716145,0,-26190940,0,8914868,0,3913468,0,-122810,0,-51844,0,-1196,0,44,0,1 # cft deg12 r=12
1,0,-56,0,-1138,0,77800,0,230207,0,-19173680,0,-58897820,0,-560176,0,41116479,0,-10516120,0,-509042,0,15432,0,1 # cft deg12 r=12
8836,0,-679104,0,-11803420,0,136457324,0,1753785417,0,685270326,0,-38176567,0,-9245554,0,388884,0,33506,0,-1243,0,-34,0,1 # cft deg12 r=12
64,0,-1152,0,-108256,0,316192,0,1575284,0,-1120096,0,-1725196,0,-56804,0,172469,0,11626,0,-4137,0,-378,0,1 # cft deg12 r=12
-1094729148,-10453721328,-13947370320,62810463760,24624693316,-104677494720,-12142282300,84772538320,281399617,-38505541076,646578894,10597842732,112005257,-1795082212,-102899302,179908728,19341520,-9553340,-1476842,206300,41893,-1084,-378,0,1 # cft deg12 r=16
13456,0,-93120,0,-384160,0,772064,0,139832,0,-862576,0,506832,0,-78696,0,-11751,0,3136,0,-18,0,-24,0,1 # cft deg12 r=16
-610048,113363968,439236352,133392384,-1219714432,-918462208,1575042848,1615165568,-695131356,-936693808,124844144,239753584,-5028164,-27875280,-2064396,1112816,446877,41716,-44182,-4492,2503,92,-78,0,1 # cft deg12 r=16
1,0,-1446,0,-84509,0,728254,0,-1361641,0,-1026088,0,3753002,0,-1026088,0,-1361641,0,728254,0,-84509,0,-1446,0,1 # cft deg12 r=16
565504,0,-44997248,0,-285891344,0,2647223816,0,-662468927,0,-7093203500,0,7769759608,0,-2513286868,0,167746670,0,16019356,0,342152,0,2236,0,1 # cft deg12 r=12
1,0,496,0,2350,0,-34224,0,-13377,0,533696,0,-1009628,0,533696,0,-13377,0,-34224,0,2350,0,496,0,1 # cft deg12 r=12
625,0,-635475,0,138893959,0,-940758735,0,1875524562,0,-1736549591,0,853420592,0,-229353242,0,32804544,0,-2334052,0,70541,0,-506,0,1 # cft deg12 r=24
1,0,13,0,-16993,0,251849,0,-1175142,0,1110733,0,4859016,0,-11297546,0,5511004,0,1151072,0,-219107,0,-546,0,1 # cft deg12 r=16
1,0,-546,0,-219107,0,1151072,0,5511004,0,-11297546,0,4859016,0,1110733,0,-1175142,0,251849,0,-16993,0,13,0,1 # cft deg12 r=16
28561,0,-3418025,0,138656164,0,-2230778290,0,14885503972,0,-43890294230,0,58457444359,0,-31097116060,0,4252730362,0,-122226230,0,932337,0,-2090,0,1 # cft deg12 r=24
17297281,0,-217736898,0,1083095923,0,-2774346399,0,3966179065,0,-3208670292,0,1445034230,0,-355738699,0,45572460,0,-2725591,0,67939,0,-571,0,1 # cft deg12 r=24
24388756561,0,-3332968976859,0,50034446369533,0,-147281717664650,0,142368048192586,0,-51936924402650,0,7833005951835,0,-585115755854,0,23403392372,0,-502365383,0,5348152,0,-21580,0,1 # cft deg12 r=24
-4810236284017073,38169708830659952,225469538806133181,-466624713974831846,188082449898740061,93082550188986204,-65929353060827500,-3514872574348202,7560262714347930,-278333594776814,-445567216904726,28933178969310,15610194518535,-1102213873138,-345718208916,22764706860,4941194323,-276175284,-45146352,1960280,252399,-7516,-778,12,1 # cft deg12 r=24
635209,0,-41880400,0,703455466,0,-4917539808,0,16558337759,0,-27229455337,0,20346458714,0,-6054305887,0,816185947,0,-50605575,0,1210328,0,-3105,0,1 # cft deg12 r=24
-479258642665949,808707309077400,1361187210115993,-2591212928341098,219378837332784,1357788540211630,-514002805284168,-215648468585498,131886193122347,10593251824154,-14600029763036,345579282576,885063591645,-58137057094,-32465751525,2619648800,751652628,-59884318,-11008351,745544,98122,-4758,-482,12,1 # cft deg12 r=24
1429,-1104,15112,-19184,48493,-91768,79642,-117748,123170,-37786,38090,-44878,5202,-5212,5312,-1708,818,600,948,428,218,66,24,4,1 # cft deg12 r=0
5041,0,-3763,0,3629,0,-1986,0,866,0,686,0,-321,0,14,0,-44,0,-47,0,12,0,8,0,1 # cft deg12 r=0
6889,0,-9296,0,10828,0,-9431,0,6024,0,-1786,0,1263,0,-534,0,286,0,-218,0,85,0,-15,0,1 # cft deg12 r=0
1399,4772,1386,-15150,21634,6846,18534,28990,46412,20640,18510,13844,14414,11198,9464,6604,4700,2648,1490,634,263,80,24,4,1 # cft deg12 r=0
5329,0,949,0,2231,0,2317,0,3210,0,3598,0,1923,0,700,0,204,0,17,0,-2,0,3,0,1 # cft deg12 r=0
6605,0,-4285,0,2892,0,-989,0,1299,0,-1368,0,1128,0,-637,0,300,0,-113,0,36,0,-8,0,1 # cft deg12 r=0
6889,0,-27390,0,48163,0,-44045,0,23435,0,-6765,0,909,0,-425,0,571,0,-330,0,99,0,-15,0,1 # cft deg12 r=0
6889,0,13446,0,17327,0,14048,0,12275,0,8960,0,5605,0,1932,0,472,0,66,0,21,0,5,0,1 # cft deg12 r=0
8581,32692,57776,80052,118766,165108,180800,159540,130039,100808,65264,31848,13252,8680,7536,4808,1987,516,160,100,78,36,16,4,1 # cft deg12 r=0
-8387,83788,-205376,48004,28630,376044,380160,-227596,-811353,-1096904,-1087536,-814328,-492588,-260520,-118224,-45048,-15269,-4228,-720,-12,86,60,16,4,1 # cft deg12 r=4
-2099,173404,916160,2552804,4351718,5491068,5325056,3820532,1965127,616920,57936,-120376,-87052,-71176,-35536,-19960,-4821,-1332,176,-44,38,12,16,4,1 # cft deg12 r=4
7741,56296,36592,-391640,-604810,43836,-366896,-254420,-599407,-100716,-165244,-98144,-128398,-78336,-33684,-13220,-2086,252,632,276,120,48,12,4,1 # cft deg12 r=4
-184771,-404744,-23088,494248,1048886,910812,-650928,-1449364,-508047,355380,480068,269952,29426,-46016,-32980,-17892,-7302,-2740,-616,52,56,32,12,4,1 # cft deg12 r=4
-2087,0,-8084,0,-11322,0,-13212,0,-17127,0,-10808,0,1058,0,92,0,54,0,-120,0,-12,0,8,0,1 # cft deg12 r=2
-2087,0,3824,0,7774,0,-26708,0,27569,0,-12488,0,1722,0,188,0,270,0,-100,0,-40,0,4,0,1 # cft deg12 r=2
203617,-585224,876428,-651068,560014,706776,329440,823208,806301,532628,320848,197120,118098,53708,24120,13392,5922,1816,636,348,136,20,4,4,1 # cft deg12 r=0
-2647,0,9764,0,-9352,0,2328,0,1558,0,-9256,0,266,0,-340,0,53,0,-44,0,-22,0,4,0,1 # cft deg12 r=2
-2647,0,-6904,0,-8856,0,-24680,0,-58538,0,-73468,0,-50130,0,-20968,0,-5531,0,-812,0,-26,0,12,0,1 # cft deg12 r=2
1,0,0,0,-10,0,0,0,-27,0,0,0,-18,0,0,0,-38,0,0,0,8,0,0,0,1 # cft deg12 r=4
4297,0,-17004,0,21850,0,-3248,0,-13163,0,5244,0,3902,0,-796,0,-1014,0,-236,0,60,0,24,0,1 # cft deg12 r=4
4297,0,19432,0,34054,0,19884,0,-13211,0,-19336,0,-2422,0,3676,0,890,0,-244,0,-68,0,4,0,1 # cft deg12 r=4
4481,0,11828,0,4186,0,-6488,0,-6879,0,1628,0,1190,0,-244,0,354,0,52,0,-92,0,-8,0,1 # cft deg12 r=4
286784,0,-345728,0,74432,0,222336,0,-232672,0,148000,0,-65744,0,21008,0,-5452,0,992,0,-132,0,12,0,1 # cft deg12 r=4
4481,0,15500,0,15568,0,7324,0,8422,0,13372,0,7910,0,1152,0,-731,0,-292,0,-14,0,8,0,1 # cft deg12 r=4
286784,0,131200,0,-69376,0,-127040,0,-116016,0,-32160,0,-33488,0,-8448,0,-2152,0,-976,0,-164,0,16,0,1 # cft deg12 r=4
5041,0,-852,0,-2266,0,-19836,0,-24827,0,-26328,0,-15754,0,-6828,0,-1634,0,-72,0,8,0,24,0,1 # cft deg12 r=4
-672379,-1050352,1287464,1990200,5559478,8512108,7317888,4732780,1422505,-1466220,-2223900,-1488304,-567526,-58432,54284,23292,-574,-1436,1088,884,264,72,20,4,1 # cft deg12 r=4
322624,0,427136,0,204736,0,71744,0,-34208,0,-61632,0,-9104,0,-4848,0,1588,0,440,0,-96,0,-8,0,1 # cft deg12 r=4
31541,303200,909640,896344,1002070,1883660,-2784896,-1302356,-4455,-690268,-1580252,-1321104,-623126,-179952,-65972,-44932,-15470,-620,1120,564,296,104,20,4,1 # cft deg12 r=4
5041,0,-1136,0,-6494,0,7104,0,735,0,-656,0,2268,0,432,0,1071,0,-384,0,2,0,16,0,1 # cft deg12 r=0
3157169,7000676,9233408,14355100,22864476,27191288,25385096,18760184,10156822,3715724,1098216,659944,559442,334532,136648,48476,20529,9152,3744,1300,402,120,24,4,1 # cft deg12 r=0
13201,-109276,436288,-1148964,2160716,-2787224,2133064,-333640,-953978,976700,30888,-294584,224002,106420,-22072,2716,10865,4960,3040,1332,386,104,24,4,1 # cft deg12 r=0
-5783,0,-21772,0,-25716,0,-6108,0,6710,0,2632,0,-846,0,-296,0,181,0,8,0,-38,0,-4,0,1 # cft deg12 r=2
-5839,0,-14652,0,-12350,0,2468,0,-767,0,-7152,0,-4806,0,-1804,0,-190,0,208,0,96,0,16,0,1 # cft deg12 r=2
-5839,0,-5460,0,22986,0,10616,0,-18999,0,-17532,0,-4242,0,-2124,0,-446,0,92,0,-20,0,8,0,1 # cft deg12 r=2
108352,-42048,-235152,26984,271224,97266,-185515,-129762,48807,63528,17208,-16134,-11863,1584,2625,336,-477,-234,53,72,6,-4,0,0,1 # cft deg12 r=0
1,0,0,0,15,0,11,0,-78,0,42,0,134,0,-195,0,201,0,-101,0,42,0,-9,0,1 # cft deg12 r=0
1,0,0,0,-3,0,16,0,-15,0,-18,0,119,0,-186,0,159,0,-110,0,39,0,6,0,1 # cft deg12 r=0
467,-102,1194,1882,336,2298,-1384,-8172,-3600,4112,1596,1578,3296,-72,-186,-338,-315,12,70,48,30,14,6,0,1 # cft deg12 r=0
1277,3138,2994,586,4314,7176,-3652,-7632,5328,13688,11244,3522,-1645,-1314,-798,-716,-126,-78,-2,48,3,14,6,0,1 # cft deg12 r=0
512,2304,3072,-1024,-5184,-2208,4232,6984,3552,-4380,-3774,-2886,3709,-270,1332,-1288,348,-336,256,-36,39,-10,6,0,1 # cft deg12 r=0
81,0,-405,0,891,0,-954,0,324,0,369,0,-442,0,81,0,165,0,-151,0,60,0,-12,0,1 # cft deg12 r=0
269,1152,1740,974,9432,6702,12602,15246,21327,21540,19068,18336,13618,9810,4878,2330,888,222,94,-36,12,-10,6,0,1 # cft deg12 r=0
1,0,6,0,39,0,-110,0,159,0,-186,0,119,0,-18,0,-15,0,16,0,-3,0,0,0,1 # cft deg12 r=0
5329,0,-35916,0,96114,0,-138981,0,132855,0,-98769,0,60780,0,-28521,0,10332,0,-2454,0,345,0,-27,0,1 # cft deg12 r=0
6749,0,37842,0,78711,0,68676,0,30669,0,10338,0,5203,0,2598,0,1089,0,236,0,63,0,6,0,1 # cft deg12 r=0
1681,0,2132,0,5280,0,5407,0,5858,0,8337,0,10438,0,9107,0,5052,0,1529,0,162,0,-13,0,1 # cft deg12 r=0
82369,0,196882,0,236971,0,190373,0,114353,0,53704,0,20294,0,6253,0,1600,0,337,0,63,0,9,0,1 # cft deg12 r=0
1063,7488,22788,45018,98572,216892,311932,230626,145168,126032,115637,48176,30814,-9892,2118,-732,2790,952,160,-124,-89,-22,3,2,1 # cft deg12 r=0
136423,146300,197113,7482,13618,-1158,73724,20530,8526,-37216,20203,-17294,12855,-12398,5145,-814,-594,136,144,-80,50,10,3,2,1 # cft deg12 r=0
177241,-379742,965740,-1334696,1767323,-1694472,1523200,-971682,641768,-325826,104659,-68450,6022,3358,5205,5064,-45,-136,-672,-208,-18,8,17,2,1 # cft deg12 r=0
3437,0,-4893,0,924,0,2876,0,-1316,0,-325,0,293,0,-101,0,-23,0,15,0,-1,0,2,0,1 # cft deg12 r=0
5041,0,-29536,0,69166,0,-88720,0,73961,0,-41343,0,19830,0,-8320,0,2816,0,-685,0,219,0,-23,0,1 # cft deg12 r=0
247009,0,-73059,0,63301,0,-41957,0,8547,0,-7219,0,4304,0,-57,0,-113,0,-50,0,-9,0,6,0,1 # cft deg12 r=0
80375,57750,272665,376698,466701,423422,385104,159304,-71070,29906,-57387,-3164,30870,-16100,10966,-1582,-1973,1032,-34,-114,80,-2,-9,2,1 # cft deg12 r=0
255067,843966,1406232,1038500,-75463,-90646,766503,756448,158431,-43930,63093,100546,31603,-19302,-16676,-4436,-898,402,877,328,-48,-54,-9,2,1 # cft deg12 r=0
6889,0,-2905,0,33858,0,35984,0,58223,0,42282,0,19600,0,3805,0,994,0,-214,0,121,0,-19,0,1 # cft deg12 r=0
337561,0,-93541,0,134106,0,-8546,0,28367,0,469,0,4992,0,-191,0,466,0,-8,0,25,0,2,0,1 # cft deg12 r=0
6007,-23030,32047,-55804,161725,-243342,248037,-183850,235894,-266936,242794,-123802,45871,-10514,10602,-7658,4040,-1110,309,-184,59,-2,-9,2,1 # cft deg12 r=0
22051,1530,-127188,-234394,289524,565814,460183,-91420,-35966,-286676,19987,21726,27837,24616,-6246,-5962,-2291,150,758,174,-20,-40,-9,2,1 # cft deg12 r=0
7673,0,-36043,0,80559,0,-112623,0,108548,0,-75019,0,37674,0,-13776,0,3681,0,-735,0,115,0,-14,0,1 # cft deg12 r=0
7937,0,73,0,6943,0,433,0,5814,0,-1876,0,2745,0,-788,0,486,0,-87,0,35,0,-3,0,1 # cft deg12 r=0
73441,312192,695250,947486,959502,934344,1038881,1127790,1027734,818082,633045,507996,392531,266568,160341,91164,51255,27246,12938,5226,1746,458,90,12,1 # cft deg12 r=0
361,0,-285,0,-2004,0,1212,0,144,0,2787,0,813,0,1647,0,573,0,291,0,111,0,18,0,1 # cft deg12 r=4
361,0,1197,0,-381,0,-4043,0,-834,0,3108,0,629,0,-660,0,-78,0,29,0,-21,0,9,0,1 # cft deg12 r=4
1637,0,-10341,0,24822,0,-28611,0,13074,0,5556,0,-10733,0,5883,0,-1290,0,-94,0,105,0,-18,0,1 # cft deg12 r=4
1637,0,-11232,0,30534,0,-41288,0,28743,0,-9558,0,828,0,210,0,3,0,22,0,-33,0,6,0,1 # cft deg12 r=4
-2627,0,-360,0,17718,0,34735,0,33129,0,20376,0,9420,0,3645,0,1044,0,247,0,45,0,6,0,1 # cft deg12 r=2
-2627,0,2976,0,780,0,-3297,0,1284,0,267,0,1136,0,96,0,51,0,231,0,96,0,15,0,1 # cft deg12 r=2
2393,8628,2547,-32908,-19761,74982,41639,-147792,-153600,39156,63861,-125736,-259970,-228786,-130986,-61642,-29991,-13884,-4331,-216,489,260,72,12,1 # cft deg12 r=4
2276369,7237902,12468933,16222744,16259283,13010418,8224577,3392874,-220584,-2115076,-2578197,-2176518,-1487194,-862692,-430842,-183914,-64755,-17052,-2093,858,705,278,72,12,1 # cft deg12 r=4
2809,0,-9063,0,1815,0,-1314,0,-5487,0,-4617,0,-3315,0,180,0,-717,0,315,0,-3,0,9,0,1 # cft deg12 r=4
3257,0,11421,0,16443,0,13089,0,5304,0,-903,0,-2774,0,-1920,0,-411,0,125,0,99,0,18,0,1 # cft deg12 r=4
-1,0,-3,0,-3,0,-10,0,48,0,48,0,-151,0,84,0,-39,0,48,0,-21,0,0,0,1 # cft deg12 r=2
-1,0,-6,0,-9,0,2,0,0,0,-33,0,-30,0,39,0,15,0,-46,0,24,0,-9,0,1 # cft deg12 r=2
1,0,-6,0,18,0,-28,0,12,0,36,0,-67,0,36,0,12,0,-28,0,18,0,-6,0,1 # cft deg12 r=4
-1,0,0,0,21,0,-48,0,39,0,-84,0,151,0,-48,0,-48,0,10,0,3,0,3,0,1 # cft deg12 r=2
-1,0,0,0,6,0,11,0,-30,0,-45,0,90,0,9,0,-54,0,29,0,-30,0,15,0,1 # cft deg12 r=2
-4203,0,15930,0,-36207,0,63831,0,-83376,0,75660,0,-46174,0,18429,0,-4578,0,631,0,-27,0,-6,0,1 # cft deg12 r=6
-4203,0,5859,0,16092,0,-13227,0,-24273,0,4875,0,11408,0,-906,0,-3120,0,-764,0,0,0,15,0,1 # cft deg12 r=2
-4203,0,15741,0,-40635,0,44574,0,-37512,0,-1752,0,1829,0,-6192,0,1299,0,148,0,-33,0,6,0,1 # cft deg12 r=2
-4203,0,-9450,0,10395,0,37986,0,-42597,0,5826,0,3980,0,1209,0,-807,0,-77,0,-6,0,12,0,1 # cft deg12 r=6
4337,0,15129,0,17775,0,8951,0,1692,0,-2388,0,-1830,0,-723,0,-99,0,128,0,30,0,0,0,1 # cft deg12 r=4
4337,0,-21117,0,33786,0,-18854,0,3411,0,-5304,0,2571,0,507,0,-852,0,121,0,36,0,-12,0,1 # cft deg12 r=4
4337,0,897,0,-7089,0,-382,0,1869,0,-2277,0,617,0,1260,0,-441,0,-117,0,81,0,-15,0,1 # cft deg12 r=4
4337,0,1248,0,15798,0,8191,0,-10683,0,-14079,0,-8100,0,-1350,0,351,0,82,0,-21,0,-6,0,1 # cft deg12 r=4
-4391,0,-14007,0,-14235,0,13658,0,33150,0,16905,0,1280,0,-486,0,-237,0,-32,0,30,0,-9,0,1 # cft deg12 r=6
-4391,0,24426,0,-70383,0,106999,0,-77820,0,19776,0,746,0,1437,0,-1230,0,587,0,-3,0,-18,0,1 # cft deg12 r=6
-4391,0,22737,0,-43953,0,57883,0,-13560,0,6936,0,9578,0,981,0,-2415,0,-904,0,-114,0,0,0,1 # cft deg12 r=6
-4463,0,-24435,0,-54795,0,-69435,0,-73353,0,-83124,0,-80742,0,-50481,0,-17064,0,-2151,0,78,0,27,0,1 # cft deg12 r=2
-361503,0,-127170,0,663147,0,418698,0,-224721,0,-249318,0,-95212,0,-38127,0,-8619,0,-389,0,-462,0,-12,0,1 # cft deg12 r=2
