# IGP24 class field sweep: deg8.
6805590016,-2565955584,-38389026816,-77090359296,303070119936,162697771008,-411725372928,-1377042223104,1870688505600,925591854080,-1537779275904,-208316688768,322277667472,49257005856,31010156064,5628468520,810091536,88492464,6985596,731436,35136,2498,222,0,1 # cft deg8 r=0
74742008000000000,-54213456000000000,26635636800000000,-2616920720000000,-46246080000000,657121824000000,-27177320800000,55026211680000,10641999744000,-9228756520000,6401853532800,-1637227324800,360477564976,-50926571856,6821801136,-690756248,68324640,-3575736,-8708,18588,-1656,-298,12,0,1 # cft deg8 r=0
103205281,59734920,331267995,-633675448,868886415,-409711260,1595488,115883460,-27686655,-16099356,26588625,-17603880,8348770,-2904300,996345,-289436,87105,-23100,5868,-840,555,-168,15,0,1 # cft deg8 r=0
1,-60,4245,39452,392880,312360,496093,-654060,-125565,-637316,253755,50460,175185,85680,63735,19184,14115,2040,1258,0,75,-8,15,0,1 # cft deg8 r=0
58081,-2328060,85583115,-303368548,897889755,-451449180,185269188,140287560,-127798455,76423844,-5992275,-4144980,7147770,-1955100,853845,-406336,106185,-27720,11168,-1680,375,-168,15,0,1 # cft deg8 r=0
197149681,625105320,1206335355,1368128552,1098111615,758120580,516674688,360961860,242107545,132888644,52361625,10905720,-1103430,-1644300,-166455,225764,198105,57540,13268,-840,-285,-168,15,0,1 # cft deg8 r=0
6757662025,19383939000,30714487275,32803532200,27234160575,20943626400,15920599800,11297015400,6680164125,2987508000,923980725,120628200,-40431690,-30739200,-7224495,-243560,642885,194760,40040,-1680,-705,-320,15,0,1 # cft deg8 r=0
268912,0,0,1480192,0,0,5839232,0,0,3803872,0,0,838560,0,0,-44928,0,0,2280,0,0,-8,0,0,1 # cft deg8 r=0
8801296,-28271808,66724896,-56099456,7467024,19997184,82240,-7752960,13145592,-3028704,-8201952,1503936,2244304,-279696,-150528,66080,-3576,-21552,2928,1392,306,-144,-12,0,1 # cft deg8 r=0
8801296,-16355520,31477152,21328768,-1546224,16499712,-3992384,-26221824,4935864,13207584,1606176,-4765248,-104048,1109616,152736,-120544,-48504,6096,8112,1392,-126,-144,-12,0,1 # cft deg8 r=0
882448,-6540480,27205536,-74301056,143113296,-204957312,224086336,-187527168,116490360,-47857632,6152544,7977024,-7206416,3143472,-590304,-179296,175704,-66480,13296,-336,-558,144,-12,0,1 # cft deg8 r=0
1349437299195959071,747833060641422819,786777159195436878,180775451371124386,88998165037851174,1990072584855117,-1507313513084911,-1598975827381863,-519591617412021,2694263525296,4671206043420,10946608794765,1639650663784,301347175185,45590622336,-2039156371,2691097353,96894441,104512037,3866793,37674,15092,315,0,1 # cft deg8 r=0
1532652483195,4311685754325,5763124389825,4879794287925,2807505542736,1011355045803,121392455976,-106283091168,-85444880346,-33432230871,-7585705971,-587570922,378118206,179081442,66109851,16864929,4470228,1007316,196722,36459,5508,801,117,9,1 # cft deg8 r=0
11775552176851,6760237370472,3930681942276,-727730849331,176201145000,-691694163072,127826264560,-109715619645,16628940594,6720154794,3555491922,1335729807,423518001,85748202,31100373,4465584,1582308,367299,92926,16740,4479,549,117,9,1 # cft deg8 r=0
471304376320,-1240306790400,734666342400,-5649482155520,7609079156736,4072218568704,25301229181760,13952113716672,5728375259712,-4137937570616,-10048576796496,-939672626616,3070237183315,-457278138906,-61295438421,289924878770,1234283103,-1105423524,12252688199,-886689540,21280662,192188,-9228,0,1 # cft deg8 r=0
7813940678512250752849491,-2520495801543411194104035,700688955466100860758954,383546832911932175746470,146483067047097179217735,82813012592453576794620,17258359909847992533297,3711450677305308646275,791401814584826401152,95041325394689163210,17530765648119572562,1337293820441814480,-13401904790128302,13240502681049945,2494547982349542,37206323749980,-9123737459508,-48293507745,72403581159,404318250,44674497,-462735,6426,0,1 # cft deg8 r=0
275586679016959529423449435000,-114358812602500983677581740000,-14070051318760963095962322000,9965543502669106055264990000,355650498254932523943236700,110519404116733595823199200,47872984910014446361050620,-3331545176331502547550840,562192699697446123210041,126818424027471671627360,750207971378247659868,118408788357468130800,51093491233264470568,3999847519874087400,2767934375596410156,214608703174215400,-3293393165209710,-5757941643840,67980897724796,105374055360,48192588,-7789400,-10752,0,1 # cft deg8 r=0
230115142673867910887819811166,-1195923898460046910298729160,30374714235395126824130925180,-11348056437757794960708428120,4852094987308264251755332674,281774926814803223630550480,420473431518710928854466880,21862917050967581157551880,778656960787610345928633,-208391720463039099746600,-21418425151818508363080,-218256658325912730960,122987304231148721470,1987746934358683200,-1726477028517600,-4283517042810920,-51592648992732,179568591120,150928586140,2905453320,18152604,-435440,-1680,0,1 # cft deg8 r=0
60312541853662642227503104,-189871603970982009454067712,164867852595633089849303040,10801643364909957948203008,-51903775595723413477045248,6855478150060289043726336,3838055083403398264787456,-502130776506050578862592,30512681800242959264832,-8265257621292103560704,994537688228604512256,-34001952139680249600,7131657495362546368,-248154736014696960,4713817948721280,242936553810752,-10514062498176,-3828779712,5370422720,136123008,-359928,-102592,-648,0,1 # cft deg8 r=0
112804160708242099663385318046,-15430674899765844061260154488,-5070579765766614884707974468,337540364321167517829371064,202471758530663576590749402,14381812266653141205564528,157800344262399478482048,27741428397571946659848,15029590701858158080161,-779378445425677520664,-219672591495067449720,-12968059045139938728,1505040696491419602,118304943774100488,1923138770135976,-621108985384872,-15604790856084,225246175056,72429858180,-724587120,1743768,-422712,2592,0,1 # cft deg8 r=0
4163891428798743668622209374,-232683530059798169262186072,207695127624078217798517796,-46968612913330475018605048,1587735574352676735886410,-2295818577831795165504792,-3543248087527185054520,-20334067711880062721112,5265727020531821214225,765152500723306132352,131596239834522681888,15193187475564406392,1293764691979036954,68334737019102336,6907083163352136,54774156384424,28449775928988,-2633122296,56986781156,-130352784,413280,-471896,-168,0,1 # cft deg8 r=0
12309847070511152270270464,39184192478061976114495488,36316293822505138949038080,5676262533054983224926208,-3762446738562904841008128,-2255187061754471285673984,-1338025194777690754215424,-8229514981043751316992,131216253994603016834112,3300896304393800137216,7021592300570399164416,119578288788924030720,70670163008575730368,1152280563295299840,9450652539369600,-472472288020288,-8412585019776,24354088128,1915551680,-160073472,-359928,60128,-648,0,1 # cft deg8 r=0
3262098095432261462074247009374,710983608845500154050337615928,22862129340640039826156193636,2315650067689558364035894952,967666633235684915380515690,63166568491364559834032568,28032775816069109407359080,418614860673252506766888,207163208981226739518225,-504941335715200793008,875428426761762829728,992312608166943912,2036251558802921914,-19800137102913024,798789557549736,-93829124544056,3632216816988,29816773704,9483240356,25234176,413280,-168776,-168,0,1 # cft deg8 r=0
13794511260748504057172796964,-2252550527214026621290255632,508434597272519926952467032,-25634660931647025989235904,12342022170291757198349088,-535606415683864273130328,160732699949331097518404,-8718051827241135753768,3022653499219535288697,-265398770666551041688,39413425691808178716,-2811630578133866472,130445476462617832,597600157706616,-430573892484132,56096879788072,-351652918446,-147322732824,2323318076,136064424,-114840,120736,2640,0,1 # cft deg8 r=0
69208418778617804099584,43596639701017383124992,3042143010984441323520,-3899997578300758245376,-996439341675066150912,33379658617095862272,43199761055596945408,5288683713302430720,-91019084458119552,-68453709543527680,-6357755495116416,-447469010313984,-16718898854336,4036728753888,784669377600,52172122448,2457790137,59066064,-5523980,-1506192,-57852,-1744,156,0,1 # cft deg8 r=0
2261768680626264378004624,-364431019773413969412288,1014047026869315493872000,68997495260478544661152,147567595974703927622712,9084677291530955876304,8219890944476821921376,167012980805801080152,186187451945865304977,-5762517681699202376,1590782482684890336,-200744046519501240,7037532565144948,-1882315961426520,111905451629280,-2998266050872,1282742554374,27401796072,4368849440,64927032,406332,-91288,-1728,0,1 # cft deg8 r=0
134751168586232896,-62832746567864832,76935225255916032,-28359111027520768,17578637606403648,-5148454878756864,2089621512905024,-458755815749760,135086685831360,-20205592603456,5003701073088,-544375937376,145311401416,-14937702624,3543165864,-413815328,70229529,-11304432,897668,-181776,13644,-1184,180,0,1 # cft deg8 r=0
2162168506533142114565297854,274413695467216621492328136,473752678011839348458835916,220255647584220257211974824,135469091915754282443130330,31236741680853119014459296,10046912550962449279141144,2100409389169767646475328,286696235425576868830161,23818305428826522715432,4103306194964046943488,226823677824092385744,22051538898283210666,1729317330441274008,73074350563420680,4767320715123760,308280156748380,-493706663136,622543451692,-1155227880,413280,-623432,-168,0,1 # cft deg8 r=0
13074963705423561635541769,8725652319425174453606784,1876609929192188454176580,-205994241344958172662368,-152671605402236225121492,-15901857959273782321536,3596416569039826483372,897567965424235275840,8784601725469116483,-18788289593599540160,-1076464990261913304,195546485117069568,28170425579418904,-2667872884542144,-160150243676040,21658546717504,607862363067,-45521428032,2507050660,312611424,6062508,-123968,-4596,0,1 # cft deg8 r=0
184730390575146762030389663950,97099827234407869085161132200,19338681197445726048019384500,7125007119177218823329665040,2107014921446321861629939446,261675595705834884182574312,74540745040310028894081332,12839080365153818142438024,805563869093882746781769,55700101555786163942600,5745051744986962142580,125794859459573590128,169671485293708861486,3030977692220354400,152200121753678580,4155499966045096,65609113587876,153340484832,21797661392,103856880,15456600,238024,2208,0,1 # cft deg8 r=0
12679517226047935077229213696,-806448800678253805980794880,6184377471202492073859072,-82298249447257297743585280,-2078374897827820053634560,280123507880918450058240,-49973337841641676836352,35640668238563688721920,1057644073470063942720,976197543774882563840,76836965259533857920,-1213557720097789440,2027188773746031616,-58922482780185600,4038163324517952,142521163042240,-8040598316928,-96376327200,6032202416,-10824480,-2262312,72160,600,0,1 # cft deg8 r=0
3087545099473647562500000000,0,104918167690242511500000000,0,11106494446149859365000000,0,312284624628065536602000,0,833356283918114865681,0,14774010636650800248,0,111304616666953752,0,1552462916040,0,-144068085054,0,908734680,0,-64872,0,24,0,1 # cft deg8 r=0
493668955460792249567698059471550,7806472337551498731077130727800,301588790868326970969185111574780,-47586208109919851559149713511920,53773688921962196505372651101166,1207035973396654310799335580624,3963358929537722166035962640204,108914768660699770840669753848,3317981726158343178509478249,1915199864535356107621134800,-74404647195170495955736452,-3898837093028116198277232,950065977226662041314618,11348068647025553800872,-89521902085939903476,144556300124345409544,1534782633194453220,-133865868052296,6669484156772144,-543261096096,18152604,122453128,-1680,0,1 # cft deg8 r=0
534067875143998087995364,5682847114526790447456,151385160896553947663808,-6083723137897112722880,13232430463722178223736,1755061454035054761984,112244371456116430064,169880379473969271072,12289273274279899332,326532728890227280,896457438365663688,-53282028935342016,10639024239651052,-216265570246800,10259193118248,2757665331152,15973420473,-16787171664,1389592268,-41417520,117432,56768,-1548,0,1 # cft deg8 r=0
174200603017216,752432254550016,1507249008672768,836864625868800,-734027951898624,-1313236711636992,-411385850101760,710952137588736,1080345229627392,511509966962688,-204072873025536,-290725210644480,-51501510746112,41594919929856,15690661770240,-1471158051840,-1123664678784,-10675466496,26573469568,246800256,669888,301344,1680,0,1 # cft deg8 r=0
30896933304745788831360000,0,148076171082561525231744000,0,-39070124148077486116344000,0,2425578758330699074972320,0,28354656906198933256881,0,-1183302511937110102176,0,16434875661850298268,0,3536669010028320,0,-29054495924874,0,86898362400,0,406332,0,1728,0,1 # cft deg8 r=0
33920726692861322959095184,-9811361980076102536144128,4264409020571919803257920,-1866386565226227089741056,344426238808165313037408,-27878102021876097794688,482991373730955648448,174811392579306856320,-19396107078320984472,377035247099960000,125656056554015904,-12171222896186304,502311340103944,65754893915808,-4400982231840,351728687648,19482055857,-724152096,115885300,2803008,-41652,17696,156,0,1 # cft deg8 r=0
2111760497169686568960000,0,136982864249740335439872000,0,-47713960906492615257600000,0,4044729265052539213117440,0,15411198594784483238976,0,663951716954963410176,0,7062906482513241408,0,3372458141557440,0,-11834917910784,0,10556749440,0,-359928,0,-648,0,1 # cft deg8 r=0
152315724983353842380162271153550,-99888224448030435589069330103400,21775554361967183515307501071380,1486073409724251616311059186080,-739579042215616253565883569714,-73507710626076783226060843848,27010682188449590614710562436,2675153868865279145482162176,94619819358376240014989649,-7278454164915575605899200,-643247301313231759945788,-16225871639272825718304,1070456156111880433198,61889527487010103056,921309616504458756,-34695847424972512,-1768859427803940,-21329480142648,342947873336,15908041248,174093984,-433576,-9720,0,1 # cft deg8 r=0
42357657905329358059659849550,1023423377316077710546579800,4894057243852236595596380580,-1409328176145338076906823760,-932818181949700186638397794,-36888176538808862863478616,54352630049363788034869292,1780649763125039913244248,180432922197950545696209,16132020295293701005720,2319086542318128764316,-27911581326880681176,-3354493955190091202,-420026794355883624,18408622437848124,361200808052504,20711967029244,-169859452032,32954208848,-128250792,413280,-372112,168,0,1 # cft deg8 r=0
4820660047099833843061463566,-324187131885446235767761176,243344488416706976361453972,15622816157788932814917152,1129180398340323990756270,1057047161440369553859240,146080659162197143804492,-23395785378869297091528,11172117908725657266897,-1522591053381687863080,197178887383889400924,-21832665044458923720,1346660518695197998,-134979632280025320,6232858468452684,-284947683921016,28030308375996,119986048224,59542698496,141173544,413280,-390112,-168,0,1 # cft deg8 r=0
1038899224274791970071896064,-201532688371031156391346176,-2005124362535072882073600,133617169950665484271616,566944202270759958531072,-4380283780677667418112,-3254721089758440096256,-728129378506591425024,17858608488860576832,4900896572051353088,481327609757528064,-20921061243847680,-3120126107170112,-164998366433280,10876891386240,983666828224,15641806464,-1996284096,-69983680,-85344,-359928,8704,648,0,1 # cft deg8 r=0
317121967998419641344,0,12473266585185745920,0,-17532791292279307968,0,9485294277317195232,0,-30528903692464623,0,74344480420896,0,21820328141437116,0,53618655555360,0,473744095254,0,1114495200,0,-96228,0,0,0,1 # cft deg8 r=0
2284369499176054626006780658756,2421219990336074238178258394592,1017334881711648113852917413936,165159826004627100340592507920,-14006013743974960143292437972,-9212713690873650621857047296,-937840759245262816408808728,72563568089048443561418856,15252562295992931884855209,-28040376605860663722200,38283907777623312582432,9017279234865334974168,-28570139345965595120,3995441422219709208,1451555298648349992,4567452433146008,-92092201317342,612915463224,9205643193296,-148590049512,1171359828,-975448,-39312,0,1 # cft deg8 r=0
302727087904561785252,-28020082591925544672,5461960734027851040,1148353236744308640,-408974321240674596,-35513526228816528,21408705386429616,302535339760656,-30727471678119,-34991657008416,-2221465895280,886928262192,123945268176,-8254577808,-1833825744,-1424629296,68343750,2519424,4094064,-34992,-972,-3456,0,0,1 # cft deg8 r=0
55839269269597004365794702622,-67958275923135352577019692136,30866537761459119155185940772,-7724169967597912762071089320,1520327459089106859954964698,-215954239446422649790646472,27861803469928811367369416,-2821928871172520499993432,284471088494752224085329,-21609843114683293052416,1869344292179751669336,-118508325517898732808,10124860447045886554,-389954800904220864,39447386410182048,-750500135511272,123421797640188,503559117576,250686184172,1194198960,2535984,1000360,1728,0,1 # cft deg8 r=0
117302185521031084518612031081502,-23985251498562676989199204512888,3142110565735089720675744147084,4822439192862252122482913713872,-361308968644863774385377544578,20240387714151728301647999232,70573904588149980776488314716,-4161859936259162268556288896,228579756313341632468861601,-7229789780134010118704360,253025825289994479978972,784513317596350894272,36239535916807494438,21782508092874510360,940359185675588052,-36819702622091488,1361425789055484,-14816159646336,453520494792,-4797045552,17162712,378888,-7776,0,1 # cft deg8 r=0
2780977079559274884005081954167678,988910724073238067062384171695656,647385253613271725844062329307892,-419498473058845597474420682043288,-223856553633403840109066228300838,-207802420181161217940950073677016,170125704557421477959167675773424,28711584835173264377151037992936,61741156606609538881142336297097,47979013527793880923263095814240,9165586574207889725731343107536,22903953413509951131344937840,2262317956201355973060507997766,5560066622982088406038731768,31449079454600031101235360,107663098993097520737784,-9307586242056535200300,-2195313666271867368,821820207842996236,188587326590664,108712315260,795864704,665184,0,1 # cft deg8 r=0
56970740184402761003233340583799545796,-1528265664156389393722480108506298656,2342573191031134471434678628290445920,1996681231666017914163329362160277408,-136317546429776109740232642437798244,-2772589518166058119956899396437920,18615603464701517148823287021191056,82362012617292651171384532942992,-17842571570466284767501985445519,-2611786834648467618077005163480,-8073410969038873324782596640,8871880878421043931650490912,3538154358339689398041620512,-210996779722258772141366376,4243601525191796666251800,167662462166604333338320,-2728387542972819027330,-1716069279320766936,2226295706764578560,1367298021415104,282401541252,2958681368,980136,0,1 # cft deg8 r=0
16556319210368850200403408896,4149206238733524224969244672,-334763911333434511073175552,3204306052913126146057895936,87685433501944258360152576,-79170124020913999801396224,368026452137680147713245696,-71045446887245984693174784,7302524279047180589837376,667100846516228105227520,-114962578456034566538112,4837464368674770491136,612844813573482737152,-45799066978206247680,897160630688762688,-22540328964801984,571641598955520,-2102498147808,1639428798576,-8350627584,13415832,1459168,-6600,0,1 # cft deg8 r=0
135142064518124297980147712,2972550920145126800532086784,45884546802079223462125479936,515619673113980565762147233792,5329497630108471887007252533760,-1914018983508062986702018071552,595598663144118215967443328273920,-320783417981080645974151059030528,1813451841254447808916988123712576,19768471647941377295573489864545024,15203631101635478005009273572409728,653074539860808386349624513331200,244060698921195776225485496701116160,10952599461456762202477792453114752,129692834830534563273349380004416,-428959705845004186500673239616,-13823547820744140787731352320,909581113844106840206496,857240977357861164598864,-56333067468633690528,925487683316280,1649206950832,-54011976,0,1 # cft deg8 r=0
4307570800213563106702333111334912,1453012492012181848397339995004928,220611863171946429357874301528064,95713748030967414155194569535488,-14215232143079364947860612148736,-5580846105241951390735872046080,14862756879584177809327527847424,3305565697734215855276521969152,247678032075205454466809744448,1844726033109536426942570752,-240783331342625052419046528,-2410615149808400173619712,552442922298065689593344,2880644120495065996416,7806736269562732992,-4487293479569176128,-13458339209109504,-11370457367712,7878020409872,20402118240,13415832,5307408,6600,0,1 # cft deg8 r=0
18976115519935457272548173631547384,10841139613451714148875896120072032,108611451633235693579759589009857488,1381497017106841890637591557211331728,-916901068917709871598349224495783060,123354031949780620440931882871634432,29186969515786784028795123425064992036,-4606146121193740717679488317257972064,151713660801794790490954338067545033,1729190418255960012467843191045094760,-54317439140997236378470462115830620,-4234820407321933112131666029858192,31258881483438444977354616743901692,1271660801815075585717601893280472,14754411152646982409922566607828,23124465004925741886106400128,304274335764694121781686310,146529000118842635322936,2209495230544218777324,1081219793637989088,149592456565488,39312433704,2289384,0,1 # cft deg8 r=0
14660509199436422902930445839504215742,10578729413978047510901009381065613352,20928552332998915940088612382040526372,-34584156421860559836551704817390900360,-84746263325850013794452172549112697958,7130661346675840683709954715140827720,89117392721901731830210929916415596384,-7914536965097176492846625387958231192,1592311419165753424455544789158795993,-626177077881019673232689073413320,-42856379740817715542197733500570608,-13687151659992009195284218762296,328739783938618780675101274706854,82729867210517525583141044616,12827467196824129766758008,239135773248228731567590520,23901563096510221719636,685054445217402528,55545568607372329492,2218875308410080,25545068460,14894573680,300864,0,1 # cft deg8 r=0
257448211263642904833799732288,-1531853690773806268972438107648,1524050213385082150631298604032,1339907480970210423772867633408,4091085105689998378829518036800,-696382968570821640809945082624,4613929934165914679343276858432,-800033594222305832617436829312,347287104182716093199753120832,14922812668633888963622997440,10278774200230168045628180352,169835535533047188610101216,91698269391916342380541992,1250376731395511341465920,-1607491455120905737560,-4000068389796288670528,-19186923360914829735,222273564980929872,42400966695573012,-256845841710672,385448571612,413783296,-1240668,0,1 # cft deg8 r=0
1628236768795374322915576503382747678,-2226337537482978517884978276342625896,1206869153331981110649643075537467684,2178331333407711773539731488636376536,-2839138340579909390171308233470652102,36028378471974676877175936366126456,1756430084671704719423532205099795528,-22103257858144613249110213274380176,397263407660439760760688120617433,-85751458721650941540643431542944,633422680657948399605499866720,-13022659440948895426070103456,1311126413342314386349896246,-8160847188028401380934576,179077121393119522018056,-2316777989171513634880,-78161594554942476,24941421672824088,660047069456676,-2921248197192,4054037436,9656392,-68376,0,1 # cft deg8 r=0
4068225942605465881,-1702379890108678464,4009695566992515564,-958794334030885248,1393707206858232252,-169661285883381312,172550794564455780,-6103872320290560,11656934346507651,-679932672135552,296001420801336,-80904704785920,1053965701240,-2305263627648,161897845416,-11310803712,5154267627,-13930560,38696204,-1282176,4860,-12096,132,0,1 # cft deg8 r=0
33267348919780128098619097720131166,-127362343225622567554765919898639624,897823693541316127078134082392847236,304547340376482396819671710638479080,-3672833708018174052083878761673474470,-503033982110354753390811273819075720,3775534674676735641645799396593701680,528059888237414328859895292576128952,46345766362896853036887257722363353,-10645114842322709308713546808208872,-1262652132193310714692725210697248,1953880005016212108925349102472,10015186373912302448447898148870,3059436910335492915554249928,231943098023047715551302024,-223493708941965029485066024,334091480680927045000788,2778130944314991360,1299441074926924944196,10732083243836448,25545068460,72062294032,300864,0,1 # cft deg8 r=0
5495163845755874262148710400,-20662539487293608179059916800,26336855104198471028794982400,-15912199278269861112211046400,5614520445436618664390492160,-974697505048414741407989760,13346309512221768751030435840,-4864155951929570734294794240,449934928187858261136470016,17474686478353914642432000,-1714500206235333102440448,-116931972563358212321280,-4586926265051739866112,1461872057731904471040,39626858664606472704,-1775227170855283200,168645461504313600,-1358557962923520,181353153817024,-1407180548160,11978503488,-21156480,-25248,0,1 # cft deg8 r=0
7725822257668872809725593280,-1765384029874219742366799360,638209936838368651239486720,1885044977218214183357265920,-2776861740500005576186066944,322477544034324892754479872,3166583836855194428341078720,-380253770539149860965547136,12842776515732100946128512,-23186862906700912524142528,1528629327199408415333376,-8067363477336035188992,43827052152602310811840,-206279444276978480448,2756800678061513376,-8224645896638080,3055740552276768,-578040125472,938364723016,4351071120,-2281248,1939064,1248,0,1 # cft deg8 r=0
324419021167761449254577561630400,473334467555972805391568678400,-435516209357241033208478995200,2773217737101793907796321196800,-218779259146278543521093168640,-13017463693532429687678315520,9591064257308927244663735360,-1224381273738416599370918400,55606467473866606633269696,583265428544793018657600,-116588712979135632939840,1949539669999178567040,71473435903266520896,-3623655122999144640,100984680534965760,2022115723457760,-127307009399184,905871651840,83779333560,-912811680,2457216,431640,-2160,0,1 # cft deg8 r=0
3424503843640777372557572832080580,-19550464333365850439888933048445120,258982037816450289102838427656757760,20620264016096831386613523190401360,-45214564707271291514508339218931204,1917935871452702321064503489367264,75415920155932130336503790363777760,-3227101995526354444286941543054008,35849223321314097784058108732097,6930900869368283028927464322384,-183022968820618393985126883456,152485151449813135917708024,2662932959074058646906353160,-2103106054015824295640256,1058563069734662126784,1169398755703097501400,-928240108822744182,392635817624016,233672864978304,-129825792360,27566892,22117248,-6048,0,1 # cft deg8 r=0
1500304034208304682348770614726180,1317493843371147734821658828650320,494318320021967248014692874028560,151992017277939873613199919638160,51833238318506167745125881080646,11050566841913513400757970839944,2250558754351471971925737678540,379664962532918650460960541792,56908874251449121867408515087,2533755800292554654467858944,596933629615215624147480864,-8526988896134450834892456,3107728559798299287786510,-35374905141676622131896,177439110180313360284,54424818118933533360,535521318260778828,-50090427311904,4703892733484424,-413573931000,15591852,-119077632,2592,0,1 # cft deg8 r=0
98356186899336816230400,0,8491062361202255462400,0,-7748693608341401763840,0,8100929398241620131840,0,386777859440665890816,0,-476655760818223054848,0,137726819487653050368,0,482859707511250944,0,844343541267840,0,956212107264,0,288124128,0,-36288,0,1 # cft deg8 r=0
7512565325271986949657701628096,-15013521125200607272322961844224,60919536839572040748428609215488,-83543820707979015065444326673664,-52808069637937307561586091650432,2225686142005953109520784993792,303215631124788781747048041016896,-13917853936770568700305491705600,1207486503878723464029489164160,-312617226464790521537115410112,47554027814515209285270909312,-2776594284655659331674438528,197891881610840123604304896,-12715047347886852890934528,365416327020916316248416,7550951180338267901856,-146594531846675153376,-503302183187537664,147056177588899032,478974998362752,1047764035944,659630232,227880,0,1 # cft deg8 r=0
12112469020618754551717900,-197472648018276818678691600,1992550101715385523182397600,749254372634918140772006000,-5226291543864659262997217190,-1418736679449483107099553120,3349597296078709237492571080,918661952511616983650724960,227785817310124157399290671,51972941010654919968168320,1078915924988006278045380,-102435460112241556363800,149882811323397125095786,11653730889638915411160,229592462784692092200,-3429332650705989040,-173643325619387004,-4837121811360,96443591110420,-6228678120,6841116,17586200,3720,0,1 # cft deg8 r=0
12929396219677079583504326066880,6525585656189179548537009392640,1826334917315549912187061712640,9242969566439429022128381222400,5181211075682386754454546763776,1593712175746814283102579680256,2095733564952745203617741664192,1302443286683437723415288670720,476378216523101655777703132224,88489406235643688618554883904,9137521649878531946081386560,461215205452451584640244096,71013438946168164750775104,13281357913474560670003968,1028448827708422435122816,-16583511842573805514368,-1260857114397646947504,3336285403455254208,827820242193749544,-2146555820490336,1414152286848,-1505621448,1765584,0,1 # cft deg8 r=0
337864304136371193945621829934500,16678514751079462292351933928000,-5292943202019731516264581461000,521143955268637296476953890000,302857140131736173947312233450,25656859349407845672744952800,1071959745171931467538301500,119975346637782510932294400,8953492724794515900479265,-313786986193297070659440,-12958124115406484956680,829797462290770842960,195727190993051925876,13376698496979655104,335008390469452776,8991228241244736,250998231815802,1808509126896,28922447536,-745542432,-5410926,-457632,-1092,0,1 # cft deg8 r=0
356919050324386318985280,250046714241440686702080,57076742080584277793280,508169991404827697114880,529654450759059787474176,198648438299527966216704,2902982411974823426067840,1907283121918304811570432,344244635028602395316352,804560642304976176441984,279800842365450367069824,3992600735343983695104,59236843447889564875920,651785457046069623744,26657088145553582784,-24435052766324532000,-3014434151331295392,-9526507582947264,66588129999776304,214645861755360,179069495472,-507237552,-846288,0,1 # cft deg8 r=0
100623079670032594478619497380,-232123079902223267600569831920,197480803293682755153531860880,-44698553508443979831718815840,26447802908492844757558929966,33640600599541360872050917896,-30699501324778498600811312060,-12485389505632252952784782832,10140026807325830448486150207,778186016073523724863898736,-1108387723821614861904932976,-4869051701676834444934104,103569723270262752295897770,455411156329195589454696,2979487321716210494004,145321099166147591520,374729772593468268,664285332556944,77142053558104,21637072680,1069625592,9089952,40992,0,1 # cft deg8 r=0
116434435658052146352626880,116147472386847358511393280,89640613474712222827080960,14091341899284737703325440,934371146687738158302336,-1322296221946444827844608,-191554818094369142043840,-27302068142406178436736,4904221750934827876992,625031893523116078272,151294409889242605056,14358532822810265088,2892237300141298560,251573119432114752,8718177614317056,-542362298389920,-9624237759072,587772894528,18452487096,-1036910160,12751272,73224,-3432,0,1 # cft deg8 r=0
28692271019548331773572038787545580,-11214634018262810459440205723131440,8655226654173642423286047184661280,-750948919830550350270076577034960,154950612784930080181224138312306,-1490809923070997269066960582368,4066903040778703788684436631880,-37915436063832152240451256776,24072151607261344681859727,-131290428683435443211443608,1032700688574590206091196,1938795602293379767248,5311032406497748209330,-56888991470759524848,127655628643137456,-60289059460759560,522491721142068,460712558808,1101001491756,-14970620880,61664652,1256544,-13392,0,1 # cft deg8 r=0
56168409222231622899576251980,174876755501746027276770040080,174787097805119096789141520720,44227792673551875249619128080,7110929695117134159866978826,464151290470616335657039488,283520538765445733474638448,58796491443708725129199240,7586315024848979769346959,-604190349843874869326368,-18527708653590249536820,-202970579005276824528,1840099715490018299194,53003114641618154904,812858378671115784,24312470290636744,1208534427084996,3136591456704,603904023116,716672208,2826108,-690344,1776,0,1 # cft deg8 r=0
1764353253858904641969153921571780,1556515362033121763552356340798880,517019338432075658469527065366440,-41779155377164620313630501538800,-55272711535182176740868057060214,-8194117200383255365557938658888,1632791141610467703911877329048,375888926928900600461157750360,23194029852702874188777796479,-21613843163041444423897523392,-7058714435598934393074323940,-10812718046210455891656432,656840186692827584591958214,1008592228577570770394856,622370860131263910624,56039827351553668216,356911332910330716,406525486587696,-18684953619004,32003922192,103616208,-7234736,-13824,0,1 # cft deg8 r=0
13063834405942779238000056118336,4892834138086132592179782144,70615164412274558843598006528,5562058428630775401284451584,-3072778876292734337335020672,1804869776003762912779008,137938315709833367557470976,-2077055011360146962315520,397953555425873162953920,93136750118065099198592,5425580072473977034752,25400594809363465728,32353321461791143216,1023251741119733568,7799608823422176,3358563676216544,122634962543664,1363386773664,107429285632,6143469888,105102864,-311632,4800,0,1 # cft deg8 r=0
2617580901277167144963926080,553223209354477771285824000,1259355880002745356508696320,553125288725582993243514880,60336368764024293779903616,-17505378864919633834372608,8557375694044258808276608,3802577199447949361291520,745318686823545891472704,-366817783983364567417472,-149598281964440645760,250222256093228410368,2599638202052241694384,-72781433982861123264,316251524293889184,51133043488627456,-1444631107586544,7097191698816,325195068496,-9215106528,82991808,-21296,3936,0,1 # cft deg8 r=0
328094410509518131830673670534500,28470704967940743482760165888000,945849730042623413043386379000,856728038382599467780030710000,97380668126731296975498573450,4560604838313378951585268800,171812256127920053373797500,7950368260355932771790400,277371487858018933128465,-617318505957415486051440,-50281717640437305739080,-1533218147260226997840,143209367358805258116,11746236293524184544,298237031515432296,8798758747226496,259208569858122,2196529628976,30412692016,-619600032,-5041566,-457632,-1092,0,1 # cft deg8 r=0
5072938022566053665588575296,-2560538780009238140454726144,15498075120635691896563314432,-17515494738810720388693382400,-11091917900894245851876262272,7835606095373358068206437120,8335290429855907344218119680,-5031696181755415649466942720,1015146888703109008282163520,18782440755122872104733440,-36627060011990894606738304,-293800265932341043793664,773680247126441397481392,6241352155641254272320,-8200327020550006752,-2861412578796403296,-17890933926075696,73834905548448,5406742824480,26553215232,44222112,-3269088,-5616,0,1 # cft deg8 r=0
148803453791021898899213420258496,-73855932933148259430301283068416,12628975983337905310706763310848,342611435457312684771996278784,-102063041034327134908934873472,26063994504527201976750759168,2430233938737710346169895616,-142436075668028491309027200,20082043541005830977558400,4438806569858540029620672,-220379174915300912458368,4079077084383317111808,2655135659859983709696,-58091400035428830912,428204494754378496,141774689725003584,-1956953223042336,1782619609824,2657069042472,-1484188272,-56376,-2345112,1080,0,1 # cft deg8 r=0
565816563418166235828777959500,386881530714385197180803508000,66560160514861347512781274200,14411552994148853377332758800,5198059085214773453645879430,-21842851021313758186688640,303560539361036956636832540,-2275875974926771127452440,188050279299576391739151,-101791978362315414769640,-3466268840861712247272,32137345544008574880,39545558610281569918,-332655203985024720,8443167432497316,-1895402598071320,30416691711780,-622466085960,21036493736,-618453120,11587068,280160,1128,0,1 # cft deg8 r=0
12239951433995315414681554262080,53887415459406811695605888624640,479520703901834775367033077768960,-443880080396334545686403680614400,4545448342677652363305430977699456,-1975640088909023671962044396537856,15586574048774578076783483651749120,-6721976382779633253753978988282368,1550085288084803898041668795138752,32755347277858992441266229031424,5152025748607970506678452539904,-30662446470400810868344644096,105576488635309595316905489680,-750707754057504467959236096,3086589038454604802656224,606340113698231021872640,-958064755994766759312,-403294787355020544,1027422704301876544,509299677894720,369994918032,1203074048,1191072,0,1 # cft deg8 r=0
334556184902765355931759180,-67259631073073638719054000,57754076528536264015569000,31036824720237137005214720,-3167406961313312505307824,471249780274660429790424,691426111345016145742820,11294439704627340582432,11577337937165189404377,442249071288185147744,91064158143509575524,6534834565357201104,331406927637346720,24916042262683584,1226166671873844,48620174458240,4940260772058,194452415856,10626620324,447914640,7030512,165448,3672,0,1 # cft deg8 r=0
77573813141023722000,558565181949581352000,1592390388377702563200,114412294567837327275360,651446116924314225376296,17532409542434504108208,66627756440088588903385440,1788064166861739449595576,49617582131298802579857,-656474906916999928244952,-28596163969842281827344,638019899879635540872,4379027994787781040660,-75731126023385618472,646878184194170736,-670959465378332760,10976371345229958,-81969212149128,40449976837776,-432463111560,2484938412,8692056,-99792,0,1 # cft deg8 r=0
329037422998024110992038557192196,-119123928484841837038873094113440,243793788152093299218209230821384,-39338302624950450880790362162720,20894982499892207153246634912402,-1635324981894883743300460818360,785873453712930257312491030208,-28341249164230484368281954600,6552579598061143449389151663,-1295837923915743552295599040,-420518889834653402874622932,-4141317572306894124550080,5326613629100460723703978,49510316365874703502920,489352188713220885528,49653434388280691800,972916779985574508,5236901168750640,335825178293588,2424067594320,4489429572,1561600,7344,0,1 # cft deg8 r=0
120895381304885588206109490180,697467898926748382197049940960,1534636476556204120580643751440,1199225688793754001501188533680,-44539361478755340647282668600524,5069867995213606298494019813616,1035455671631866097175898580269560,-118037709984770631576071914889592,8032846389652053782882400998817,-166447757720862016024237797024,-199564207259811338378222856,16325982607992566019097176,24647866149419940266226000,-1181704020792949026489024,63165741492022836546024,302237051516053385400,-31838573969927188902,94125533306331744,4787945480658744,-14254606012680,12979505772,-134533008,175392,0,1 # cft deg8 r=0
86910609524536528758374400,0,2050930303050111253689139200,0,-5233422659788340184392663040,0,3088595531704209059590963200,0,366896553355007820294230016,0,-34930621752707349948653568,0,947928617486313667227648,0,-1667935902453353542656,0,78032209890181841280,0,1743098032978913664,0,4387520448,0,132432,0,1 # cft deg8 r=0
4480004198231143769226775468900,-1069229428780258217263456734000,88530064029719123931158374800,-10456886532757936516998448400,1327785199382566094254558710,-23103192811094467413186600,-26769803402096940776331220,5131084181359743591755760,-372334051909804070310849,47403289517541180070000,-8424247350185079052920,550517780439758498760,69328465186932757486,-17772504377622685320,1366063796419072740,-32513177103453280,-326003665432644,48766778354160,-442911492640,-8598684360,586762236,-398080,40440,0,1 # cft deg8 r=0
24189320683368544235845973565292096,-835586227395108270057616153436160,1668972744089694450443870833618944,1184700090568435336834842090572800,66323520893750203343071841112192,-733898604470936308554819386880,16112565983427436397198939731328,-149924095666479146133550742400,1173306157166925635158594368,-1299314298209923612119464960,7761633591779730048307968,-41102876915299958808960,23684188323579284488048,-292491240523354608000,1261080808278530688,-120036743190513280,6390993995907408,2983542465600,14417137271888,5219645040,389952,-6906400,-1776,0,1 # cft deg8 r=0
11617247410928966241414577258669156,-2602681084093130113228959533160864,2210106817969075643567226412780728,-406883447930409623425163028053264,154183640797942581791755222008138,-24004852335230085439453440852768,4713635652980909188336958839196,-497723919818638285965123054000,40609924981638922667930161185,1171239209558453157165625648,-165796899979174135625031168,3607230208563547332701472,2091928973189253159147556,-55030610616706290506688,459804115898885231136,5706410264618298416,-136794450341677446,774658784076336,7631617202792,-115503549648,328328514,4829792,-32220,0,1 # cft deg8 r=0
45912085517960387691160900,-139655814027178328551428000,104004767826682007791236840,-5153740603759939890295120,12606883417587228874405866,227135829124915612898472,1886922297594062581419128,34238511102710178475560,-4097158609502032244001,-3854455671360866973232,-299130137100740090820,16159114417087306368,37148325945829322854,-851265329155685064,-71758968922020096,2585593802665576,110804667986556,-4559934995424,-98584534684,4629682752,103616208,-466736,-13824,0,1 # cft deg8 r=0
1106078840143472555422999780,828556413905709705383243520,297454492817915925422641320,-15953268103393282691182400,-34921532209228936396282014,-12002332180340844720369144,-130193404584508278991520,538344998136199359377928,177416727639891947888607,13076048338460251464016,154601947709093322924,-51293054902140199584,-3034935163951550690,-23923502113296984,9501893867677104,328639899207400,-75717956052,-923132919456,-7450309436,407969520,56318832,-27488,-13128,0,1 # cft deg8 r=0
55657274975460193309207988026338880,-2072334729439631777464542264268800,881673024689692396689591377187840,-1632859984295035347735089826814720,-78490983686703393535896766420224,-772179515744636020374151006464,14466219060311159407938764629760,242074567510704009908169228288,2744490338640724955293994112,3917595695171036998708654976,-52834536770220104461676736,-831220000277662179235584,9032347645166548917682480,97051496882567312820096,433885421785401362304,-5833646451573518240,-95871296747829312,-547137777083616,18049480876544,207907039200,950269032,8744752,38232,0,1 # cft deg8 r=0
144216451901243117158600932172480,346149544355288400439389359086080,194983078823363006665414882018560,-37020053936203263464367299520000,-1474674346452115126130339051904,345411380387037027963593193984,3864180761120291540153630971072,-434717305020049147524618157440,4009007335107730405599224064,275242565591084464397557056,59570354820041942297472000,-2256554322801770241079296,-59878262686557698916096,-254191437133738331328,150343098993388861056,840456326961727488,-137382017520501504,-96061233460608,41783156946664,23741208816,17093448,2433048,-5016,0,1 # cft deg8 r=0
53345565489470086368906105797739180,-17697326585683806232953444031954320,2450548968601071685718915261398080,-1182096675552299485857145210353600,362926943982524629170569656356066,-3239712954082688752593904410144,13986204745246281337812044142240,-195093225672096240989347317552,8404818301422912716807357007,-4698100986531165738766737864,78915592984276205169582924,-1164456440702339816835864,715384943092799611851330,-7003542284724767396544,40558503480129311544,-46705784356403762400,120269821142154708,28066167947304,1134392614922124,240405165000,15591852,47923632,2592,0,1 # cft deg8 r=0
224919544770390625000000000000,25365392412375000000000000000,398913592950000000000000000,12426929989198750000000000000,710716825343250000000000000,-9280214408250000000000000,222865799306600000000000000,1933983861435000000000000,42735117712500000000000,1299344604984250000000000,-4600062866400000000000,571082700420000000000,2446049981586250000000,-8416969929000000000,1076438214000000000,-6953133610000000,580485510000000,1654074000000,138113600000,-234120000,-17460000,-190000,0,0,1 # cft deg8 r=0
1820813763084831360000,0,5158972328740355520000,0,9172478129677869134880,0,4207926095831778123600,0,89898952481894592441,0,1075838160008525040,0,6850172718876456,0,6408603453960,0,-1401934554,0,229022640,0,47016,0,-1080,0,1 # cft deg8 r=0
42246085819828949218750000,26398670550447075000000000,2873621446709736093750000,-22944313476166152000000000,-4755664808009434720312500,6951664246839205781250000,513922416079683592187500,-2112852658090163649750000,732249294736522058240625,108265661031773267100000,-102652004665428701602500,15061915904693119560000,4020685110875684945400,-891059940384424297200,42348086921984875740,-2285349256057215600,224631911520854766,175764586158720,286892857343284,215633559840,195331356,-15401280,-28776,0,1 # cft deg8 r=0
4958990354146027278293651678400,4624739161606988780930982374400,1514213861486385982396476349440,136967086518681402757970173440,-27827815344647388686668473984,-5769539206802782317666118656,513935696858476606555038912,151940517780519179006688000,17911436561945888974210944,-1042706577568518822164544,-212484085557418698606720,-21902888107104120740736,990548328612998594304,160128262223180284032,15412226614571159136,317382486265199808,2160497081680416,-566499676608,24329888754984,-31354759584,32624568,3606408,6264,0,1 # cft deg8 r=0
1465779493571045859445288242787055680,-385422064763053752250976795456194560,48394245961796221717477028020281600,-13040055160916200715453452278220800,2359150663436308952367320031115776,-185806609989729320531798966013696,139066106077241993753386754275840,-8236844707314456448496599563648,800229391429571344991813985792,349858288862634938197176405504,-30048774054074657407037480256,2939698586675560705294610304,179965727084266121890914000,-20223100364510093133972096,2181254040229433936372064,-47394810826925620423680,1947615145882597745568,518432308724153376,3195827082291534784,851602237310160,241203483432,-1014024672,-959448,0,1 # cft deg8 r=0
5927451456684557585970446400,546646033551953705563123200,6459569069201383030651353600,-7630634651529463578541497600,12681867118548106600537599360,-4654910181899167708141820160,2597951917458479575925953920,-1390984496593298717221607040,227516696817913540148867136,26417580062497666325095680,-28083661383699558445189248,1812072408603140976370560,7454677868356867112692368,-513575991196698367828800,9951100356869722062144,64774273324575281760,-4639734129609134640,-3740694173206560,1480867870197744,1203240802320,534234528,-14355360,-36288,0,1 # cft deg8 r=0
1036372202204280480399011766076480,90726604617472827837162860766720,4318753539310666602718188119040,-13629292989078553865399190945280,-767283161623029354299639693184,-26609327221913191988306330112,51784518818091372586053131648,2108835377638748224891113600,68264250289722144685445184,17215840536271827586126592,853936816948693933908480,26722728746201674288512,1735835810824220075824,112283986548950656704,3485608633940626944,22150195092881344,2217218947555536,38186502620544,1892957279696,28099418928,188601408,414976,18576,0,1 # cft deg8 r=0
14757006737049415009560806400,0,57005945662852508761843200,0,7767982353878871197801760,0,4416841370524745718291600,0,15500934282607683419961,0,857107478911744215792,0,312930785489225541768,0,1062168554223063144,0,-328478646084570,0,365824519344,0,5440329288,0,-147288,0,1 # cft deg8 r=0
11313847449,-46739173068,90139833774,-37583507520,-91706876136,82654664436,-4925828214,-27848453184,20215248003,-3015671796,-3015041940,2161928232,-651542292,-142574904,169199442,-51974784,-104976,4074624,-604044,-89424,20574,648,-252,0,1 # cft deg8 r=6
-676667181631,1847413742328,10990755663804,8630482957152,33173017870398,9029458016208,-69588795312536,227939404557096,89443507844493,-172339825331344,-56881064065476,11142245760120,2485410062390,-333929300256,-19945747260,10177893200,-1595447862,148451832,-1983468,-4169400,328428,-1976,312,0,1 # cft deg8 r=6
1175339921,6092198616,12839967252,57354699920,34463041662,-135929775024,2512423205576,5626879690728,614277601155,-1965655705968,-150550142532,-105953416776,-29623673522,-11559331440,6546418524,-498960736,-39546510,44737992,-7401028,-259320,43884,-2488,-648,0,1 # cft deg8 r=6
1240420923962910337521535249,34862599640846327506736253240,53421485718761260662489532668,-3313855220681782715365509051256,-5340866663557561756395925545900,-2129630789909858292248093699832,251549592546499553129634128472,186949965995868223342588455768,-1808504626287338596652877639,-15978189110757824342003941392,157060330138270201479780048,-163078509338344369138824,-8528482670240012567067526,53235310168962535649616,139566010521897727236,-1418031038991995357224,6623290659708235164,33650702641213632,1013431625708044,586186631736,-25471313568,-305879776,-1475304,0,1 # cft deg8 r=6
832531674545977,-17846955716969400,8506805398090776,-268379780535901888,-27865153591918692,1311319458219236256,300795615907051580,-275405048122746696,-445687331688973143,35024643476358928,90665717671862088,42637260547211904,-25466610512137634,-5457380014167984,2422111533857568,931489010570912,-312110976379476,-9149784435216,853473475580,26556749256,240788016,-1129952,-3744,0,1 # cft deg8 r=6
755968,-33621888,541217772,-2873413136,-13295775948,181457564472,-228348148940,-2757869340768,7397783466885,9625739009608,-39897925827852,21494747575692,6311805527830,-6391556990268,1505711140074,-66290211308,8441182215,122781096,187305574,1293576,9171,10204,-78,0,1 # cft deg8 r=6
2197,0,0,10816,0,0,17030,0,0,7930,0,0,5758,0,0,314,0,0,11,0,0,-16,0,0,1 # cft deg8 r=0
325,0,0,-640,0,0,28,0,0,380,0,0,151,0,0,56,0,0,28,0,0,8,0,0,1 # cft deg8 r=0
51198729978080944832576,-1559815178085571696189056,14511526241124170397529728,-31128411967250855615884968,-155256756693627474286667040,635667175621912661256933432,80237741247159231058845279,-2267608589109307866783169323,1012427511802382507762554398,2324396556431661711736693975,-1120181336723210520622287546,-196108124504056987104050319,44461937870111440231479451,4003485041373400048106487,-496376994014426622583791,-30534473540187542013264,1556885265471489547665,66552742110687847038,-1003239091199437140,-36852669809530818,6637438334061,1324979873840,-237519930,0,1 # cft deg8 r=24
318644812890625,-16824446120625000,-127101042965812500,4648482300154550000,33244521737839961250,40115297845060308000,-102703671841022480800,-138957299584139704980,122260763876379522381,129002993400037855280,-58493113253047662540,-35451339082766757540,3200173638778983438,2949287738590801920,319200002782036740,-21502382347160,-1448277262498482,-64298285106120,-465990727020,22195618380,349568388,-1453400,-39000,0,1 # cft deg8 r=24
-8175282590511192075254249,-553826906524972159050960018,463641315722625957779058732,389182096811329501516690710213,-321202772519134373424267123723,-46931134534455961273166576280,39209064864455064946010948310,2222746103933812827080674932,-1688956461599786843146038567,-71427754915522283093182413,31554259135676757664313862,1549037120062163713202601,-225691643822217086861404,-15136199901215522907240,125239579275042350577,22742833045464459355,324392995110581016,-2944119003420015,-59856701756552,121994127096,3829219416,-1601695,-103164,0,1 # cft deg8 r=24
199,0,0,-286,0,0,398,0,0,548,0,0,493,0,0,118,0,0,11,0,0,-11,0,0,1 # cft deg8 r=0
174049,-82182,-68160,-414800,313368,211986,738488,-24444,262476,-189866,107142,-107040,45793,-37830,17487,-10270,4896,-1962,1166,-222,201,-10,21,0,1 # cft deg8 r=0
6859,0,0,24662,0,0,144506,0,0,-115858,0,0,40795,0,0,3754,0,0,596,0,0,16,0,0,1 # cft deg8 r=0
3573,10188,20844,57486,46023,-128418,-268352,-117504,141930,209568,106812,15498,-981,11562,17868,12184,3834,-720,-1128,-306,135,150,60,12,1 # cft deg8 r=0
3072,0,0,-18432,0,0,27136,0,0,25728,0,0,-1344,0,0,-2720,0,0,1368,0,0,48,0,0,1 # cft deg8 r=0
379,0,0,1282,0,0,2542,0,0,1634,0,0,1403,0,0,158,0,0,76,0,0,4,0,0,1 # cft deg8 r=0
10233,0,0,-8532,0,0,10584,0,0,-17928,0,0,6651,0,0,-1044,0,0,1846,0,0,-70,0,0,1 # cft deg8 r=0
25408,0,0,116288,0,0,151552,0,0,-29536,0,0,27808,0,0,-4696,0,0,460,0,0,-28,0,0,1 # cft deg8 r=0
208,0,0,-824,0,0,724,0,0,1166,0,0,1259,0,0,689,0,0,184,0,0,22,0,0,1 # cft deg8 r=0
2197,0,0,-4628,0,0,34562,0,0,21880,0,0,11365,0,0,4292,0,0,830,0,0,38,0,0,1 # cft deg8 r=0
359152789,-1653282276,3073183614,-2693914420,699389589,769634352,-629739158,-39660804,215692605,-59070396,-20862360,9928872,1590018,-1155888,456570,86172,99,-3888,16990,-4128,684,-220,48,0,1 # cft deg8 r=0
753571,0,0,470132,0,0,276238,0,0,32672,0,0,6793,0,0,2648,0,0,298,0,0,8,0,0,1 # cft deg8 r=0
784,0,0,0,0,0,5872,0,0,0,0,0,12120,0,0,0,0,0,256,0,0,0,0,0,1 # cft deg8 r=0
416945484693049,15927681659802588,54252064570638168,-1178138704407354456,-4736878149373028373,4718311430203916883,31846598981998202090,9246378475592190621,-60926417111843634546,-40706984498999861744,33094300845376731324,24269615308754771436,-7454280607371717786,-3699147285504149595,905624329413361743,5698652967284182,-12426411106717161,768665057326029,-2146995997131,-575810907801,6660794871,6452245,-163308,0,1 # cft deg8 r=24
416945484693049,-982026784146408741,13903680464636977755,8254043088868246780773,-117640251025333089717963,23715474786340667412498,319097044206672185516361,-14216538678777244946214,-200049929498180541236535,-8817306474837975354396,45488792722901675444817,4191843616036303081491,-3477640936717840894751,-287783441727636398850,63243950323671682776,574526309474766915,-306378932975354655,7354035782951166,178110601917254,-5869667265354,17272007217,206367912,-705183,0,1 # cft deg8 r=24
15870738739,79408984308,108184979610,-398370053486,-1153802743710,89046903159,3190714292501,-356751904272,297932057721,49158230867,10662608529,616059036,993724264,-349882134,-11723112,-10995479,335766,51138,35414,8829,2268,-312,-78,0,1 # cft deg8 r=0
13231489267734479211479143572920860672,-4257065846866444976091339848200212480,1465173235315691055904280044760395776,-21684199228946144675190984012950457293,5143061160843589822373568335841339615,-34491340981946602076718956265609444,9461211009036347323437441025579676906,-67771892265080266822083173172231525,372143256902903035572476395706010,-16023095948717702027937426442306451,134170441110179341054924575589794,-735234070343472388125771094260,17358230035618932263106694633880,-122356994852585305479620273673,634644090436792092078094614,19033915720330298514537140,53687400134574312779994,28284148523564369595,13386154774955384488,3505035447103293,11178774345483,-7129637702,-2392386,0,1 # cft deg8 r=0
4518772105596045338637193,-118157209905309271031244234,259721867904822372801989601,1878676103968436946234767134,-4676121037183548123557727003,253645075235735819358759738,2014561305218849864307481370,-119557251581947775748995400,-178857219283028815372038990,-14184794040815446370948498,2129737918133599616652261,255731922483173934866190,-5036960180735250359234,-1257005474077723231932,-7238884919211489033,2399393091901338998,24548678823503763,-2014607520479484,-16162397074855,604298843274,4869433998,-50525482,-417744,0,1 # cft deg8 r=24
318644812890625,-573560663203125,-87181220806875000,165555491163684375,3397598535759821250,-6613607789080227000,-33074810817847322875,67038029970813196230,478795019415613056,-34948970353413625925,1079152590860850909,6285192161371631235,297225908182561800,-343760966055398580,-33404206454429499,4191775675368125,437959223695149,-12564330696450,-911333304609,14719872960,452140065,-2284165,-54561,0,1 # cft deg8 r=24
1502014144,8072283456,17949451392,16801566696,994285656,-12337615800,-1354533495,5287619976,643714533,-1266875406,76468677,-14123844,89404218,-25845618,-1038996,145456,402735,-11304,-23621,960,477,34,-6,0,1 # cft deg8 r=0
108951844000000,-672875232000000,1159528401000000,64316962376000,2556719656980000,1665917977482000,1620899890672576,808330399356528,-16235498429199,-62870928746180,6783643141098,-1084676066928,180616757005,-5226774312,3792731112,-582826148,15843462,-6244380,468106,24828,10332,-1252,-60,0,1 # cft deg8 r=0
172,0,0,168,0,0,780,0,0,380,0,0,-136,0,0,-60,0,0,16,0,0,2,0,0,1 # cft deg8 r=0
184787968,755367936,1404205056,814661632,3133223424,74907648,2531059712,-759530496,1081559808,-862918400,531069312,-214042752,57979360,-7852416,-652032,622720,-65664,-39888,23008,-6312,1008,4,-24,0,1 # cft deg8 r=0
36785352704,-694652657664,4084746283008,1452511847680,-10142530898688,-233048280960,16159894874096,235984825728,-1160463344040,-124182586508,60547675224,-26392751856,7584556219,2978108694,300673521,-134553260,-17478732,351558,564001,20688,-828,-1010,-15,0,1 # cft deg8 r=0
20717824,-142973184,103461120,973611040,150596160,-1934253216,-1525066580,799024884,1577579976,746445840,91660716,-28792836,-3644980,1644936,-217296,-176978,63786,42300,14712,4104,1008,156,18,0,1 # cft deg8 r=0
14692624960000,86084637600000,188747100360000,69611396252000,-600751358048400,-386035036178400,1439149668008813,1180926441734748,2078401755998745,-1548970366964584,-661702330486320,198183126088566,152846934861645,-37742219983734,3614322620547,-465069505454,-66090753978,1930662828,7804067313,-253398438,15595479,-169100,348,0,1 # cft deg8 r=0
1072,0,0,-2592,0,0,4032,0,0,-3096,0,0,1748,0,0,-648,0,0,144,0,0,-18,0,0,1 # cft deg8 r=0
142902538100258125,-238856970928419375,2787067363144876875,-8574197583409953850,-128301109285890152625,351534899055297294450,1387748177701830692482,-4190343497831848935597,2570381647703663072328,458443431491195072428,-727420119968393512416,145647321157308145410,5807931942270507809,-3579911691651961050,268307841314609190,-6045054171984460,236190262284411,-3403844211996,194585931087,-2930311743,24486399,805265,-6447,0,1 # cft deg8 r=6
679556870552525,1725176865885900,-8778057994310850,-32614298550965,22199405629341285,-21497381049041280,12496107170633673,-8481748633708908,-9013109733828018,12665005994428554,2874453424237455,-7158751594908984,-321635010028917,1942631947795992,139878970489188,-242988856322574,-17666554230807,-428196016512,-11139571121,-291982797,-1921176,-288972,-9075,0,1 # cft deg8 r=6
-33686989600327230704,1680374994140095358592,-13639687468249704671232,-63747580915953261469840,921738443780354211268512,-2447509427838282460952304,-872489114104592289976184,10370736596819979874247232,-9036110728718817473771784,-5034207013032088698650184,6842158550785856687632344,821514947875809555496176,-1335425927434946695941088,-124767721624209747978024,34557562038110276408904,1522447781781578020728,-285366448460150451048,3983747184813916476,91698820502153672,-1559820826790412,1349633023254,35543459710,-32610726,0,1 # cft deg8 r=24
80252910994,-27882168804,40099754412,116101202856,46222553277,-150598266732,260719048594,-237343330302,111092169177,-46657828714,19819055442,-4610304306,656275283,-572916798,210315726,27670810,-29851788,2601126,2538478,-227322,11916,-3142,192,0,1 # cft deg8 r=0
2018418021,-3286855422,10558197396,-11063361942,19395104778,-14833263348,20015908696,-14000431782,13973373459,-8665846628,5490661302,-2924050824,1229738530,-409523580,100441674,2494762,2543376,-461358,1080296,-134244,4338,-1276,90,0,1 # cft deg8 r=0
1815544643584,-23655322681344,74688526614528,189146230198272,-1178434593693696,-597704744226816,7518152873379840,1055166017556480,3156412784477184,37848385923360000,33020469187168512,9497757806989056,40291244827014208,30627281485544640,5886023697895104,176913815325952,-134884082790192,1714827958704,141119912626496,-1796893592928,16774316388,-22433036,73512,0,1 # cft deg8 r=0
