# IGP24 class field sweep: deg6.
5391,-24588,70227,693804,1769930,1911136,2053111,2374580,2542624,1906796,1008051,527332,256760,-4844,-127263,-89352,-20136,7812,6505,1296,-264,-160,-17,4,1 # cft deg6 r=4
38592,171168,391664,268928,42304,38048,204848,-90912,-86624,131480,147828,27376,-51824,-30296,3260,10152,4860,-998,-1393,-28,200,12,-12,2,1 # cft deg6 r=0
256489,1332692,3550242,6991172,11642553,15996180,16363746,12225808,7044890,1169124,-4151918,-4901876,-1607175,963884,1014990,269008,-36342,-27860,142,1604,-183,-164,-2,8,1 # cft deg6 r=0
17,0,51,0,-414,0,800,0,-509,0,90,0,-444,0,-392,0,-605,0,-257,0,2,0,8,0,1 # cft deg6 r=4
17,0,-51,0,113,0,-1119,0,6403,0,-22034,0,37846,0,-34858,0,10755,0,-3927,0,13,0,93,0,1 # cft deg6 r=4
109584,0,-995388,0,2669393,0,2840998,0,-2037417,0,556868,0,3190001,0,-976690,0,-134687,0,81148,0,-5665,0,78,0,1 # cft deg6 r=4
-171,1611,8847,-10026,65033,-121438,8566,136466,-62614,-75383,46781,32342,-18239,-18338,8814,8542,-4810,-2197,1779,130,-347,52,28,-10,1 # cft deg6 r=4
480322,-882464,2238158,-4173484,4964660,-4327828,3110970,-2181490,1429243,-737496,477645,-328880,152907,-96304,67651,-25456,9198,-5194,1463,-58,7,-26,13,-4,1 # cft deg6 r=0
31503,64926,-83051,-201738,108392,267452,-78784,-230364,9528,144100,56197,-53118,-60524,-5298,22238,11390,-36,-1744,-1025,-504,-108,48,38,10,1 # cft deg6 r=4
-71633,210218,-169099,-112798,222420,-213404,303324,-1004,-290208,56972,66817,-13290,6132,15406,-2482,-5754,-744,1116,-349,-124,108,20,-6,2,1 # cft deg6 r=4
831,4724,17835,46156,93246,148618,195634,214866,205891,173652,131966,88892,55624,32168,17660,8520,3973,1608,559,136,50,30,18,6,1 # cft deg6 r=0
197066,-438168,458026,-546616,1074704,-2018628,2396928,-2038020,1663485,-1165214,690137,-436680,240386,-120882,63521,-29004,13144,-5274,2171,-744,282,-106,37,-8,1 # cft deg6 r=0
98125,0,-419975,0,696728,0,-339722,0,-404889,0,320966,0,120584,0,-56824,0,-14341,0,3385,0,656,0,-70,0,1 # cft deg6 r=8
2932,7760,24452,-17912,-11370,-115280,56782,30778,115575,52556,68803,17650,-14933,-1502,81,-658,1706,1158,79,-80,-55,-20,7,6,1 # cft deg6 r=0
98125,0,419975,0,696728,0,339722,0,-404889,0,-320966,0,120584,0,56824,0,-14341,0,-3385,0,656,0,70,0,1 # cft deg6 r=0
648448,0,-648448,0,820064,0,69296,0,31149,0,292492,0,48060,0,-9156,0,18386,0,8164,0,580,0,-60,0,1 # cft deg6 r=4
234011,1020512,2354887,3706656,6214309,8449390,9025575,5997766,1284470,-1669048,-1622377,-157874,656941,462824,48495,-93310,-47548,-1694,5759,1820,-69,-156,-23,4,1 # cft deg6 r=4
1052497,-845612,338172,-803092,1116252,-336232,576196,-965732,561464,-336956,514100,-305288,-25738,55340,17980,-12044,-7820,4248,676,-444,-128,60,12,-8,1 # cft deg6 r=0
108826624,0,0,0,45857792,0,0,0,7394048,0,0,0,560768,0,0,0,19632,0,0,0,252,0,0,0,1 # cft deg6 r=0
6391601,27422380,58111529,80763340,84582932,72589616,54779963,36518420,22144576,11701576,5868899,2476036,1098286,344568,149635,25680,17862,64,2357,-344,284,-52,27,-4,1 # cft deg6 r=0
881,-7786,34979,-105196,229089,-368610,435481,-361784,178820,1130,-86557,73386,-21255,-13628,17339,-6600,-854,1588,-335,-164,83,8,-9,2,1 # cft deg6 r=0
41,0,-82,0,-558,0,866,0,1919,0,-3244,0,444,0,-212,0,759,0,158,0,18,0,-46,0,1 # cft deg6 r=8
631989,7553082,15748354,14782346,7343293,-1229330,-11333412,-17484148,-14085946,-3607542,3436470,3003902,434397,-586310,-358948,40276,79174,262,-9662,-206,781,10,-40,0,1 # cft deg6 r=4
369,0,4100,0,-8409,0,2726,0,-25054,0,85584,0,-124849,0,96154,0,-38022,0,6112,0,-913,0,118,0,1 # cft deg6 r=4
369,0,-4100,0,-8409,0,-2726,0,-25054,0,-85584,0,-124849,0,-96154,0,-38022,0,-6112,0,-913,0,-118,0,1 # cft deg6 r=4
-33984,674688,-2499808,4266880,-3214552,-2361328,9063644,-11093180,1618013,10485550,-8850580,-815594,3321266,-543400,-551634,114014,69271,-7248,-9226,130,910,-6,-46,0,1 # cft deg6 r=4
3097,1024,29238,6592,29379,-45824,67326,-39612,84031,-27348,33860,-3312,10138,3660,3756,496,231,132,-234,128,-29,4,6,-4,1 # cft deg6 r=0
185652,406944,3564,-230832,186588,-138532,-317580,304228,185013,-120186,-2541,49902,52068,13402,-2817,5430,5518,2394,389,10,72,42,9,-2,1 # cft deg6 r=0
256,1280,9984,18560,85024,101312,233696,196576,281908,187368,168272,94864,39152,16828,-7000,-5016,-4223,-2020,-154,-20,139,48,22,4,1 # cft deg6 r=0
31296,1114496,615968,-145984,1070648,14720,-1679836,-1049764,312181,1088312,490160,-654088,-276302,270252,65340,-78052,-5265,14828,-848,-1872,286,132,-28,-4,1 # cft deg6 r=4
41,0,82,0,-558,0,-866,0,1919,0,3244,0,444,0,212,0,759,0,-158,0,18,0,46,0,1 # cft deg6 r=0
234759,470449,755629,1179234,1488935,1540742,1345908,1049378,755267,501458,338658,220196,150818,96460,62148,35104,18989,8853,3841,1378,455,126,32,6,1 # cft deg6 r=0
478061,-241672,-790638,-1284828,1241541,2323672,1122650,-539908,-315718,914192,474594,-197812,5537,140376,33590,-23916,-6046,2344,-90,-484,77,64,-10,-4,1 # cft deg6 r=0
972,-5832,16092,-21312,1938,32416,6998,-21146,37325,-8994,-34795,16038,21217,-6654,3691,3048,-3044,-52,317,-212,39,28,-11,0,1 # cft deg6 r=0
2749,0,-10996,0,2696,0,95040,0,-68716,0,-75500,0,26722,0,-8700,0,1068,0,536,0,48,0,-20,0,1 # cft deg6 r=4
2824,1868,26018,-16116,1776,27404,7834,-104052,307780,-517032,651293,-661014,566062,-408202,254728,-140358,66697,-27732,10043,-3158,870,-202,42,-6,1 # cft deg6 r=0
75448,255896,448952,944960,1232064,1138776,1478616,1002640,1110036,647076,513776,332172,181128,83568,76928,-7144,26961,-5461,2759,180,-167,16,18,-8,1 # cft deg6 r=0
3044,-5440,105720,-203984,-148906,644932,103444,-81854,791747,657874,435336,182040,-45643,11576,3674,-21364,1566,2952,-1906,-322,295,26,-8,4,1 # cft deg6 r=0
-283,906,-8921,5262,-7308,-7490,19532,-18060,29480,-28226,21413,-13894,7562,-3862,1476,1392,688,550,-37,-6,8,-18,2,-4,1 # cft deg6 r=4
480028,-1688312,3252924,-4929912,5735176,-5069744,3471200,-1239208,-494856,781968,-354748,17944,82372,-74984,59964,-31008,11571,-3130,859,-94,-34,12,0,-2,1 # cft deg6 r=0
1432737,-6225300,15780300,-13728624,29864632,-23781300,17827660,-14606896,11028036,-6061048,3030132,-1256520,472578,-164068,61588,-15472,2716,68,-36,56,12,0,-4,0,1 # cft deg6 r=0
24408347,98608805,236337575,396845024,521671343,557638448,502110590,385772616,256651418,148036735,74382069,32265036,12046341,3774482,987212,207026,41986,11265,5563,2302,855,210,48,6,1 # cft deg6 r=0
145988,269744,-81504,-443500,1163665,6073430,11889078,12988114,6740959,-2006594,-6042706,-4135024,-689087,864316,711766,238624,22641,-13106,-6456,-1462,-89,86,28,4,1 # cft deg6 r=0
757,0,3785,0,-38387,0,104533,0,-130417,0,86518,0,-25482,0,-2754,0,5323,0,-2063,0,413,0,-35,0,1 # cft deg6 r=4
18477,88503,142069,148424,656729,953434,363338,-614168,279307,342910,-165242,-34140,121002,-53736,11252,7852,-4617,475,853,-188,-67,46,2,-4,1 # cft deg6 r=0
201797,-227176,-1290369,1111798,2987032,-2642128,-1362137,1945298,-31057,-671856,134586,148100,-33528,-29408,5658,5868,-405,-1128,7,198,0,-16,-1,2,1 # cft deg6 r=0
5166981,-33022735,105681109,-148484316,122194109,-58235174,13339314,-576732,3519195,-4122190,1681878,-103524,1910,-73792,40124,-7948,3687,-791,-71,-72,129,-10,-6,0,1 # cft deg6 r=0
1024,0,-28672,0,12032,0,-19456,0,1600,0,3200,0,-2688,0,-1600,0,1152,0,-368,0,44,0,-8,0,1 # cft deg6 r=4
3472,-18368,29792,-60544,103440,-122848,159136,-149952,94296,-93328,78016,-28400,11488,-7032,1024,1872,-2955,992,146,-180,99,20,-2,4,1 # cft deg6 r=4
-95556,-44040,39104,-475728,-567616,300872,1296444,1151784,142616,-567240,-583120,-309368,-155740,-128608,-105784,-58680,-18261,-986,1964,1144,448,162,49,10,1 # cft deg6 r=4
17,4906,34891,112458,224129,359112,612053,1070770,1506575,1465436,853014,135060,-220502,-206712,-82406,-7652,10127,5746,339,-1046,-495,-48,29,10,1 # cft deg6 r=4
251793,-1304586,1378350,3023844,-5091148,-2786226,6190593,2091274,-4513277,-646924,2009016,4376,-590816,35436,152410,-21836,-32077,9166,3786,-1868,-116,174,-15,-6,1 # cft deg6 r=4
64,0,1920,0,12480,0,-38144,0,25200,0,-17488,0,9088,0,-2480,0,73,0,168,0,-42,0,-8,0,1 # cft deg6 r=4
-1264,-1472,1120,35584,31312,28896,-5536,18240,78776,58384,30592,-16016,-4128,-15560,-3104,-2544,1285,776,322,44,-17,4,2,4,1 # cft deg6 r=4
4096,0,-12288,0,-22528,0,58368,0,85760,0,-30208,0,-72960,0,-7552,0,5360,0,912,0,-88,0,-12,0,1 # cft deg6 r=4
9,0,3384,0,-151382,0,208104,0,-149553,0,78704,0,-17972,0,7440,0,-345,0,344,0,10,0,8,0,1 # cft deg6 r=4
-93779,539196,331142,-487936,441955,-25360,-328850,59476,156971,104616,28252,-20608,20874,848,7084,968,2239,444,126,96,59,32,6,4,1 # cft deg6 r=4
15396,60168,52636,228584,1367348,2891936,3156252,2652696,2467048,2483184,2470564,2094632,1516776,935192,518308,261312,122461,51638,19519,6362,1785,408,77,10,1 # cft deg6 r=0
7892,424,-21784,-22816,42176,16904,15804,43384,-120768,78088,60968,-144456,109644,-43888,-7240,26552,-9615,-7118,5782,-492,-648,178,13,-10,1 # cft deg6 r=0
11664,0,68928,0,154336,0,174144,0,99000,0,26080,0,3344,0,800,0,265,0,100,0,22,0,4,0,1 # cft deg6 r=0
1296,0,27888,0,87256,0,173228,0,206441,0,160704,0,79380,0,24456,0,4078,0,400,0,44,0,12,0,1 # cft deg6 r=0
784,0,3136,0,8512,0,14464,0,22088,0,26448,0,17656,0,6896,0,2497,0,336,0,78,0,0,0,1 # cft deg6 r=0
5776,0,-25136,0,62744,0,-142444,0,208089,0,-143840,0,44164,0,-7224,0,2110,0,-336,0,-4,0,4,0,1 # cft deg6 r=0
7629,21312,19682,11756,3227,-18356,6202,-26300,-1405,20736,11276,-4056,6666,-3400,-20,-1800,1463,-608,178,44,35,-36,-6,4,1 # cft deg6 r=0
38809,0,96604,0,-36382,0,-63716,0,137615,0,-78568,0,23644,0,-2504,0,407,0,-308,0,130,0,-20,0,1 # cft deg6 r=0
36048,139776,250144,47744,-300880,-3552,254208,-309056,-162920,309520,233232,35744,-17560,3112,5976,-4320,-3251,-668,-6,160,43,16,14,4,1 # cft deg6 r=0
4,48,980,-3488,16436,-51888,98140,-103336,50872,2456,4648,-38160,36916,-5732,-4852,-2784,4817,-896,-177,4,99,-30,-3,-2,1 # cft deg6 r=0
272,2848,18688,69968,176456,322296,455760,526116,522561,463772,358420,220148,88912,4084,-25748,-22268,-10786,-2988,-52,460,328,132,36,8,1 # cft deg6 r=0
11344,-105792,329856,-538880,1015232,-1463680,2074944,-2554112,2434792,-2055328,1369168,-719312,305176,-72784,-3504,14192,-7735,1580,60,-292,62,4,-4,4,1 # cft deg6 r=4
4624,-97024,-41472,-22464,457504,637728,-40992,-79616,416920,121168,-385840,-279360,3792,84888,62632,16304,-14999,-10876,412,1868,230,-140,-28,4,1 # cft deg6 r=4
-295616,1430272,-3101440,2458752,3203904,-6812224,1920128,3847936,-3241952,-94976,1279904,-549008,-122280,172072,-32312,-16112,5801,348,358,-336,-53,72,-10,-4,1 # cft deg6 r=4
768,6144,3328,-2816,-15040,-9600,-14336,-3776,-9712,8768,6624,2784,-576,-2944,1952,-496,-564,720,-528,192,-8,-32,24,-8,1 # cft deg6 r=4
-256,1024,-1792,-4992,8416,-32768,79376,9904,-134492,28336,85008,-22688,-23256,2224,8448,-1560,-3696,2104,392,-440,8,16,16,-8,1 # cft deg6 r=4
-54976,112384,1042944,1779840,238752,-1666176,-2024512,-1853824,-1339868,-843184,-717856,-509976,-250444,-129016,-70084,-29860,-9451,-2388,-1180,-660,-146,20,24,8,1 # cft deg6 r=4
36864,0,-577536,0,818176,0,-1092608,0,396032,0,-100864,0,-81792,0,28288,0,816,0,-400,0,-100,0,4,0,1 # cft deg6 r=4
425104,0,-591776,0,229200,0,-1120,0,28552,0,-330528,0,137376,0,-9056,0,-4711,0,890,0,11,0,-14,0,1 # cft deg6 r=4
1273,19340,219964,778108,1742458,1664900,340812,-829868,-741601,122232,385592,63256,-67124,3848,22456,488,-4537,188,1420,300,-166,-76,-4,4,1 # cft deg6 r=0
30864,-15168,118016,-109440,205632,-237792,210464,-153200,89708,6048,30744,-34584,61608,-44464,19424,2628,-3999,2348,-382,-124,167,-96,34,-8,1 # cft deg6 r=0
12953,165980,766236,1104124,1449530,1512820,1408332,1253332,1003359,559000,265976,95896,54348,29160,12472,2152,-665,204,-20,44,26,-28,-4,4,1 # cft deg6 r=0
7056,0,70560,0,105616,0,18784,0,-130808,0,75040,0,21792,0,14640,0,1545,0,566,0,23,0,2,0,1 # cft deg6 r=0
166592,-4224,-5376,173184,81296,-273216,524288,-393104,252708,-20144,-57104,81696,-41528,11072,4160,-5464,2160,-200,-280,104,44,-56,28,-8,1 # cft deg6 r=0
32576,130816,268288,491136,676928,563008,840960,216192,622496,-166080,146944,-186928,19240,-42264,31944,-3088,5361,-2500,-338,-176,163,24,-10,-4,1 # cft deg6 r=0
815956,1018448,-465592,-4268368,1290756,2937024,797576,-4073608,2827252,-990096,321152,-144728,-19256,77456,-33060,3092,-919,580,598,-340,-9,8,18,-8,1 # cft deg6 r=0
6065067,4489344,7468478,5859942,5873416,4567348,3525653,2707070,1881159,1329136,864268,517188,294040,169632,90638,36628,9645,2176,894,334,80,28,17,6,1 # cft deg6 r=0
267749,292124,609862,-28152,-547273,-1013828,-761022,52556,644339,824588,655904,365004,166726,49076,2568,-2436,103,1992,1930,1116,499,160,38,8,1 # cft deg6 r=0
27,-231,1351,-2288,-5715,4836,25606,-3332,34822,-31101,43689,-37492,38895,-28630,22512,-14130,9050,-4679,2367,-1002,397,-118,32,-6,1 # cft deg6 r=0
452,5000,46128,171256,450729,374158,175974,249106,313251,214118,109790,58684,20861,-3984,-6726,-2448,-1179,-798,-228,6,31,18,8,4,1 # cft deg6 r=0
4166,7038,34558,43064,85192,80066,126216,75040,102739,28421,56073,-10326,25079,-14082,12254,-5348,4628,-1345,705,-258,89,-20,12,0,1 # cft deg6 r=0
69061,-91855,150097,-295444,359723,-607318,495964,-351972,957492,-433445,-585821,386796,-133103,-9348,125306,-65190,54088,-19247,10125,-2762,1039,-204,54,-6,1 # cft deg6 r=0
11602133,21482326,37124357,20493312,17681422,-8571976,-5129028,-9530594,547390,-480588,1462209,-163468,194754,-81070,58978,2600,12742,464,1691,394,354,84,34,4,1 # cft deg6 r=0
401,0,-7218,0,18187,0,-30762,0,-14325,0,34628,0,8218,0,-32252,0,20971,0,-6642,0,1059,0,-58,0,1 # cft deg6 r=8
3217,0,6434,0,-12701,0,-7054,0,44175,0,-6348,0,-7934,0,57044,0,-16625,0,6058,0,-773,0,58,0,1 # cft deg6 r=0
761,3622,9287,14432,10208,-12166,-37690,-18474,44251,57180,-706,-49272,-17092,16564,20108,2324,-3509,-1410,979,520,4,-46,6,6,1 # cft deg6 r=0
272,96,560,6976,880,-16336,9648,37968,47660,55000,30812,696,-11436,-14424,-8620,-1372,1541,1536,705,84,-116,-62,-4,4,1 # cft deg6 r=0
2367,892188,823785,24894,5679182,-8178522,5430044,-4336938,3356163,-1666360,860970,-344588,75456,-876,-20028,18628,-6779,3436,57,-794,242,62,-24,-2,1 # cft deg6 r=4
3092,-13332,-6948,15616,-62980,-46088,-30088,-160064,-88648,-115244,-85828,-83936,-39608,-30892,32376,22788,12849,-2653,-6341,-768,827,134,-40,-6,1 # cft deg6 r=4
3477997,2500849,-1863693,-116918,6835115,-2163304,-3118716,4905832,-1022405,-880466,735178,-519020,444282,-118772,-138660,78640,3151,-11063,3675,18,-413,116,8,-8,1 # cft deg6 r=0
5312,-30432,93280,-203656,345148,-470264,525056,-485008,365556,-205248,63200,21688,-43360,29600,-7640,-4944,6508,-2840,252,386,-193,42,8,-4,1 # cft deg6 r=0
6925,-8805,310323,877468,1045439,720456,391658,133994,-509617,-879426,-246670,435928,299162,-65352,-87684,10328,26939,2423,-4165,-500,471,40,-30,-2,1 # cft deg6 r=0
-51132,109440,181792,-788752,2026288,-2069808,1501312,132888,-861956,897064,-309664,-56056,84584,28616,-122796,107060,-58355,19204,-3000,-364,402,-116,28,-8,1 # cft deg6 r=8
20688,77184,304064,530688,1153244,1091992,1845800,921036,1468929,-119142,278074,-543430,36574,-27120,86628,21214,-20261,-7336,2792,1074,-144,-90,-2,4,1 # cft deg6 r=0
263,1442,4194,7014,6647,-542,-11400,-16348,-7933,4868,11652,7360,2278,-316,284,20,-259,-206,250,186,47,-14,-4,0,1 # cft deg6 r=0
96521,-943630,4944644,-16175370,35588561,-54643174,60046928,-48277844,28591750,-11974686,2793628,469306,-887533,530470,-195200,23972,28320,-24898,10388,-2282,167,-2,20,-8,1 # cft deg6 r=0
-225536,-680960,-347648,528384,94464,-139520,219008,-269568,243216,-33728,-188160,302944,-234672,107936,-27760,5280,-3460,2640,-952,96,76,-40,16,-4,1 # cft deg6 r=4
-43312,252336,-567968,330680,472414,-801788,237732,570362,-284369,-487042,48552,259020,13349,-31324,-810,-8192,-3858,2568,122,-206,195,18,-24,0,1 # cft deg6 r=4
2139732,5567184,7714560,7222992,8102962,7260904,4868036,2171918,1983845,1109946,477362,197746,116412,81898,25702,10390,4590,1486,1022,342,74,22,6,4,1 # cft deg6 r=0
18133,-120492,219398,-166808,336345,-34724,410430,38364,-36550,39860,20110,-77936,68817,-10180,5946,-7292,1678,244,202,-80,-11,-4,10,-4,1 # cft deg6 r=0
1396,14936,79752,255656,486430,458804,23992,-195314,184435,282954,-47972,-46944,101237,-196,-26186,15136,7754,-3736,-1026,822,227,-50,-12,4,1 # cft deg6 r=0
2755957,0,-30505593,0,4660290,0,-22135380,0,-21483433,0,22726042,0,-24922500,0,9948368,0,-6049789,0,526751,0,-8686,0,-476,0,1 # cft deg6 r=4
8752,-59592,152328,-136832,-175305,685146,-944829,537532,344491,-853548,556338,-44540,-130105,64570,7293,-10876,2965,680,-738,416,177,-42,-21,0,1 # cft deg6 r=8
421,0,-11367,0,-154963,0,-125047,0,-123197,0,193426,0,-111578,0,50362,0,-11649,0,1397,0,5,0,-99,0,1 # cft deg6 r=4
30501,0,-159283,0,2145377,0,-4296291,0,2574783,0,-127618,0,144822,0,-78546,0,-17445,0,3045,0,73,0,-27,0,1 # cft deg6 r=4
241184,965696,3214656,6531472,8699364,9500460,8812748,7263464,5678771,4137209,2986067,1908482,1199995,651182,341574,155420,67114,25173,8739,2654,719,164,36,4,1 # cft deg6 r=0
32001,298707,910387,1924644,5756581,6483478,10541840,11466266,11554827,10184238,7594954,5240516,3141606,1704864,849848,364752,152715,51603,18031,4688,1337,250,56,6,1 # cft deg6 r=0
64,-256,96,-896,820,2480,-396,7000,-754,1496,45934,-9450,54891,24064,33915,43350,10299,-186,3488,1504,-125,-174,-21,4,1 # cft deg6 r=4
763661,-2465772,2326792,-3507384,5665484,-2441948,6891336,-3105872,4273904,-4108152,499276,-804360,374262,735468,-178688,-282680,78812,44564,-13808,-4376,1676,96,-68,0,1 # cft deg6 r=0
8654804,6775504,-1441676,-694800,268602,-584520,861962,475206,-15523,-98784,-12461,-10560,18400,-16442,19501,-8938,7334,-3036,2013,-756,278,-98,29,-8,1 # cft deg6 r=0
1,0,-22,0,215,0,-1166,0,3627,0,-6812,0,8570,0,-6812,0,3627,0,-1166,0,215,0,-22,0,1 # cft deg6 r=8
256,0,22976,0,-62592,0,12444,0,60601,0,-11168,0,-19084,0,-6488,0,-3602,0,-480,0,-28,0,-4,0,1 # cft deg6 r=4
-5968,-184904,-327744,904870,-1341601,-2192178,-5170876,-5635700,-4873355,-3328352,-1754632,-857660,-378286,-159788,-68264,-20520,-3090,680,760,142,27,86,52,12,1 # cft deg6 r=4
26569,0,181934,0,284475,0,-93250,0,434203,0,-40196,0,13186,0,38764,0,-3885,0,-1898,0,11,0,22,0,1 # cft deg6 r=4
125901,641892,1996414,3191888,3338515,-204912,-4030126,-5838092,-6169317,-4329664,-2575572,-1405432,-652926,-342328,-178300,-71680,-26881,-8292,-1706,-856,-429,-24,42,12,1 # cft deg6 r=4
-324464,781032,-2852500,3878602,-2775829,1765498,-635728,143356,160565,-239816,174648,-168324,115454,-62260,35712,-15776,5226,-3376,2044,-406,-25,-54,48,-12,1 # cft deg6 r=4
-4133,-19514,-10026,33388,19554,-57140,-76189,-38958,-55141,-105860,-103136,-69304,-52972,-44168,-28830,-15468,-8519,-3762,-1182,-292,-38,44,35,10,1 # cft deg6 r=4
4096,0,-195584,0,747776,0,-1532352,0,1921296,0,-1407808,0,686048,0,-229536,0,54232,0,-8528,0,824,0,-44,0,1 # cft deg6 r=4
1641,-11656,41269,-68994,55499,-16286,103071,-456294,636659,-74792,-597966,415140,175826,-265652,30,87356,-11861,-18048,2905,2494,-277,-222,3,10,1 # cft deg6 r=4
2304,0,-12800,0,37600,0,-57748,0,5777,0,63616,0,-1756,0,-10584,0,3798,0,-768,0,164,0,-20,0,1 # cft deg6 r=0
14884,0,115400,0,-101604,0,211072,0,-94880,0,59640,0,-10464,0,1028,0,969,0,-238,0,-21,0,10,0,1 # cft deg6 r=0
68608,16384,-78848,-614400,-332288,1941504,4733952,5534464,3405312,512128,-828608,-697024,-214064,39712,77168,47624,23627,10956,4117,1176,216,2,-8,0,1 # cft deg6 r=0
59536,0,89120,0,-318064,0,322976,0,-110808,0,3968,0,8896,0,-2384,0,81,0,86,0,-1,0,6,0,1 # cft deg6 r=0
1571,16406,38241,-32330,19024,19468,484182,-611464,693475,268364,-331814,395612,178388,-101856,44144,21464,-1999,7174,-111,-970,356,84,-22,0,1 # cft deg6 r=0
41267,57758,257489,611022,951408,979356,329714,-540576,-695277,-326308,-64162,15788,20392,12536,43040,55632,27513,4726,329,470,168,-4,-10,0,1 # cft deg6 r=0
14533,44808,107165,272638,643955,878202,776631,396482,134615,131944,173394,123180,29334,-12180,-3178,3628,1971,-272,-883,-562,-117,50,39,10,1 # cft deg6 r=0
12042203,31844966,39023421,30843806,4104108,-22056124,-26882422,-17537216,-1071501,9039436,10713046,7430220,3923552,1640904,620496,206832,66929,18878,4805,870,180,4,14,0,1 # cft deg6 r=0
15552,20736,188352,145152,806592,304384,1729664,319168,2157552,294848,1575296,247328,742784,94448,192472,728,22527,-2932,1849,232,100,74,-8,0,1 # cft deg6 r=0
159201,0,518714,0,-1254253,0,1158822,0,-562065,0,223832,0,-77258,0,20648,0,-3185,0,78,0,75,0,-14,0,1 # cft deg6 r=0
117303,295268,193559,-123504,-175135,34270,238249,232290,203351,300720,276286,39360,-131274,-88684,18170,55780,36633,11292,-277,-1792,-687,-66,29,10,1 # cft deg6 r=0
29546272,71470784,88229344,74921728,51950528,33153792,21531168,14260768,8912208,4914464,2458824,1217152,625692,319504,153964,67768,27215,10378,4073,1638,615,200,53,10,1 # cft deg6 r=0
134736,551488,1064000,2100448,4280752,5847968,5189648,3794944,3279904,3179440,2805816,2153744,1442812,849536,452408,221936,100633,41848,15818,5266,1518,366,71,10,1 # cft deg6 r=0
3617,0,25319,0,747008,0,1612791,0,1555399,0,-2722938,0,247968,0,-240562,0,37319,0,6819,0,400,0,-53,0,1 # cft deg6 r=8
4068,6984,-10192,-23808,-11414,24540,112116,148186,109733,55942,6002,-26718,-19844,-98,5774,3374,638,-838,-594,86,146,-2,-18,0,1 # cft deg6 r=0
278827,-219254,-971254,1151164,953062,-2014616,112583,1547274,-475041,-1030096,612356,374596,-333764,-102644,147502,-11248,-24339,2886,4234,-1160,-194,68,23,-10,1 # cft deg6 r=4
-976,-6312,10088,21650,-54009,-136374,494228,-547636,55701,471680,-381520,-100316,261618,-26164,-100720,15664,23806,-2552,-2856,514,227,-78,-20,4,1 # cft deg6 r=4
3236689,-3718628,6531374,17025992,16733687,7741872,-2405574,-4716308,-2209257,367800,1423576,1009232,492918,118000,20992,-9520,2951,1548,2938,1000,535,112,38,4,1 # cft deg6 r=0
135210384,0,-78751200,0,70217488,0,-26525280,0,4400072,0,-72192,0,146272,0,-23120,0,-2983,0,-138,0,79,0,14,0,1 # cft deg6 r=0
25029,-27216,28053,-13950,-441,10262,5767,-9334,-5773,26500,-27782,6312,16574,-21992,13102,-3456,-721,948,-275,-122,199,-126,47,-10,1 # cft deg6 r=0
83,-566,1783,-4114,8287,-15288,28597,-56346,103915,-161180,201838,-201560,160222,-101816,51886,-20800,5897,-598,-465,298,-65,-16,17,-6,1 # cft deg6 r=4
-10636,38944,172576,193696,-2652516,4148264,-1663800,-1337544,2545212,-1472976,373956,136376,2956,-66756,48984,4012,-6251,2624,1050,-292,39,76,-6,0,1 # cft deg6 r=4
12450969,22545828,5274276,-5053728,6051998,3356428,-4115076,1813552,5537599,2020296,41640,404080,398036,31544,-47336,10128,13223,-1452,-1996,240,270,-4,-20,0,1 # cft deg6 r=0
457811,1467440,2190313,2950272,3679757,3331262,2526709,1611166,714003,103924,-148422,-50800,-63886,-37328,28326,-10548,6081,-1052,809,-208,21,-46,9,-2,1 # cft deg6 r=0
-5424,21120,-9824,-78912,199904,-229200,89056,119424,-166820,29128,77304,-53120,-7968,24628,-7556,-4152,2473,188,-54,-180,11,40,-6,-4,1 # cft deg6 r=4
-1418767,1218406,6067250,-3590878,-6217071,-738094,6187660,2884768,-2123502,-2950954,5022,747030,683665,-32146,-23796,-50160,10914,-3294,3058,-750,305,-130,16,-4,1 # cft deg6 r=4
7569252,4531920,-6485272,-7164976,13152642,24626996,11708080,-9124142,-12704603,-2700786,5290554,3198406,-1193572,-1153242,160294,200802,14462,-27734,-5618,2802,634,-162,-38,4,1 # cft deg6 r=0
5216,160,-72672,-118864,208380,993408,1826704,2286328,2122093,1264076,104390,-589952,-470627,-22784,161630,71268,-17400,-18540,-726,2272,337,-144,-30,4,1 # cft deg6 r=0
1548608,-5089920,7462784,-4245824,4036720,-5328096,1525488,1413568,701324,-552352,970552,262688,-575010,-87980,114496,36586,-655,-6162,-1670,818,228,-90,-22,4,1 # cft deg6 r=0
6964,-116768,521244,557936,-344732,-518232,-78516,133304,90844,12192,-5888,17552,4040,-11376,1364,5440,1209,-880,-97,92,23,14,1,2,1 # cft deg6 r=0
13856,-207232,1299136,-3249504,4043968,-2775840,990064,167152,-331516,-171664,296596,47336,-115760,-22748,16508,15976,6507,-7334,-3275,1588,582,-96,-30,2,1 # cft deg6 r=0
18617,76768,163029,255732,296212,240602,175984,145788,68987,-14632,-8406,26520,16300,-3868,-3700,960,1115,264,-47,-76,-16,2,4,4,1 # cft deg6 r=0
14506,52642,147374,822772,3554046,3373828,-2906118,-6405074,-1457543,3973411,2422197,-1018866,-1002381,49830,148542,22622,6106,-4587,-2043,-368,167,118,-18,-6,1 # cft deg6 r=0
272,4256,28096,106624,265036,449592,549304,534584,430010,271944,171076,94786,57411,25698,13656,3824,1849,300,348,-86,37,-30,8,-4,1 # cft deg6 r=0
111184,-433632,460448,-17856,-37920,-122752,-10768,142944,118252,-16800,5680,-320,37408,-10236,3112,2248,297,-112,250,-160,147,-52,18,-4,1 # cft deg6 r=0
20808081,-53101440,86078027,-87049212,88293293,-59521508,44140083,-20044952,12260706,-3404204,2412679,-426168,497101,-45184,91383,4876,12722,1376,1567,196,201,48,21,4,1 # cft deg6 r=0
61,-214,919,-2026,10514,574,-3941,9054,-13494,12530,23849,-16414,15980,682,-2485,118,504,886,-353,-122,120,-6,-15,2,1 # cft deg6 r=0
7864,-5320,-9320,-15488,107216,-215960,321048,-447072,559092,-557444,390288,-145228,-15696,34932,1488,-13304,3933,1507,-767,-180,137,4,-10,0,1 # cft deg6 r=0
340224,1934848,7715904,21809024,49055248,90782592,139251920,177353984,188249504,167338528,125135584,78897472,41903488,18625904,6827680,1996720,430972,51136,-5204,-4224,-951,-64,25,8,1 # cft deg6 r=0
374148,-1331232,621656,-810080,-533842,-435856,376980,-103710,-343609,44470,91508,62720,-37283,-4516,3930,-2296,370,948,-98,-158,-1,-14,-4,4,1 # cft deg6 r=4
-16384,393216,-45056,-1699840,-728064,4897280,2223232,-5460480,-2015536,4278864,2127088,-1405624,-983162,159928,225364,25290,-24011,-10826,358,1762,272,-134,-30,4,1 # cft deg6 r=4
430272,647168,60416,-956032,-936480,20416,1135712,1239296,171988,35408,415352,-152680,-425334,-19188,192420,84266,-8547,-14418,-2778,746,404,22,-22,-4,1 # cft deg6 r=0
3321073,4021822,-9548406,-12227926,12925417,14913150,-8727100,-10580256,3324498,4413550,219366,-940002,-554355,-188510,43892,96968,52158,9906,618,1266,477,-46,-16,4,1 # cft deg6 r=0
452,-1616,14112,-7000,25422,7056,103088,70946,66563,-46022,-17548,-700,13385,-20696,-15942,11464,8770,-2536,-1854,86,239,14,-12,-4,1 # cft deg6 r=0
2564,20912,34036,-264888,268540,-95216,214564,-163032,87492,-123664,125236,-61744,62484,-35620,18952,-8824,4681,-972,1375,82,331,26,31,2,1 # cft deg6 r=0
12346304,-38491840,68102848,-74699008,50988544,-11215040,-15675776,13573120,12520208,-40496368,52159488,-45442992,30002992,-15616176,6479264,-2110552,510463,-74223,-2499,4866,-1345,152,16,-8,1 # cft deg6 r=0
8464,16928,-36064,17664,210848,-407872,455696,-368672,357708,-366736,282272,-123760,31336,-16396,17864,-9224,2689,-448,26,48,91,-52,18,-4,1 # cft deg6 r=0
132439,238680,402054,487460,496530,448950,506787,227664,341004,-38716,90918,-92568,6272,-27342,3441,100,1566,588,76,-72,0,-18,9,0,1 # cft deg6 r=0
787,-7800,36129,-106450,232440,-402456,577640,-693558,709308,-625036,476943,-312438,176326,-84552,33366,-9674,1854,216,-433,186,6,-20,12,-6,1 # cft deg6 r=0
49,-996,9582,-22620,29334,207018,449809,300168,-67338,-47700,153522,-22284,43104,8874,-6507,3636,1026,1548,64,-312,132,42,-15,0,1 # cft deg6 r=0
89093,0,456330,0,-156783,0,-433590,0,34698,0,160170,0,-5383,0,-18330,0,1662,0,-354,0,45,0,-18,0,1 # cft deg6 r=4
8852,0,-26556,0,7704,0,68864,0,-124191,0,101289,0,-46909,0,5643,0,10392,0,-2789,0,-909,0,-651,0,1 # cft deg6 r=4
-57056,150816,-30240,-221760,141888,127392,-232704,-137568,470688,-367776,216096,-153600,111016,-77520,32976,-2760,3003,-5085,1235,204,111,-78,-6,0,1 # cft deg6 r=4
64628,402738,1873653,6261990,15729924,30069354,42474206,42910470,29849253,13135460,2420082,-1136172,-1173700,-526284,-125280,6612,21102,11178,4241,1350,336,66,18,6,1 # cft deg6 r=0
23409,0,147906,0,355023,0,597474,0,607491,0,566676,0,296162,0,117396,0,31107,0,5642,0,663,0,42,0,1 # cft deg6 r=0
5730031,-3561372,4520055,-1835118,-5665668,7055910,1578926,-505224,2527431,-3073896,-2779050,2116260,1443800,-719244,-479520,143496,105609,-16092,-14641,882,1212,-18,-54,0,1 # cft deg6 r=0
16,96,384,1152,2160,3264,3440,816,-2748,312,6936,7776,1960,-6096,-8508,-7008,-2655,30,1228,978,561,206,60,12,1 # cft deg6 r=4
16,0,-624,816,11100,-9000,-74536,56364,160929,-144456,-7524,106704,-158792,143052,-89916,45456,-16887,3480,420,-924,546,-204,60,-12,1 # cft deg6 r=4
1124,5280,20592,46784,89124,116352,131552,93936,23853,-46752,-42048,-39168,-5012,3696,11952,4016,270,-672,-128,96,-48,-16,0,0,1 # cft deg6 r=0
392,-1176,3360,-11452,19482,-22428,33568,-17472,39300,-12508,28356,222,4795,6378,-804,2132,513,360,340,-18,21,2,-12,0,1 # cft deg6 r=0
63664,348672,451824,-461584,-1139580,325560,1415580,-134052,-1020339,53768,427002,5472,-113083,-27264,29370,11044,-8988,-684,1158,324,-303,4,42,-12,1 # cft deg6 r=4
7452,15552,5832,-30024,-20412,39312,81432,-4212,-38727,-43716,45882,19800,15521,-552,14286,8832,-84,-2184,-650,-132,309,12,-30,0,1 # cft deg6 r=0
15042740,22285920,17877816,7908368,3829920,1444296,101304,-739560,263565,861316,248334,-131856,-13547,102144,30030,-12412,-900,4404,1318,-360,-75,96,54,12,1 # cft deg6 r=0
191872,-294912,148704,1021696,1526166,3640356,6906708,6198468,798087,-4425404,-4246572,-74136,2042186,924396,-279936,-318928,-40032,38604,14100,-744,-1224,-160,36,12,1 # cft deg6 r=0
137677,0,792207,0,1840488,0,1996786,0,1247124,0,497325,0,123830,0,27006,0,4584,0,-373,0,60,0,-36,0,1 # cft deg6 r=4
-944,-4680,-3816,25824,73461,116406,123165,91044,37887,-5928,-22536,-19596,-5169,8622,10227,2556,-2781,-2160,-66,480,129,-42,-21,0,1 # cft deg6 r=4
409,-4800,30717,-90916,99894,-43206,219811,-241542,-445185,890472,-307086,-394800,412612,-93300,-80202,71164,-18393,-5880,5697,-1308,-186,138,-9,-6,1 # cft deg6 r=4
419917,-2892303,6680127,-3734924,-6900165,7104966,6403420,-9146538,-1943685,5536990,-564462,-1252032,55882,153432,102732,-23564,-32625,2601,4423,252,-285,-86,0,6,1 # cft deg6 r=4
64912,-187608,74616,227606,-121647,-234312,101405,202098,-38847,-173464,19914,114210,-17577,-52248,10725,17010,-4683,-3600,1362,366,-219,8,15,-6,1 # cft deg6 r=0
112,312,228,-90,537,3384,3885,-6798,-2871,8896,-2514,-7206,4063,-4440,3309,570,-219,432,-338,54,21,-16,15,-6,1 # cft deg6 r=0
207,1593,4887,4482,-13779,-19044,37830,24570,-333,-35046,1830,1644,9874,-2268,3840,-2668,1053,-927,495,-246,165,-64,18,-6,1 # cft deg6 r=0
-7244,-5904,95880,-309424,234372,312960,-967688,566160,320796,-417648,-252024,256440,152956,-66960,-32472,-11384,-2631,10404,1782,-2136,-297,216,18,-12,1 # cft deg6 r=4
52984,-313344,629568,-1312384,1887672,-1275600,1588064,-1071936,1229076,-762712,684720,-309960,259588,-83352,61140,-10784,11889,720,1958,396,243,76,42,12,1 # cft deg6 r=4
137716,-218976,741888,-510016,839688,443952,-224176,1267056,-443952,518144,171384,-123696,267760,-139128,79776,-39368,11673,-4104,1484,-264,90,-32,12,0,1 # cft deg6 r=0
2203,3456,-3687,-11228,-2490,-1794,10949,-10566,51066,-66356,100701,-92904,97096,-64302,49047,-25402,13302,-5580,1823,-576,150,-34,15,-6,1 # cft deg6 r=0
67036,-80388,285528,-38982,144933,86052,37527,-88170,-60729,844,60150,1938,-35507,19524,-5271,-2334,3429,-1140,190,-114,63,-28,15,-6,1 # cft deg6 r=0
-7808,-6144,2880,-104192,-246768,-69504,429992,618792,-142002,-868304,-159792,655884,173862,-346668,-83580,134580,24711,-34008,-4056,4848,282,-392,-12,12,1 # cft deg6 r=4
1129552,-633408,-1173936,-496880,-944940,5092536,-1784968,-3030156,2346921,-2134700,2946072,-197868,-2367128,1033692,651324,-436036,-86247,87840,4796,-9768,102,560,-24,-12,1 # cft deg6 r=4
1515625,910764,-4269258,-3432716,4801437,4972956,-2472958,-3252456,1190754,1560060,-587466,-681060,197441,254052,-16842,-54120,-3258,5652,266,-252,105,4,-18,0,1 # cft deg6 r=0
52807,-121446,308199,167946,-418308,408462,313633,-453546,514872,759390,242631,35010,72882,83790,41355,16554,8640,4338,1381,198,30,30,21,6,1 # cft deg6 r=0
460069,415122,1140963,401728,911241,-190386,421739,-238572,391074,-101434,184065,-106224,76627,-8694,44475,-10456,3216,-3258,1771,-180,135,-54,-9,0,1 # cft deg6 r=0
32400,-129600,288360,-100440,192204,36144,483220,312792,534744,631128,648270,510558,345513,172956,58815,4434,-5985,-2184,480,618,243,84,27,6,1 # cft deg6 r=0
-11386,47382,-101838,95084,84600,-242730,147414,164472,-229809,-27673,109785,-1068,-8879,-11946,-11442,10294,5478,-3723,-1093,816,141,-96,-12,6,1 # cft deg6 r=4
37,0,111,0,-780,0,662,0,1260,0,-1155,0,-718,0,498,0,-36,0,-113,0,48,0,-12,0,1 # cft deg6 r=4
389,168,2901,-2348,1392,4068,6218,7758,-1437,-4032,-9474,-7896,-2952,-24,3192,2596,2271,1128,737,372,216,84,30,6,1 # cft deg6 r=0
37,0,-333,0,1218,0,-2508,0,3732,0,-4743,0,4696,0,-3168,0,1392,0,-381,0,66,0,-18,0,1 # cft deg6 r=8
5648,6144,17520,-80928,47664,-36768,63568,-31872,35244,-15504,1908,-10296,-4468,-2184,4044,1768,1425,288,115,-6,12,-8,6,0,1 # cft deg6 r=0
-4,48,-276,-528,2322,3756,-6454,-12204,6327,21742,3285,-23928,-11212,16458,7662,-5544,-2076,150,503,12,-18,-18,0,0,1 # cft deg6 r=4
592,0,1776,0,-996,0,-16156,0,-35631,0,-44940,0,-37150,0,-18204,0,-4041,0,88,0,174,0,24,0,1 # cft deg6 r=4
51743,-190626,385203,-601536,1043844,-1707444,1928824,-1190328,23028,639082,-565401,201060,41118,-87732,46014,-7328,-4992,3378,-541,-252,114,8,-12,0,1 # cft deg6 r=0
375625,0,1896756,0,1064574,0,1213420,0,-3400017,0,1841256,0,-801772,0,58392,0,92775,0,16804,0,1422,0,60,0,1 # cft deg6 r=0
298663,-301014,124017,283040,-11007,2478,86111,-43800,59484,18002,3069,2196,-13725,4998,1461,-444,738,486,351,-72,87,14,3,0,1 # cft deg6 r=0
51556,-262374,696543,-1201202,1472538,-1300590,744352,-74808,-391761,487682,-297261,58374,64920,-69978,28992,1564,-7989,2838,613,-450,-12,26,-6,0,1 # cft deg6 r=0
346051,868344,-2632518,2856940,38064273,-95821476,153537814,-165544164,131768832,-77843864,33068130,-9256188,1744053,-606228,494418,-261220,65856,4968,-9530,3132,-279,-148,66,-12,1 # cft deg6 r=0
10693,0,3774,0,-38283,0,-15330,0,45378,0,33582,0,-619,0,-15342,0,-8970,0,1626,0,-63,0,-6,0,1 # cft deg6 r=4
2479,-15855,55017,-136232,258027,-386802,468694,-460044,363204,-231029,115527,-46584,19663,-5880,8856,-1244,2880,243,211,120,-9,10,6,0,1 # cft deg6 r=0
80,0,-720,0,2688,0,-4672,0,2760,0,1464,0,1288,0,432,0,-411,0,-281,0,162,0,-24,0,1 # cft deg6 r=8
-66289,794550,-3255699,4825632,4635378,-29539134,49509113,-38892240,8076147,8824524,-4057062,-2726736,1791780,585204,-503718,-107888,109773,10974,-15847,-144,1242,-22,-51,0,1 # cft deg6 r=8
-1180757,-3749574,-927699,-6864470,-3739428,7926732,1977130,-5499732,860907,2845804,-916266,-1087188,384984,265680,-73152,-49552,11529,1098,2293,-486,-468,116,30,-12,1 # cft deg6 r=4
185344,112128,-2905536,5916672,-2781456,-5424576,7996752,-613728,-7493136,7817344,-3126816,-723264,1881656,-1468320,780024,-314096,95568,-20544,2468,144,-129,20,9,-6,1 # cft deg6 r=4
19600,0,-93360,0,177456,0,-193552,0,151464,0,-85224,0,36112,0,-13104,0,3585,0,-723,0,117,0,-15,0,1 # cft deg6 r=4
133009,507756,2207190,2536984,-4774854,-6608526,4196517,4793256,-2099745,-617496,519024,-538632,164604,164244,-137106,10968,33903,-6948,-4398,624,426,-22,-27,0,1 # cft deg6 r=4
80,0,0,0,1152,0,-880,0,-3528,0,864,0,3192,0,720,0,-267,0,-168,0,-30,0,3,0,1 # cft deg6 r=4
9195767,13823550,2957430,-16939820,-24847878,-14667708,892403,8257590,5686995,725076,-1126128,-401952,330996,298944,50610,-38444,-19035,1086,2834,444,-222,-84,3,6,1 # cft deg6 r=4
5869568,-40900608,124830720,-226232320,286447872,-288060672,247072896,-180285120,110256528,-57570176,26184192,-10223232,3455904,-1205568,500160,-162976,-2376,38112,-22080,6240,-648,-160,72,-12,1 # cft deg6 r=4
-1876480,-7772160,-9352704,5957632,24111360,14280192,-16148480,-26247936,-6927552,11001856,9629376,774912,-2547680,-1144704,117312,187744,16701,-12372,1585,2670,522,64,42,12,1 # cft deg6 r=4
20,0,-180,0,312,0,1040,0,-3144,0,396,0,1064,0,0,0,-63,0,-101,0,-6,0,0,0,1 # cft deg6 r=4
210517,-2092509,19462545,89364514,127341303,109548912,102892530,82396470,41555667,22214922,12919014,3626796,1092834,932700,123504,-79740,25503,5163,-7455,1266,975,-148,-42,6,1 # cft deg6 r=4
16384,12288,-144384,-891392,-2427648,-4104192,-4579072,-2770944,138240,2212352,2345088,1235136,170272,-245376,-200544,-66880,-96,9840,4084,450,-201,-72,3,6,1 # cft deg6 r=4
4,0,0,0,360,0,908,0,456,0,120,0,192,0,396,0,285,0,4,0,-30,0,3,0,1 # cft deg6 r=0
166229,1097028,3815277,8085312,12008430,12653406,10896615,7562982,5086923,2502368,1029246,155064,-33108,-55380,-37926,-18740,-8793,-3444,-839,-24,126,78,27,6,1 # cft deg6 r=0
-45,-945,-20799,-79656,-50607,1100898,-1229464,-1403886,2477007,697458,-2111250,-243216,1028166,120240,-317820,-54652,63429,14535,-7975,-2232,657,182,-36,-6,1 # cft deg6 r=4
540034192,2827505184,6073348068,6113498280,1253782029,-3527737368,-3543029962,-773689824,766369101,545489952,46731936,-68923728,-15207894,7166832,2334132,-33888,75906,-4992,-25748,2280,2793,-24,-90,0,1 # cft deg6 r=0
230155,-401250,3186609,-4313026,2569032,1865256,-1692954,-2480196,6739731,-6280188,2850966,254052,-1227816,866136,-305568,27392,37761,-28530,13553,-4818,1344,-304,66,-12,1 # cft deg6 r=0
3331072,3657216,8470272,7860608,9934272,6801408,6993856,3560832,3324480,1314944,1060224,338592,247056,59136,42576,8160,3600,1752,-60,174,75,-48,27,-6,1 # cft deg6 r=0
21301453,35011824,8356149,4274224,30261126,2364270,-618113,4966122,677895,-1013336,595098,118200,-201132,74532,10662,-24340,8619,216,-1679,744,-90,-34,27,-6,1 # cft deg6 r=0
4255169,18246576,41327349,47981312,66383250,50810694,49071735,24958218,21575199,6566888,6490554,682584,1579356,-156300,348630,-87796,67551,-20520,10065,-2760,978,-202,51,-6,1 # cft deg6 r=0
2841296,-3244104,3164268,-808578,-208629,-193644,444915,-300222,-31875,41440,42060,-60660,35398,-7656,8586,-4924,4338,-1080,224,-138,111,-76,27,-6,1 # cft deg6 r=0
1142320,-2863800,3094248,-5974858,7667247,-5152956,8410955,-4106142,4824981,-2517504,2215836,-885828,798134,-224040,184530,-53980,27450,-10152,3700,-1266,411,-124,27,-6,1 # cft deg6 r=0
9378997,-18540684,13031973,2828878,-14298453,13961730,-4276993,-5588094,7961643,-4072432,189618,754668,-200414,-137940,79806,6404,-12057,-1428,3433,-954,-69,66,3,-6,1 # cft deg6 r=0
26717,111339,126951,-24838,-29517,65076,-64512,50616,78855,-77986,126486,-112548,92478,-64284,37764,-17416,7203,-2253,543,-78,27,8,12,0,1 # cft deg6 r=0
737536,-49152,-820464,-3034232,2690844,8136816,15957692,17428728,17572404,13679040,9628656,5740872,3181580,1613280,739572,316600,125316,44352,14524,4290,1119,244,51,6,1 # cft deg6 r=0
-11855,-101340,124143,-529798,1205664,-1537512,1437576,-1176990,1225503,-842072,208986,-59004,127848,-67824,-9108,2788,10143,-1068,-1713,-318,264,56,-12,-6,1 # cft deg6 r=4
20,0,180,0,228,0,-972,0,-528,0,924,0,636,0,1548,0,1089,0,293,0,45,0,9,0,1 # cft deg6 r=0
787293664,-123353952,541787040,-155937728,20562816,-151953504,28944480,-2340096,27957888,10197440,5199312,-1387104,437400,-338520,-75456,-21136,11379,-4791,2823,228,261,-62,6,0,1 # cft deg6 r=0
347024,-1104552,1113660,-200928,1170840,-2376912,-345616,499632,1268868,456360,50532,-79056,-13152,13200,2304,-3512,-1944,-858,-337,48,90,20,0,0,1 # cft deg6 r=0
46796,314184,981960,1866256,2352666,1986144,1082596,373092,204843,313880,334356,197424,53514,-1800,4392,14384,10824,3504,156,-96,156,152,60,12,1 # cft deg6 r=0
53932,53208,-49431,-302010,-561174,-424914,140800,1212534,2070477,2183028,1758879,1145430,650688,257274,113220,31458,7911,2340,961,-198,276,-90,30,-6,1 # cft deg6 r=0
8836,-36660,84948,-132920,171996,-160128,91904,28968,-126072,129180,-43188,-44016,62468,-23400,-12792,16264,-4035,-2613,1945,-210,-225,88,0,-6,1 # cft deg6 r=0
2851997,-4597056,-6984210,25227748,-20047023,-22185468,74269142,-99092772,87686310,-57477928,28831014,-10968444,2974605,-456084,-15102,16772,7026,-8808,4714,-1908,693,-236,66,-12,1 # cft deg6 r=0
617584,-2172192,4430976,-4696336,825792,5921928,-6549120,2753748,1692525,-3230528,2301738,-655584,-280175,416904,-219402,52388,8436,-11700,4662,-1260,453,-204,66,-12,1 # cft deg6 r=0
217809,0,-2178090,0,6080265,0,-7739910,0,4529970,0,-861210,0,113429,0,-130962,0,22470,0,-4118,0,597,0,-42,0,1 # cft deg6 r=8
73844,130518,-75675,-525982,-145452,925494,882278,-555522,-737487,-173140,197310,153828,28112,-18564,-10884,-3076,-7782,-3330,2429,1530,-84,-178,-18,6,1 # cft deg6 r=4
2745,0,-24705,0,63504,0,-87921,0,130311,0,-172062,0,135912,0,-60030,0,15615,0,-2673,0,360,0,-33,0,1 # cft deg6 r=8
271588,99672,-485661,-1046818,1142766,2048922,-2264326,-2061450,3188799,818348,-2219751,-360390,1072866,90642,-251208,-28590,30633,-2880,1449,954,-240,-130,-6,6,1 # cft deg6 r=0
2745,0,16470,0,45981,0,78930,0,92898,0,79182,0,49317,0,21150,0,5346,0,546,0,-3,0,6,0,1 # cft deg6 r=0
253376,-1100160,2070336,-2121600,3385152,-2859648,2844928,-2288256,2082480,-1369632,958128,-585216,357136,-184176,100632,-47104,21423,-9102,3457,-1146,375,-96,21,-6,1 # cft deg6 r=0
16,96,1152,-3008,28344,-137952,432648,-886992,1219245,-1137174,669414,-154488,-117588,138606,-59067,202,12534,-5610,432,492,-216,34,9,-6,1 # cft deg6 r=0
735232,-1480704,3783168,-4260224,4915728,-3973920,2283144,-2034768,1730259,-1303206,1066113,-740028,420837,-201972,83565,-35030,16338,-7134,2571,-672,129,-32,15,-6,1 # cft deg6 r=0
44048,0,-33036,0,-85155,0,88914,0,13707,0,-50196,0,35969,0,66,0,-4491,0,348,0,63,0,18,0,1 # cft deg6 r=0
11767808,0,35303424,0,78194688,0,9211904,0,-17132160,0,3583104,0,1678240,0,451968,0,132441,0,15859,0,2112,0,99,0,1 # cft deg6 r=0
5644,38940,-31812,-77368,309972,-69264,-537200,278184,384360,-26972,-682740,652752,-275484,73800,-19008,8264,-4113,-777,1795,-642,-3,52,0,-6,1 # cft deg6 r=8
1151635,3779505,6471543,5991918,-1075491,-1510728,11883034,8447418,-5122449,-5584842,23346,1608372,519102,-189108,-168192,-11700,29349,7425,-3137,-1314,237,132,-18,-6,1 # cft deg6 r=0
448,1248,6804,14518,37131,61368,103895,145626,201747,246880,269886,250710,199095,133752,78789,39438,18105,7344,2946,1170,381,136,39,6,1 # cft deg6 r=0
32041,128163,191469,-8494,-370563,-237948,807544,1993542,2094315,1033730,-58938,-331764,-62586,120420,86796,16660,-2253,627,2005,834,-75,-128,-12,6,1 # cft deg6 r=0
11293,87804,-1066368,2499228,-3375270,3434460,-4788524,8433360,-11945970,11997500,-8292240,3638556,-603520,-431028,418044,-207464,81918,-30600,10188,-2304,84,136,-36,0,1 # cft deg6 r=4
625,0,-1650,0,-3081,0,630,0,-1089,0,-276,0,266,0,-1452,0,1311,0,-762,0,207,0,-42,0,1 # cft deg6 r=4
3280,-8640,-17184,48544,6408,73344,86304,-184104,302373,-223100,163530,-172236,131741,-6588,-55794,17552,11736,-4356,-1934,612,213,-36,-18,0,1 # cft deg6 r=0
516172,-725988,-74526,916648,-688785,-9384,398845,-495918,359049,-369392,588294,-719388,640395,-418044,212361,-96286,38655,-11904,3316,-1068,321,8,-15,6,1 # cft deg6 r=0
-60416,27648,2108160,6518272,4974048,-4428960,-5280608,3152088,4300617,-1392028,-2182596,476004,776982,-115176,-202092,13660,37215,576,-4484,-204,402,20,-24,0,1 # cft deg6 r=4
177781,-639912,1822866,-2237544,3692241,-3199944,4121890,-2758320,3123198,-1764280,1792434,-825768,735761,-271704,214590,-60800,42390,-7992,5454,-504,489,-8,30,0,1 # cft deg6 r=0
22568188,-38024496,64052280,-63254008,60243036,-48573264,36792656,-24712428,16506513,-10729240,6932982,-4156776,2320533,-1208616,613038,-301500,140772,-59700,22506,-7380,2073,-484,90,-12,1 # cft deg6 r=0
172,5496,48816,-223848,480207,-614070,535219,-332334,189771,-120372,113850,-96348,73799,-34770,15933,-6258,5061,-2940,1406,-420,93,-30,15,-6,1 # cft deg6 r=0
197,4659,8685,9612,17463,4686,-13168,-13662,-17121,-3962,10638,11364,2202,-6324,-3060,248,1131,747,57,-168,-117,-18,12,6,1 # cft deg6 r=8
-7583,33582,33429,-655638,1554942,-1495872,323470,1126392,-2414754,3136254,-2857977,1893294,-969712,409680,-138996,25224,12156,-16530,10783,-4950,1716,-456,90,-12,1 # cft deg6 r=4
117253,-219744,194409,-223860,94533,141408,-48595,35244,-53550,-66024,47169,55764,-3333,-21672,-10701,864,3384,468,-445,108,171,12,-15,0,1 # cft deg6 r=0
512731,899502,-3287451,728058,-3095361,-2453316,1433293,301578,-5617593,-4305004,196530,1188492,97622,-207408,81858,55556,-11091,-1530,2573,114,-153,20,21,-6,1 # cft deg6 r=4
15349,-56793,123279,-106042,133701,-66684,-44072,68544,-55122,56891,3171,-29070,21531,-10998,4746,-1424,1764,-753,295,-138,123,-8,12,0,1 # cft deg6 r=0
1556,0,23340,0,21552,0,40248,0,-35148,0,-5616,0,-69428,0,93252,0,-43035,0,8475,0,-438,0,-60,0,1 # cft deg6 r=4
2411,8427,24429,44268,63015,67260,47818,3822,-35493,-40302,-11274,21024,32554,23952,9876,1100,-1239,-717,-83,84,63,36,18,6,1 # cft deg6 r=0
7102528,-33255888,80557500,-127794800,145257624,-122770776,78637940,-38470392,14615964,-4203128,555411,470892,-440546,168768,-27318,7802,-6651,576,1619,-552,-120,80,0,-6,1 # cft deg6 r=0
63325,-72135,-24657,176538,-103113,27210,508736,154854,-259053,-22142,100206,-51924,-55386,30708,28656,-6212,-9657,-423,1887,450,-177,-86,0,6,1 # cft deg6 r=0
-256,3072,-3840,-85504,409344,-915456,1449792,-1011072,619536,448128,-98928,396864,-35560,-63552,9168,-13784,-2271,768,592,-360,-42,64,0,0,1 # cft deg6 r=4
81625,0,636675,0,2270502,0,4956925,0,7139640,0,6713883,0,4007768,0,1511319,0,359136,0,49457,0,3438,0,207,0,1 # cft deg6 r=0
197837,405591,-1836081,1790274,-2483589,1685688,3553172,-4458450,-908469,2563666,63858,-697548,-163310,138444,97188,-21332,-23889,-753,3383,1002,-261,-140,0,6,1 # cft deg6 r=8
205,0,-3075,0,9021,0,-5491,0,-8661,0,-36606,0,52298,0,-3870,0,-18177,0,2069,0,429,0,-27,0,1 # cft deg6 r=4
364217,169716,79890,1556740,981969,612564,2543678,855552,1771242,946332,1027674,594396,352557,197508,119130,49336,27918,7908,4670,924,573,60,42,0,1 # cft deg6 r=0
4382611,4686612,4357749,1268448,706614,-181296,-237941,-438864,13746,-134776,19383,-48012,12860,11160,351,5476,3264,132,693,132,-6,28,3,0,1 # cft deg6 r=0
1204,3264,4596,7712,13248,-8136,-4116,-16032,-2073,21684,47895,62556,59184,45558,29565,15806,6024,840,-739,-576,-180,-10,15,6,1 # cft deg6 r=0
215399,-221226,620445,-529276,1160016,-1114998,1671078,-1634454,1584228,-1100050,638703,-309972,151226,-57366,18996,-5574,822,462,-197,84,-90,34,6,-6,1 # cft deg6 r=0
53,0,318,0,897,0,1214,0,450,0,-2442,0,493,0,546,0,-198,0,10,0,9,0,-6,0,1 # cft deg6 r=4
86888141,16735425,85145631,46636270,106747053,74021748,104251222,80275482,64749882,40627529,22250907,9542562,3583503,728124,183438,-73898,600,-9969,2285,30,255,-54,12,-6,1 # cft deg6 r=0
53,0,318,0,738,0,775,0,180,0,-432,0,-452,0,-87,0,168,0,176,0,78,0,15,0,1 # cft deg6 r=0
6725,12870,13362,-3680,57216,-42870,122821,-97374,138564,-125210,103044,-91884,58854,-39162,25143,-12738,6048,-2478,856,-348,144,-50,21,-6,1 # cft deg6 r=0
83,444,534,-2662,-13974,-34344,-58343,-79302,-84858,-56540,-4860,20778,900,-19368,-8757,5406,2898,-1716,-692,366,90,-48,-3,6,1 # cft deg6 r=4
41552,0,41976,0,-258588,0,291862,0,-118431,0,-10968,0,25258,0,-6942,0,-249,0,404,0,-42,0,-6,0,1 # cft deg6 r=4
857,0,-48849,0,271002,0,989613,0,754356,0,197775,0,454716,0,197535,0,60972,0,-4483,0,-930,0,-165,0,1 # cft deg6 r=8
589504,1521408,105216,-3296384,-3465600,144576,2758464,1766400,23808,356416,1267296,728880,-386224,-737592,-472776,-179944,-35307,9204,10176,2964,18,-172,-33,0,1 # cft deg6 r=4
716,-2616,6420,-21656,48594,-60528,99022,-187860,90111,214492,-220215,-92520,162835,-9822,-34791,11278,-4452,456,2263,-1092,-93,154,-15,-6,1 # cft deg6 r=0
213328,-601440,561780,-60328,-140559,10278,-30511,159924,-117513,-58392,123300,-21780,-47149,19230,10791,-8724,-741,2232,-382,-264,117,14,-9,0,1 # cft deg6 r=0
7408,-13200,22320,43716,-10263,13308,48537,-96732,1977,46068,-17208,13536,9677,-52584,59157,-20868,-10461,9780,-774,-1188,339,60,-27,0,1 # cft deg6 r=0
1861,-10650,34707,-104136,262155,-436182,395049,-48804,-324078,391778,-182163,-19932,60655,-19362,2565,-11340,11970,-4806,1339,-768,303,-38,27,0,1 # cft deg6 r=0
237917,0,319590,0,719733,0,692446,0,979998,0,426054,0,-3235,0,-13422,0,-90,0,218,0,93,0,18,0,1 # cft deg6 r=0
31428,-165240,386856,-560520,614142,-660312,797688,-598104,339795,-249588,81216,17172,19242,-9882,-1161,-5904,900,396,612,-36,0,-30,-3,0,1 # cft deg6 r=0
27392,-4662912,-13987008,-19576320,-28981008,-26026848,-6171392,14692188,21445065,18280144,12443064,6908112,2710308,580464,-41664,-113528,-86454,-44976,-14200,-2352,-84,80,48,12,1 # cft deg6 r=8
256,0,7488,0,58896,0,-186508,0,64569,0,29952,0,-15260,0,5976,0,-4914,0,1280,0,-60,0,-12,0,1 # cft deg6 r=4
-56752,-25752,240408,599722,714663,513942,343372,366600,394593,270152,93288,22500,30170,29052,6576,-8424,-5898,-720,816,450,-9,-34,-12,0,1 # cft deg6 r=4
-19260,-5184,47268,-626376,-1647288,-148944,-1307576,-1283856,-427680,255296,-281436,-107976,214904,63408,-65976,-23632,18309,3024,-2179,102,-138,44,30,-12,1 # cft deg6 r=4
-3023,-3822,19743,-14342,1134,-195330,-498234,-667476,-821913,-307524,683742,720252,13444,-261180,-98304,18168,21543,6834,347,-1110,-546,-34,42,12,1 # cft deg6 r=4
1,0,-6,0,2031,0,-11070,0,13431,0,45060,0,-86882,0,-9780,0,15183,0,5194,0,687,0,42,0,1 # cft deg6 r=4
-42524,-153816,53748,37072,-741192,522984,-1070528,588864,-966336,232328,-553212,81456,-169496,44808,-15264,21728,6909,5106,3001,420,498,10,36,0,1 # cft deg6 r=4
-94599,657936,-1135899,707250,-429066,-943920,332378,-801720,-252021,-43680,-291414,41220,-72228,10320,4728,-12520,9267,-2640,917,-78,-42,32,6,0,1 # cft deg6 r=4
64,0,-15552,126080,-297216,201600,75712,101760,-547056,405568,161616,-312672,66784,57168,-27768,3952,1749,-2184,-143,18,-42,8,6,0,1 # cft deg6 r=4
-3047807,-1388956,890864,30396204,34669303,-34681820,-28551687,14690902,7099477,-2388636,782397,529934,-388502,-17114,33743,-15558,8889,4930,-1394,-270,96,-24,-1,6,1 # cft deg6 r=4
127,-3204,26610,-100395,191791,-204836,120322,969,-40633,11778,17469,6507,-27805,19285,5250,-14851,3921,3926,-1881,-475,340,22,-29,0,1 # cft deg6 r=4
22079,-16160,49871,-123728,208667,-397646,406356,-128052,501953,-1257638,938748,43361,-350118,140063,-10803,-15545,17037,-3417,-1597,-194,378,6,-23,-2,1 # cft deg6 r=0
69416483,-248218524,426618952,-248306538,146396267,-81986916,106930901,-62022458,5719717,23894524,-13331058,3169484,669916,-971816,345730,-2990,-16723,7036,-2741,-842,446,68,-26,-4,1 # cft deg6 r=0
216573631,-991822782,2259739742,-3258614676,3385824915,-2807918746,2084697537,-1501758018,1069149093,-718728798,440697985,-239341036,115238561,-48996754,18634949,-6280578,1918725,-514338,126012,-26532,5055,-790,111,-10,1 # cft deg6 r=0
2141,-4027,12665,-35399,71089,-95918,104704,-100147,70721,-26792,6501,6327,-11389,3608,-1041,85,138,357,26,-96,2,-5,-6,2,1 # cft deg6 r=4
298651,-968129,1130015,-1809727,948454,-438656,-76381,764459,107001,-437873,-11587,129771,-62439,2766,25764,-14673,-1217,4253,-1391,-551,351,26,-31,0,1 # cft deg6 r=4
-137542409,-620481912,-1080622390,-1091689288,-1029355507,-904287618,-408763318,23493398,95980236,62599028,43691650,11699906,-6575113,-3783472,-39428,164248,-21163,10566,17463,3386,-944,-374,-7,10,1 # cft deg6 r=8
75070363,185137926,169611421,-60124666,-5126078,-55807508,-46644953,-723712,27943765,30266154,25382963,11515472,3531687,347988,-167775,-146824,-44616,-8716,2774,2192,1082,310,73,10,1 # cft deg6 r=0
-43169,-284753,-941791,-1838168,-2008055,-392437,2439907,4106237,3112101,983578,223516,932074,1318448,687426,-76037,-286290,-142183,-15071,12353,4802,124,-252,-38,4,1 # cft deg6 r=4
1777,1712,-27869,-36444,26498,59277,-12310,-85605,14439,77197,-15274,-51323,12486,24466,-4911,-9524,1700,2676,-281,-598,23,92,-8,-6,1 # cft deg6 r=8
1,27,95,279,647,1444,2355,2475,3501,1698,1494,-398,30,103,20,335,-133,126,-100,18,16,-11,12,-6,1 # cft deg6 r=4
73,-298,-1344,-817,3776,7977,853,-12710,-9109,9950,12437,-3901,-9338,-142,4131,839,-962,-252,137,23,-22,-4,5,4,1 # cft deg6 r=4
625,7250,49500,177945,365048,425643,184690,-270355,-611858,-576852,-230841,113152,220339,123582,2814,-37434,-20729,-1415,3222,1369,40,-114,-25,2,1 # cft deg6 r=4
4303,-12852,37703,-39414,10907,33745,65611,-107341,55934,49151,-59850,-68867,76343,41637,-25424,-21344,6671,3682,253,732,161,-108,-25,4,1 # cft deg6 r=0
-31,479,-2789,8015,-14247,19516,-20634,17174,-9983,1919,3162,-4206,2884,-2043,2114,-2126,1437,-602,160,-55,55,-50,27,-8,1 # cft deg6 r=4
233,-1899,3992,-6861,12635,-16893,16228,-18122,20672,-8242,-11647,13432,857,-7599,2125,2586,-1613,-282,490,-94,-60,36,-2,-4,1 # cft deg6 r=4
200239,842199,746125,-763580,-2120443,-1097685,1353035,1718945,-414161,-1364127,-89201,774618,193397,-299703,-119695,78731,38846,-13565,-7782,1746,844,-136,-45,4,1 # cft deg6 r=4
-2107,11830,15560,18669,27181,34798,45150,46246,35962,28524,32794,27467,10225,2421,5420,4650,-533,-2041,-344,482,154,-48,-20,2,1 # cft deg6 r=4
12072139,-19158368,-156945199,-280876998,-267785158,-179076584,-106562513,-61370976,-30276723,-11879842,-4104199,-1412946,-339053,72004,120153,66208,24501,6922,1520,320,-23,-62,-17,2,1 # cft deg6 r=4
12673181,33654786,-142340451,-145136956,154971463,185104466,-64044415,-126245916,8518518,55602684,1874741,-17562516,-688141,3741888,63305,-518740,-13487,58458,2378,-6092,164,362,-32,-8,1 # cft deg6 r=8
-11443,110667,-318207,294346,-83023,-253132,-345319,157588,514158,124762,-293283,-318778,-49794,138520,92183,758,-21906,-9456,-34,1386,390,-56,-35,0,1 # cft deg6 r=4
64,4576,1504,-6088,3420,4964,-3179,-7705,2094,4562,-5673,-2764,2473,1644,-1692,-982,1014,496,-408,-194,132,31,-23,0,1 # cft deg6 r=8
-25,-410,-2738,-9987,-21856,-29292,-23489,-12300,-10868,-16940,-11884,5182,14885,8622,-1142,-3879,-1516,478,652,162,-92,-67,-8,4,1 # cft deg6 r=4
37,324,672,-123,181,-264,-1042,289,-816,175,-211,-796,842,-438,172,-130,-87,334,-170,26,-4,18,3,-6,1 # cft deg6 r=8
1,16,98,293,384,256,-751,-2666,-4954,-6810,-7088,-5659,-3508,-1716,-893,-834,-803,-461,-36,199,213,125,46,10,1 # cft deg6 r=4
11449,23968,-83719,-304538,-101479,544122,415378,-407117,-399066,98147,215326,52852,-61828,-56167,2836,18405,4144,-1927,-1648,-116,299,36,-27,-2,1 # cft deg6 r=8
1,11,52,-45,-163,730,-1352,1744,-2456,2015,-618,-1883,4723,-6843,7564,-6518,4406,-2219,766,-95,-77,47,-4,-4,1 # cft deg6 r=4
961,1860,1624,3468,5557,-2304,-14404,-12070,8194,25464,20548,-3667,-18496,-14923,-5440,-1110,-109,271,442,243,30,-36,-15,0,1 # cft deg6 r=4
-14292623,-33223754,27478852,77927318,-10933535,-79676898,-9778137,44668538,13592336,-14888068,-6370891,2991644,1383553,-358064,-119031,58696,4298,-11992,-76,2474,517,-110,-37,2,1 # cft deg6 r=4
1,0,-9,-2,29,32,-153,-41,648,-493,-566,596,885,-255,-225,-52,98,-36,67,13,16,11,4,2,1 # cft deg6 r=0
-107,-4113,-26449,-71067,-70971,52386,143247,13395,-154765,-31670,138545,18803,-54026,-17616,4437,13832,5319,-4896,-2192,943,421,-79,-36,2,1 # cft deg6 r=8
4823,2618,-9109,-55261,17509,91551,340346,148384,19081,-206443,-104323,102388,41411,-44408,5424,11850,-8086,-765,2454,-460,-296,114,6,-8,1 # cft deg6 r=0
-31,301,-853,1805,-5545,8715,-1984,-5685,8005,-15218,28460,-29641,21372,-13393,6325,-1080,-560,539,-176,-122,164,-96,40,-10,1 # cft deg6 r=4
4549,-4668,12598,-27029,42783,-51866,58143,-60797,59656,-53382,43390,-30715,18981,-10504,5367,-2764,1658,-860,109,223,-148,15,19,-8,1 # cft deg6 r=0
1181,7715,34178,26831,95467,-72971,155286,-193971,175782,-202224,112438,-87898,43002,-9525,5080,1152,1455,-980,165,-210,-51,22,-2,2,1 # cft deg6 r=4
-1,4,36,194,675,1545,2053,1784,369,-1101,191,914,-1209,-1960,-627,189,271,144,23,-17,-7,-6,-2,0,1 # cft deg6 r=4
49,-77,-151,-246,590,729,-690,-1547,-1933,-632,469,283,845,1160,1396,1224,601,408,298,174,99,52,26,8,1 # cft deg6 r=4
393827993,447280134,103660268,-22999080,-1852584,103400992,41252721,-36802116,-1208246,6688444,-3382122,-937262,287604,1614,-58221,42324,26921,-5224,1919,-770,116,-60,17,-6,1 # cft deg6 r=4
1,1,5,-11,14,-3,21,-60,229,-653,1448,-2283,2916,-2975,2485,-1552,706,-156,-23,58,-29,9,2,-2,1 # cft deg6 r=0
71449,238357,293885,-18406,-608799,-721770,306099,999797,11067,-698282,-65965,328058,50050,-108170,-23457,22949,8190,-3044,-1940,229,297,-8,-26,0,1 # cft deg6 r=0
54289,-25630,-57978,24427,-35283,12939,36816,-37403,70112,-32886,2751,-39009,35045,-1890,-6428,-765,1029,542,-318,-162,129,23,-18,-2,1 # cft deg6 r=4
-30037,-109557,-113095,-8720,49999,-63502,-113955,45843,129918,39814,-64320,-53667,19696,19270,5759,-9459,-2075,2298,156,43,-299,98,8,-8,1 # cft deg6 r=4
541157,2146852,3897420,4026547,2152031,111035,-281941,522775,902335,395505,-151180,-167540,37014,82514,13620,-18554,-7194,2479,1907,12,-269,-61,14,8,1 # cft deg6 r=0
4337,13156,39355,149841,318134,234222,-236595,-543345,-193338,326756,327366,-18336,-159271,-46894,43235,27133,-4400,-7199,-704,986,242,-68,-25,2,1 # cft deg6 r=0
3725,17895,42011,50314,34618,8558,-1038,6896,12061,6824,5,-245,2508,2859,1283,175,148,208,82,-54,-52,-13,6,4,1 # cft deg6 r=0
2004302183,-9117574958,12073690743,-5039952712,-1562496518,2122641388,-888774239,351052162,-34051193,-165444824,106861795,1416986,-20721639,5034050,1064791,-617704,79797,5530,-6858,2490,-309,-22,17,-6,1 # cft deg6 r=4
3067,30876,201,-71785,-106744,96048,199603,6286,-148799,-59011,59644,-28433,21400,58702,-42806,-24731,20690,4010,-4480,-317,536,10,-35,0,1 # cft deg6 r=4
163,-358,-1039,-198,3639,3389,-3425,-14124,4497,15560,-1494,-4058,-7473,1300,10393,-6836,104,488,264,52,-210,62,12,-8,1 # cft deg6 r=4
49,-385,796,723,-3603,954,6674,-9690,2288,6071,-7542,675,2203,-1653,648,294,72,397,160,157,115,43,22,8,1 # cft deg6 r=4
3329,30421,110128,243396,387641,490076,469264,287807,13275,-214163,-315165,-279011,-166702,-53782,8315,20875,13129,3353,-864,-810,-190,-9,11,6,1 # cft deg6 r=4
-9489343,20233360,20247599,21089932,-89631770,-73064048,-48644013,-19872140,-15968760,-13824480,-8971568,-5655624,-1660621,-600056,26633,48530,37638,16046,5340,1712,505,114,34,4,1 # cft deg6 r=4
-1,15,-20,-435,-388,1377,1015,-7077,11390,-6033,-5953,14646,-13023,5342,522,-1899,635,530,-663,269,18,-64,31,-8,1 # cft deg6 r=4
88523,-62020,-540633,-231469,959079,1040384,-449750,-1194404,-306907,549489,391684,-46243,-118617,-6240,24383,-1412,-7823,-481,1833,491,-172,-96,-3,6,1 # cft deg6 r=8
302893,-266675,-600602,356673,969402,-580103,-746196,466861,402213,-274388,-110090,78062,6253,17638,-13156,-11705,9621,-709,-150,-619,232,37,-20,-2,1 # cft deg6 r=0
-269981,-202310,2563880,4961032,236882,-4585690,-782125,2956242,1534692,-738752,-715717,61850,286768,89766,-54712,-46584,-5941,4652,2701,352,-186,-68,-7,2,1 # cft deg6 r=4
-47,-3,1033,-5117,11849,-14941,6443,6526,-8837,297,5114,-1548,-2924,2235,460,-1206,445,220,-252,43,59,-21,-6,4,1 # cft deg6 r=4
5929,-23023,33518,-3777,-39482,61209,-8252,-55325,43100,18902,-36195,6578,14585,-8838,-1885,3862,-846,-855,563,15,-128,41,6,-6,1 # cft deg6 r=4
5329,12702,32603,49815,72855,75859,68481,40069,13952,-7540,-13391,-10588,-2377,3173,4024,1382,-686,-847,-95,214,94,-16,-14,0,1 # cft deg6 r=0
613,3542,9686,18574,30125,33534,37669,38797,52892,56038,63618,70817,66027,37162,8540,-1007,-421,273,34,-130,-76,-15,4,4,1 # cft deg6 r=0
-1009,9042,-20484,-18326,87128,-43087,-71466,73987,9297,-23158,-23259,30366,-1081,-13173,6152,1333,-2440,640,482,-415,44,59,-18,-2,1 # cft deg6 r=8
2809,-21094,64181,-117026,189960,-220519,223746,-201330,152531,-131626,107917,-82019,55973,-27474,11371,-8753,7220,-3815,1080,126,-251,68,11,-8,1 # cft deg6 r=4
-123773,-964129,-1110170,868247,944543,-875723,650640,1118647,-674802,-582570,391218,212254,-139798,-14116,34907,-14650,-1595,5515,-520,-877,57,131,-6,-8,1 # cft deg6 r=4
2503,-90041,377417,-681402,850960,-842144,392255,315547,-482727,173403,-8729,-99312,136496,-624,-71782,12920,20551,-4539,-3811,758,463,-63,-33,2,1 # cft deg6 r=8
1009,-3116,6689,-4573,7105,3157,21666,11096,24314,30134,24016,16368,12431,6048,4210,3214,1757,874,477,178,74,36,14,4,1 # cft deg6 r=0
113,-1475,6482,-13715,25614,-28332,29922,-14045,3522,12304,-13881,13160,-5606,210,3614,-4224,3503,-2156,1153,-501,197,-66,19,-4,1 # cft deg6 r=0
-4201361,-24673544,-47593315,3337888,131907971,128681676,-61023931,-131406046,-19266292,43697426,20425866,-3068788,-5480943,-1189326,530496,248784,17844,-18898,-5699,676,220,10,-9,-2,1 # cft deg6 r=8
13,47,622,-707,2810,2463,8191,862,-1936,-9927,3580,-5974,15383,-12588,13119,-13290,7508,-2793,853,10,-168,57,-1,-4,1 # cft deg6 r=0
-217,119,1717,796,-5596,-624,8606,-4788,4133,-10987,6823,-904,2535,-2252,2102,-1621,294,-131,-77,17,25,-12,12,-2,1 # cft deg6 r=4
1,-6,-27,31,-96,-743,498,1437,-2505,5156,-4814,1020,649,-989,488,-235,-67,238,34,-1,5,-20,-8,2,1 # cft deg6 r=8
31,279,779,715,176,1013,3955,3876,-1694,-322,7830,5719,-1521,-649,1998,811,72,613,452,-48,-152,-51,4,6,1 # cft deg6 r=8
1811,-8085,-354,6450,8690,-15622,-9276,18929,8387,-18366,-4235,14428,1370,-9054,-469,4479,259,-1637,-146,412,58,-61,-12,4,1 # cft deg6 r=4
484896043,-324751388,59208987,247862634,-89363586,-137060888,116352470,43728992,-46558370,-14661218,13651235,3349014,-1832030,-789282,96646,116312,27763,-15758,-3704,828,191,52,-11,-6,1 # cft deg6 r=0
3037,-28859,73506,-29945,-11084,-1268,-142943,121614,213372,-175233,-173810,128048,98669,-58776,-41385,17795,12748,-3459,-2748,388,382,-19,-30,0,1 # cft deg6 r=8
1,1,-613,-520,2825,4073,2113,2414,1556,297,-1407,-600,503,-670,-662,290,621,72,-305,-58,87,16,-14,-2,1 # cft deg6 r=8
1,5,-21,-309,-892,-136,3839,2230,-13038,-24053,-16704,-6312,-4497,-5749,-4694,-1577,970,1413,612,-23,-123,-35,7,6,1 # cft deg6 r=4
-1141,1190,-3124,2239,-5054,5422,-8021,6545,-4788,3226,-2275,1905,123,-2500,2959,-1548,-217,944,-430,-120,133,-1,-19,2,1 # cft deg6 r=4
129619,1181955,4377082,9094461,13960118,17040482,17395872,15237788,12118225,9354794,7029183,4608880,2321232,930468,404980,222108,115282,44169,8506,-1322,-1110,-152,34,12,1 # cft deg6 r=4
-60637,-5503880,3317386,6666918,2302719,-9295308,240400,2271648,2448809,-1080858,-1103490,-111508,266213,138420,-8440,-31588,-7738,1540,1754,302,-105,-52,-5,2,1 # cft deg6 r=4
349,2125,5893,12547,25340,30413,-11301,-77525,-49024,79301,107175,-31252,-117898,-37151,53581,40991,-3889,-12653,-2453,1583,579,-69,-44,0,1 # cft deg6 r=8
1849,-22188,35475,226782,254832,139576,80178,66081,64638,-22993,-67563,-7846,28265,21600,12148,5916,3004,1785,933,334,32,-49,-17,2,1 # cft deg6 r=0
90601,-12943,-311621,-148608,238191,219337,170636,266715,76038,-202536,-132381,80218,130572,59316,10579,1725,105,-1753,-746,276,314,43,-26,-4,1 # cft deg6 r=0
-8039,81895,-322139,884095,-1830872,2870166,-3429858,2874673,-869138,-1796723,3314169,-2723894,1034034,162138,-387940,167238,-436,-27834,10263,-187,-864,221,0,-8,1 # cft deg6 r=4
-1,-18,-166,-1017,-4472,-14692,-36708,-70269,-102777,-113154,-89664,-42780,3175,29346,32955,23396,11769,3989,587,-254,-209,-69,-9,2,1 # cft deg6 r=4
35291,-183297,431705,-596803,510025,-214074,-97024,239997,-156625,-31895,130841,-80305,-12096,42827,-18793,-5322,8407,-2463,-875,858,-193,-48,40,-10,1 # cft deg6 r=0
4759,-21809,45836,-63164,52689,8331,-112343,230484,-324408,362251,-337925,264304,-168847,81710,-20890,-8424,12932,-6998,1667,246,-313,84,2,-6,1 # cft deg6 r=4
155371,-48378,-38598,155288,369218,76646,-214185,-124702,168295,144137,-37352,-81335,3358,36624,9223,-10163,-5802,500,1400,240,-80,-53,-6,2,1 # cft deg6 r=0
1549,-60274,210680,-97255,-519442,857423,-182184,-615360,374388,333934,-375570,-59377,187576,-5404,-72026,10026,21202,-4306,-4167,848,536,-73,-38,2,1 # cft deg6 r=8
5037401,-219969902,510479491,-91856634,-893055392,1070951352,-249136298,-404890222,362804766,-63033252,-71309735,46144348,-4053223,-6082944,2663537,-109544,-280242,83996,556,-4656,1118,30,-57,2,1 # cft deg6 r=8
-73,117,-103,2261,354,-17821,-14002,-45202,-18063,-39987,-561,-12714,7976,-4027,3379,-1906,551,-270,486,109,127,4,-5,-6,1 # cft deg6 r=4
545728,-263360,-359584,-593664,478024,213422,-557905,-54222,754442,-18649,-628598,-45256,377373,63432,-142812,-32470,36901,9146,-6315,-1485,666,125,-39,-4,1 # cft deg6 r=4
119723233,184698640,174629326,31047452,56251662,39887762,41276581,40141682,14205497,2245120,3590807,3297204,737530,-279456,-195460,-35756,12591,5036,-3750,-3432,-1129,-108,38,12,1 # cft deg6 r=4
49,-287,1258,-2686,3363,-6294,7273,-5371,11084,-2733,8126,-4177,3324,-1322,3112,-416,508,-562,226,-124,41,-18,20,-8,1 # cft deg6 r=0
1583,85,-4893,-19794,-32730,35421,88712,-13657,-68644,-2546,14038,1906,1915,-2187,893,1145,-283,-385,-526,254,154,-42,-19,2,1 # cft deg6 r=8
-64241,-451911,624190,2679069,-1835221,-8282444,6259496,9983092,-10478180,-2819341,6581278,-1881896,-589836,401781,-216405,194364,-62478,-21286,17600,-2190,-859,203,27,-12,1 # cft deg6 r=8
54289,0,88307,0,49888,0,-42940,0,-748,0,9041,0,-4299,0,1186,0,146,0,-159,0,34,0,-13,0,1 # cft deg6 r=4
1,-13,91,46,-2357,10706,20329,-73933,90385,-70999,16762,37031,-44683,23721,-219,-13196,12793,-7164,2658,-556,-43,92,-24,-2,1 # cft deg6 r=4
422827,1302416,9298058,15138190,18371438,20405408,23398570,23086500,19095160,12342784,6389883,2377406,588612,-2294,-69388,-40260,-12062,-2558,462,314,251,46,25,2,1 # cft deg6 r=0
349,959,2743,11441,-14356,-24258,57340,-53357,-1321,54360,-33909,-9822,14125,-1034,-4157,3653,-1544,-72,163,250,-249,59,13,-8,1 # cft deg6 r=8
1,13,35,80,1,-89,-709,-1033,-1604,-442,308,1735,356,166,95,-1523,673,32,56,29,-68,21,3,-4,1 # cft deg6 r=4
6211,25493,47560,28108,-130,9020,33657,50844,21259,-22633,-27092,-10709,5413,9083,2319,-2128,-1437,43,331,90,-9,-13,-8,0,1 # cft deg6 r=0
4028369,1589314,-58804,-869826,3124089,1637798,-796026,-1587712,456630,814048,143902,-369692,-66933,56818,49624,-8374,-6688,-4246,1568,436,68,-36,-23,2,1 # cft deg6 r=0
349,-1859,621,1365,15805,14510,34483,29259,34577,22198,20264,11034,6650,3153,1827,-156,-894,-461,-34,-23,28,30,0,-6,1 # cft deg6 r=0
14334373,19736372,-194347831,-26287186,16785575,140646878,-18764808,-68391996,-22129086,41387320,6104140,-10643520,-1219161,859970,372678,27900,-46301,4342,1273,-1946,101,86,-15,2,1 # cft deg6 r=8
10783397,71691610,-217488682,263844652,-24368462,-171260858,49632060,9512814,-14869992,6966462,-2232227,51830,643987,-401664,67121,-54696,28373,-4008,-1113,346,9,42,3,2,1 # cft deg6 r=4
-29413,29447,88317,3372,-7950,33701,8627,-20678,-22094,-11611,-3035,1632,1680,355,433,-632,-244,692,469,6,-73,17,32,10,1 # cft deg6 r=4
10921,-86565,310934,-499165,434269,-93239,-186692,205661,-10528,-88482,57844,-10457,-9274,7905,-1489,-2608,1008,199,82,114,-28,-44,-4,4,1 # cft deg6 r=0
33218467,-120076722,122492760,-24943900,-91186477,145811716,-92365529,15343724,9959726,-4988224,1745252,-1309858,40750,442916,-173301,-39876,36604,68,-3629,388,339,-64,-24,4,1 # cft deg6 r=4
281551,-36765,498971,-394290,228946,-251763,204156,-150979,150658,-93276,-24918,20987,38416,-27587,-6619,9262,1785,-3832,861,451,-226,-17,36,-10,1 # cft deg6 r=0
52523737,39744474,-369667056,176245654,378925110,-453479376,170846654,37846554,-23738441,-2577276,-25459090,17719114,3768848,-4724586,-97481,411244,37441,6600,-11204,-3252,1160,196,-54,-4,1 # cft deg6 r=8
43313,405441,1596069,3512911,4875803,4459373,2587592,692208,-248096,-339156,-150288,-25264,5863,9124,10734,8982,5216,2044,873,334,150,30,10,2,1 # cft deg6 r=0
1931,785,35295,32847,93868,26225,201875,-193227,466193,-370689,433041,-167538,47535,33626,2983,5495,6664,174,773,-96,-132,-1,3,-2,1 # cft deg6 r=0
95983,-133321,226341,-407386,542631,-459576,246274,57873,-227128,95173,158544,-196658,61363,28429,-22076,-1479,7994,-5281,1836,-180,-144,75,-9,-2,1 # cft deg6 r=0
1,-6,-42,118,1059,2291,1499,-1493,-1599,1968,1162,-932,687,2078,63,28,-476,-423,145,-146,138,-46,22,-8,1 # cft deg6 r=4
-1291,23920,-25581,45549,-107749,192690,-22218,-121970,-139189,169636,527778,-1155908,930197,-308984,27122,-76394,119299,-73149,21011,-1050,-1001,184,30,-12,1 # cft deg6 r=4
1119749,2601358,-326934,-4533316,-1904536,3749697,2732085,-1829965,-1872332,717165,1032667,-118538,-355077,-7708,81841,6041,-9982,846,589,-614,-4,89,-9,-4,1 # cft deg6 r=4
178513,-226207,227978,-56950,70690,-194033,466141,-523642,463604,-305448,196546,-95852,43601,-11963,6152,-1680,945,-16,305,-17,18,17,12,6,1 # cft deg6 r=0
169,-1391,4293,-8266,11681,-10596,124,18438,-34993,38216,-26144,10519,-5642,10773,-12726,5872,2394,-4986,3044,-802,-53,95,-19,-2,1 # cft deg6 r=4
8161,-37051,75640,-90060,68743,-34155,-16798,65237,11352,-136050,36030,117472,-29488,-32812,37835,20488,-3567,3401,6056,1450,-482,-232,-8,8,1 # cft deg6 r=0
-24824491,11679280,42976075,85300542,-164365200,76064916,-24972472,45145678,-44145111,-11970906,18655521,-1460984,-2200932,-737742,-283481,420128,91600,-97030,-19520,8642,1875,-316,-74,4,1 # cft deg6 r=8
164343871,-175514904,259230549,19386556,81740472,88393878,88256840,72146756,54642319,22610330,15480133,6183472,1654778,600204,204115,-49908,-2150,-4946,-1468,-482,307,-26,42,0,1 # cft deg6 r=0
99907481,-162350402,130324605,88234352,-189617051,54696768,4752722,-50084104,-10584062,-1176822,-4174514,182530,1519897,618080,219972,103528,27536,-7708,-1667,274,-170,-44,34,-4,1 # cft deg6 r=4
-4079,-40579,-116248,-95635,115174,236876,6961,-237982,-95587,155242,96974,-78941,-55156,34014,19972,-11892,-4704,3260,583,-614,-8,75,-10,-4,1 # cft deg6 r=4
-4969711,-6093428,93840047,301030822,337671539,65323346,-199742127,-170188176,9970688,82839908,35494319,-10332658,-12378372,-1792204,1461954,541228,-36443,-43436,-4283,1206,307,-52,-18,4,1 # cft deg6 r=8
14807311,8522928,-11069223,-12382114,2205102,-673546,-2465478,-1956412,5118,987900,1169383,-980444,93233,89240,-120723,95442,-20338,-7034,3066,-456,66,66,-25,-2,1 # cft deg6 r=4
20719,-2776,-4035,129126,225024,-57257,-206547,-46808,185752,76375,-72016,-69730,21801,29110,-1368,-11273,242,2471,121,-468,30,42,-7,-2,1 # cft deg6 r=0
1,-61,267,3168,9688,10341,-8066,-28306,-18134,8960,16414,4433,-3703,-3009,-464,354,309,80,47,23,-8,-26,-4,2,1 # cft deg6 r=8
5825,2580,-15013,-45543,-67409,-58069,-14799,39812,81653,98426,95719,82935,65848,47176,29942,15802,6037,1047,-405,-394,-164,-39,1,4,1 # cft deg6 r=4
9409,-49761,106330,-80624,3370,9683,56443,-101378,-39476,56680,55792,-5464,-10471,-553,-5730,-6526,85,909,-400,-109,200,42,-21,-4,1 # cft deg6 r=4
76055053,121216276,-82391571,-228055020,-101161121,45661400,226258512,71177186,-60273138,-35356682,-27937059,1158126,556934,1260936,-113426,-94936,-78075,-18426,-4876,-792,-64,34,25,6,1 # cft deg6 r=4
2286179,9133502,16761639,17959162,13705154,10626312,9206905,6806292,3197378,988936,178939,9800,-110444,-96804,-38022,184,8471,2490,907,-170,-15,-32,-19,2,1 # cft deg6 r=4
-5675,38155,-89116,54316,110273,-193294,24307,172371,-107133,-98764,140177,-9925,-71491,33811,15966,-15838,30,3945,-857,-542,233,45,-26,-2,1 # cft deg6 r=4
-45691,-65135,403579,-96895,-1402506,1752509,139336,-1819007,984897,831917,-903310,-132952,434058,-47891,-140291,32380,32648,-8388,-5373,1175,596,-83,-39,2,1 # cft deg6 r=8
3659,15735,-64553,-77137,-7113,199457,120968,-39256,-163192,-55399,55265,9993,6784,-12130,10270,-2343,-2686,-64,1523,-413,-171,73,10,-8,1 # cft deg6 r=8
2207,-15265,72933,-226952,515729,-765120,642619,-91837,-405055,420687,-117573,-94429,101353,-33556,-6143,10766,-3967,-396,867,-175,-86,33,8,-6,1 # cft deg6 r=0
-189642779,-779022188,-793641022,811708,97876278,175902130,144843008,46260342,-31235494,-41573308,-21080229,-5391486,2203220,3273060,1636468,282908,-134305,-104856,-36775,-7868,-602,154,60,12,1 # cft deg6 r=4
-151,-5489,-30652,-65522,-37324,83001,158513,66114,-79674,-100575,-17146,36241,20116,-9408,-13951,-3528,3259,3055,912,-132,-201,-62,-2,4,1 # cft deg6 r=8
46366057,-579238880,880790875,-1755130596,4564234474,-5853025828,4357074463,-2436900782,1218026824,-520294046,184520447,-59962396,17323789,-3577778,452680,47608,-55307,17656,-424,-1838,972,-324,74,-12,1 # cft deg6 r=4
-1021,22834,-83760,104552,3771,-125072,112555,-49797,34404,10547,-92249,73088,33600,-63621,4381,27949,-10005,-5806,4061,54,-605,131,19,-10,1 # cft deg6 r=12
-618090496,543821824,685289472,-1123561984,367462656,268472704,-336843072,98509920,66238512,-101658136,68577488,-30091448,10058781,-2418982,318322,86328,-91462,39302,-12616,2800,-474,74,7,-2,1 # cft deg6 r=4
2401,7448,4003,-1810,17578,28335,-14879,-40981,-433,26997,6555,-10291,-5191,1857,1950,-366,-750,11,237,87,2,0,10,6,1 # cft deg6 r=0
1888019003,4392865518,4033262624,1772352012,827076676,278993062,279722743,52203694,7203930,6269098,-3693844,674564,-1039979,-102084,-2891,-35228,324,-1112,817,-484,299,-80,30,-4,1 # cft deg6 r=0
1503810841,0,-34598754424,0,2007426684,0,-1795097712,0,473194412,0,-148467374,0,28878846,0,-3028364,0,314980,0,-26092,0,1177,0,-46,0,1 # cft deg6 r=8
5702817289,0,21633563172,0,5216578124,0,1034968880,0,223855852,0,-62176634,0,11412130,0,-630864,0,-7396,0,10796,0,-563,0,6,0,1 # cft deg6 r=0
-967,42961,-134644,80831,213792,-356488,5634,316345,-121836,-164651,112883,50489,-59081,-3724,18994,-4076,-3286,1914,98,-406,77,44,-15,-2,1 # cft deg6 r=4
-37776769,-186773234,-309433954,-95633628,265092326,226742714,-97573056,-175043674,-10316410,66942296,19707608,-14157848,-7402554,1208908,1445583,157890,-151397,-55640,6344,6516,205,-360,-32,8,1 # cft deg6 r=4
373,-1059,3810,-15806,35097,-49845,52724,-43377,29199,-15633,6919,-3522,2180,-1224,554,-300,87,62,-1,-6,3,12,1,2,1 # cft deg6 r=4
306877,-181754,-425398,1204626,430693,-1192428,1083763,69254,127139,-310282,366008,-183537,46589,24407,-31062,10568,22,-276,-44,-144,43,19,-1,-4,1 # cft deg6 r=0
-10212329,-24893964,42276208,51734278,-56310,-13987116,33920662,33378718,3130548,2788202,11132372,7914488,2865679,1531006,1362028,942338,440652,159552,57608,16018,1084,-572,-94,4,1 # cft deg6 r=8
1543,-20788,71910,-66130,-47935,92240,-3114,-106240,-79144,73823,107032,-59423,-94253,16462,42198,4003,-4617,1833,1064,-846,-542,-33,43,12,1 # cft deg6 r=8
526723003,-1290692376,-147712524,920324466,-769504,-744768888,-26734439,156498992,39992076,-18879766,-12726258,-5834928,139435,-73454,-188968,208512,32606,19044,-9364,-1168,-325,12,28,4,1 # cft deg6 r=4
31319549,-130278254,242637759,-266765432,187258542,-100781672,61831373,-40422082,15337170,1566614,-1855358,-784114,949099,-407796,147183,11174,-20158,13246,-5632,900,227,-80,46,-4,1 # cft deg6 r=4
49105230409,0,-16191744862,0,-22092547571,0,-12040903320,0,-2987967478,0,-197958836,0,-6573328,0,-1949598,0,-320339,0,-16870,0,67,0,38,0,1 # cft deg6 r=4
11344001,-1108600,17343355,2585502,20719673,32863572,-47034218,-29960330,39641070,14990592,-18040490,-5075532,5096213,1322034,-832296,-243398,58908,28188,3703,-998,-666,-74,10,4,1 # cft deg6 r=4
40539899,77728770,9956025,9714864,65081027,45999792,-12640865,-34604838,-9672908,10794570,5187616,-3094392,-2754833,-101982,678926,263468,-54990,-57454,-4723,5004,1015,-180,-55,2,1 # cft deg6 r=8
-350503,1158852,-2264434,-38516872,43904353,18793152,-29554746,7193210,11102929,-6370058,-801428,1869396,-633873,-179192,215264,-44508,-22580,16872,-1704,-2030,535,104,-39,-2,1 # cft deg6 r=4
8668787,3066072,-15847490,-8398940,25755634,22132794,-11838031,-10451504,354576,3118524,251295,-600422,112695,114140,-63877,-40918,17293,9976,-2042,-2086,418,158,-36,-4,1 # cft deg6 r=4
2933,27986,90122,181791,217863,137904,-28210,-148029,-123221,-18792,58176,56487,-9479,-11916,-15727,5002,4574,7,-712,-409,140,73,-19,-4,1 # cft deg6 r=4
251,1834,6176,11234,15178,27508,44412,19306,-6288,10006,-6243,-31798,-15890,3276,9830,9900,5329,1396,-21,-262,-114,24,34,10,1 # cft deg6 r=0
28155739,-34303450,61349583,27679526,-10352792,18630068,37263638,25291982,16379303,12589944,10144793,7480068,4579306,2445344,1173121,459244,137584,24414,-1358,-2302,-777,-112,2,4,1 # cft deg6 r=4
67468613,-38495822,-17930509,33776538,35753754,-13693910,-16288836,9166502,11414651,-3280874,-4796382,985546,1278695,-285766,-197035,116268,26104,-29924,-4843,3944,756,-216,-48,4,1 # cft deg6 r=4
-164371,-550242,2048640,-1843685,2128958,-4869693,6589380,-5920513,5426935,-5980674,5048766,-2920485,1388607,-474765,1305,120861,-67626,2722,9360,-2354,-417,219,-4,-8,1 # cft deg6 r=4
54001,-231713,773732,-2204574,4670345,-8654907,12527173,-14438112,13099381,-7925646,2883092,-1358353,1138202,-418567,-16950,-1027,26338,-2022,-3509,270,192,45,-23,-2,1 # cft deg6 r=4
-387638959,1542128744,-3079010179,4016705424,-3183262267,1852611910,-811399862,90471812,175255050,-160038912,77771726,-15160596,-6243120,4822868,-914161,-306458,215760,-34814,-9972,5382,-786,-72,56,-12,1 # cft deg6 r=4
-44323,-2474111,-6324252,-6735428,-5256094,-4087558,-230291,4203468,2980183,-1440885,-2117608,482623,1695756,731509,-256367,-355118,-109190,15879,19465,3785,-654,-332,-17,8,1 # cft deg6 r=4
40002217,121747256,26327944,-185380604,-14471732,88297318,16796983,-55097478,11132684,9993514,-2431809,-3022336,1746383,-135566,-251802,195414,-103631,40626,-9966,690,480,-212,53,-10,1 # cft deg6 r=4
-66721,-294410,-312881,400702,1168706,466503,-807284,-760357,269925,373063,-124929,-209292,112910,79021,-15932,-39834,4993,6802,-556,-464,109,-33,-15,4,1 # cft deg6 r=4
38243311,162305642,349436890,484505256,511814385,465054904,399010980,321448602,233210124,146482172,78310960,35261816,13218266,3979782,848940,61298,-50434,-28998,-9350,-1992,-190,16,22,4,1 # cft deg6 r=4
12168571,-24510546,46599109,-79118118,77863309,-17830874,-33385536,17827818,17117556,-13465292,-7172340,10099680,-1874140,-1996406,1161253,-60722,-159156,58800,3402,-6686,826,282,-56,-4,1 # cft deg6 r=8
24512375,70439250,146807660,273860892,445814907,556304614,503284838,322234676,139427501,35508504,1140842,-3735490,-2208066,-670380,-5914,102122,53957,12814,-432,-972,-246,-72,-10,4,1 # cft deg6 r=4
277,-452,1543,-1144,2621,-978,3621,-1426,3101,1152,-2185,3462,-1539,735,585,-38,342,-202,-87,-61,80,17,-14,-2,1 # cft deg6 r=4
344819,7524060,52146688,118640610,42234505,-112461198,-80479119,50526754,48860778,-19452412,-13988901,7175818,1071696,-1640890,362886,167958,-92332,-504,7829,-1564,-101,138,-22,-4,1 # cft deg6 r=8
-191,52,-1339,2362,-5177,3893,884,-2845,9754,-16756,14322,-7181,558,6333,-11555,11810,-8419,4534,-1775,402,26,-64,30,-8,1 # cft deg6 r=4
-28907,88953,-23832,-47320,-4591,-64361,121451,22059,59811,21066,-19159,17523,-21203,16885,-9145,6380,-2903,888,-341,40,80,-50,18,-6,1 # cft deg6 r=4
-480179,2816156,-3988470,-1412834,8506418,-6234818,-2568500,4615150,666632,-2915158,171258,1291152,-208582,-351944,29297,99982,-14809,-13782,1441,1994,-483,-18,19,-6,1 # cft deg6 r=8
1275677,3389812,10468097,8628980,6802485,3835552,3570442,2712904,1649297,105534,-212518,-132400,44890,85418,51190,3484,-1732,562,-388,-262,96,50,8,4,1 # cft deg6 r=0
119,357,-2738,13227,-41806,90072,-108468,82471,-56217,14306,64842,-97132,38429,23917,-25430,4349,4921,-2864,177,823,-103,-129,-1,8,1 # cft deg6 r=4
803189,1808714,1655782,2475156,2409537,-1673295,-3697757,-1218439,491786,433025,330670,212150,14831,-48607,-21606,-7591,-6423,-1634,1311,864,53,-81,-19,2,1 # cft deg6 r=4
56731,-197299,-2232,391447,-397603,-326217,538230,-35458,-365982,115647,90461,-52465,-2261,6405,-362,5763,-667,-3277,-34,762,83,-87,-17,4,1 # cft deg6 r=4
169,10596,9555,-23959,-62869,-15310,82464,92677,-12069,-77737,-30805,28751,32552,4776,-10863,-8672,-2551,1541,1955,446,-249,-131,-7,6,1 # cft deg6 r=8
195919,-448616,1409954,-731412,1072654,439886,-154660,870561,16261,-366718,34185,-35101,-49313,52046,21415,-12845,-4137,794,221,238,66,-53,-13,4,1 # cft deg6 r=0
114167,357019,247978,-741390,-1790290,-1248609,819811,2150012,1381946,-190792,-753479,-265180,230912,251344,65219,-33756,-29067,-5340,2538,1433,103,-101,-24,2,1 # cft deg6 r=4
996336041,-1960296860,3576938324,-4055022098,4354936133,-3633717498,2855824710,-1943562866,1264499495,-703363832,346299130,-141520412,51824851,-17921692,7207538,-3074776,1305135,-465546,138038,-33482,6613,-1034,140,-12,1 # cft deg6 r=0
-367,-5814,18590,-9586,-42600,85936,-8812,-133326,105182,64994,-106832,9400,40092,-12284,-7761,1402,3289,-650,-970,312,151,-58,-16,4,1 # cft deg6 r=8
-4932019,-12856408,-24910113,-33150204,-27535575,-10097493,13206431,21135061,10449175,11310,-2214002,-1101977,-170212,-3207,-91427,-56644,-607,816,-2982,-302,383,22,-26,0,1 # cft deg6 r=4
41036719,82298734,102802332,5970276,-77870481,-98237182,22421438,65357900,19157789,-26003000,-14885058,5044778,5744650,-263060,-1360438,-133642,224113,35298,-25436,-3796,1786,200,-66,-4,1 # cft deg6 r=4
3315273047,-3268134388,3817777552,-698958574,702286077,274631440,302694444,14305818,120364063,10445554,21280979,3946356,4257469,853532,937216,247198,174141,40948,18712,2946,1189,104,49,2,1 # cft deg6 r=0
-785772763,-175328096,830747324,489776004,280063077,-177753658,-97691611,-241536442,-67099855,-49548454,21921304,1114332,4519768,-541784,252546,-95014,-36659,-10260,-1286,516,153,70,12,4,1 # cft deg6 r=4
1,129,-3091,4720,4309,-20318,25683,-3526,22061,-49757,47239,16325,-31334,-26786,1723,16765,7343,-5379,-2887,871,475,-70,-36,2,1 # cft deg6 r=8
1,-18,-65,568,-1926,4066,-5979,6065,-3359,-1236,5168,-6219,4262,-1130,-977,1224,-423,-202,267,-86,-18,22,-3,-2,1 # cft deg6 r=4
-49469,129597,-165192,139798,-78613,8081,24841,-116096,492049,-913259,919697,-634108,368421,-175832,77885,-49713,23862,-1957,-2163,463,-89,95,-18,-4,1 # cft deg6 r=4
12961,-82391,153730,-40073,-56870,124441,-7686,-28047,11597,25347,7237,-41246,42352,-6714,-11322,7142,874,-2280,1014,126,-181,28,1,-2,1 # cft deg6 r=0
1,7,37,49,37,-117,716,1558,1003,-2966,-1001,-6597,-1614,897,2308,4923,3416,1439,996,71,112,-1,-24,0,1 # cft deg6 r=0
-69149,-801138,-3913410,-10705692,-17059641,-11420360,15205924,54273116,81357573,78472530,51295388,20847169,2549129,-2762292,-1965364,-513898,44804,75239,20303,-252,-1389,-271,11,10,1 # cft deg6 r=4
30625,3500,49800,-65025,45233,-82573,31823,11917,3568,13023,-3546,-11136,-15479,15021,10268,-8921,-3195,3025,582,-685,-25,87,-5,-6,1 # cft deg6 r=0
167,121,3696,13966,-72660,-62618,567464,-945292,715549,-176548,-206410,317192,-231553,77466,28476,-49448,25661,-4160,-2368,1612,-341,-38,40,-10,1 # cft deg6 r=4
-523,-2481,-10104,-26070,-7585,85180,118957,-38773,-174219,-60235,100332,69266,-32612,-38913,3723,13424,1470,-2904,-748,381,158,-24,-18,0,1 # cft deg6 r=8
361,-1957,-1161,26312,18656,-54220,-6183,-25279,156733,-147538,12406,68518,-65256,32427,-3090,-8540,6498,-2347,283,348,-279,66,12,-8,1 # cft deg6 r=4
1630825,8651650,20833025,27274860,17938117,1818974,-2390252,6217696,11101683,4734956,-3121198,-3785095,-409666,1152994,523992,-114097,-130268,-9825,15211,3560,-719,-310,-1,10,1 # cft deg6 r=4
350069,4085812,-665505,-4549206,305342,-405432,-2219077,2723714,2639666,-2385164,-1921791,1287204,1028980,-417532,-383955,75460,92594,-6842,-13723,186,1208,4,-56,0,1 # cft deg6 r=8
-95,-44,-12,-3600,33395,-82929,56045,44947,-52281,-30852,50743,6903,-30688,19521,23332,518,539,-813,-2109,174,510,-10,-40,0,1 # cft deg6 r=4
-61609,35910,221014,-39577,-383043,-90078,558036,156199,-638951,-20932,460482,-90410,-197043,75915,48498,-29537,-5328,6499,-449,-771,225,34,-26,0,1 # cft deg6 r=8
4057,-14527,22633,-31243,19894,60746,40077,120043,114255,18365,-55434,-11885,4766,-22496,3886,14808,-943,-3236,-231,212,131,16,-20,-2,1 # cft deg6 r=4
-201349,-849810,295789,-2095967,-2502335,1330027,-1055486,-1901854,3312697,3191875,-1454893,-2156230,-3987,740070,200614,-123830,-70504,4289,10880,1824,-640,-246,-6,8,1 # cft deg6 r=4
1,-32,183,215,-82,1035,-2873,3038,6354,-12114,-7935,12034,1287,2044,3358,-6967,-2282,2895,375,-556,-15,42,-1,2,1 # cft deg6 r=8
2447,-181,-20543,-28508,-51517,-116367,-54407,49747,42629,154949,369195,330313,61841,-116216,-105824,-30536,9867,11270,3184,-388,-497,-105,11,8,1 # cft deg6 r=4
1409,-9860,30829,-83891,330321,-1196727,3011939,-5245318,6559667,-6065664,4165803,-1945031,309442,383578,-369784,132438,17233,-38441,13897,166,-1378,279,21,-12,1 # cft deg6 r=4
-32797,231910,-513567,118879,1431573,-2884665,2274284,440347,-3177870,4126011,-3281795,1793187,-639376,86329,60095,-53774,27874,-13518,6909,-3254,1254,-372,80,-12,1 # cft deg6 r=8
450325,313380,872387,-392752,-230122,-309052,448468,276656,-283194,-200546,98726,163810,-54902,-80440,29794,25428,-12009,-4728,3157,338,-483,30,43,-12,1 # cft deg6 r=0
79847,397553,905439,979984,-22825,-1509249,-1807710,-409636,1056250,1035858,64468,-457492,-239357,68051,101209,13266,-20983,-8213,1961,1614,29,-156,-18,6,1 # cft deg6 r=4
5875,15225,11620,6009,12536,16253,20279,29287,28554,25597,30905,30843,21030,13697,11653,8473,3185,-406,-1035,-402,40,101,45,10,1 # cft deg6 r=0
167,1661,-2466,-3178,8428,-11686,20103,69888,53625,103268,142721,59544,-5506,-4650,-6213,-9774,-1773,3706,2126,-27,-339,-83,12,8,1 # cft deg6 r=4
1253,1825,5642,-97588,169895,207487,17079,-282649,-115304,154601,132481,-44911,-66010,-798,20020,4538,-3239,-1677,86,320,77,-38,-14,2,1 # cft deg6 r=0
-1225,1995,-23894,-11316,-52456,-616639,496174,1524821,-1370206,-1175209,924457,1303863,-1247891,-191002,516619,-82258,-96260,34490,6876,-4771,97,281,-32,-6,1 # cft deg6 r=4
2093473,-3242488,4733039,-3841510,3671783,-1889986,1740767,-495719,483012,39235,-21119,44376,-29160,-8355,4424,-2105,2549,822,159,-59,-113,-27,18,8,1 # cft deg6 r=0
-32921,-73493,64553,139559,-201390,48473,210311,-153029,-76269,121491,13251,-48052,23921,28768,-13233,-10367,3606,1110,-1637,-250,254,3,-27,0,1 # cft deg6 r=4
-197,-1221,2565,2464,11798,33516,48061,81992,123693,144897,163054,166316,144674,109374,71658,40628,20535,9361,3997,1572,573,186,50,10,1 # cft deg6 r=4
14029,127018,502683,1163934,1774897,1873492,1440357,748574,181536,11882,56779,87426,72438,32416,4338,-1066,286,1008,818,276,15,-8,-4,0,1 # cft deg6 r=4
25,175,-1340,-1415,14984,-3963,-61736,87167,-29700,-16553,1890,14681,-7308,-1301,3192,-2721,1435,-556,348,-317,236,-134,55,-12,1 # cft deg6 r=4
4489,6499,-6472,38570,78075,6166,36877,24341,41105,-14671,19550,5182,2997,-4245,4881,2390,-787,-760,-203,100,112,-6,-16,0,1 # cft deg6 r=0
23,-21,206,-261,996,-1286,2884,-3320,5648,-5763,7946,-7038,7935,-6299,5723,-3576,2246,-896,260,21,-61,25,-4,-2,1 # cft deg6 r=0
231443,250076,-658322,-770457,913447,1317944,-1121023,-1540996,1289343,634340,-600274,-70965,125865,54896,-24688,-33342,10885,7968,-3104,-872,452,40,-32,0,1 # cft deg6 r=4
-8219,-32684,30467,324110,618199,359847,-394276,-734838,-230694,379046,382517,11466,-187160,-116512,894,35156,17056,375,-2899,-1230,-93,104,48,10,1 # cft deg6 r=4
111311,14931,-129970,134150,131276,-241573,-95110,36835,-255531,198232,490569,-272812,-366394,187465,156663,-80721,-38850,21419,5372,-3329,-324,281,-4,-10,1 # cft deg6 r=4
17003,105622,353945,770058,1089165,854520,-10094,-834616,-884802,-286372,228479,285778,96592,-42746,-58698,-20718,5337,7554,1993,-644,-515,-76,25,10,1 # cft deg6 r=4
-326531,2248938,4909956,-12624926,-60659805,-94225990,-70314905,-9414649,28188753,22960073,2596871,-6282775,-3747455,-66346,732321,240002,-44972,-41185,-3150,3273,684,-129,-43,2,1 # cft deg6 r=4
-20971,37716,56851,-111807,-31362,223262,-119327,-86423,16649,187456,-184831,-62804,186231,-75700,-15565,5754,7555,-945,-1743,122,260,-15,-21,0,1 # cft deg6 r=4
-10975,-32770,-66954,-74905,18170,44029,248489,-32355,-25262,-266000,15291,58406,121858,-13139,-68007,5379,11669,1282,-438,-951,-12,154,-9,-8,1 # cft deg6 r=4
3125,-34845,182887,-591307,1305769,-2071240,2416241,-2077260,1282964,-533865,158563,-126567,208176,-227226,162982,-79566,25275,-3991,-280,75,197,-143,50,-10,1 # cft deg6 r=0
-39667,-281089,-674478,-369906,1988502,4522929,1597546,-3960026,-3610197,-410159,-49707,-605759,-455774,-210244,-55947,10340,6339,-498,-56,208,99,-13,-19,0,1 # cft deg6 r=8
1877,-1956,526,1981,2568,-6280,3419,4820,-4361,-2356,5322,-443,-3018,1354,1344,-1133,-231,539,-42,-167,43,28,-10,-2,1 # cft deg6 r=0
9781,-39047,83474,-137300,152515,-85240,8460,7839,24666,-34355,12864,-123,-2044,696,-55,-6,521,-178,-87,17,8,-3,-3,0,1 # cft deg6 r=0
-349,-10681,-61136,-189327,-393121,-619430,-747291,-611704,-171249,300482,467086,296882,36095,-94477,-80258,-23610,6656,8383,2479,-356,-452,-99,11,8,1 # cft deg6 r=4
2245,0,0,0,-43304,0,135605,0,-187498,0,131828,0,-37819,0,-8405,0,10213,0,-3355,0,529,0,-39,0,1 # cft deg6 r=20
2245,0,-15715,0,-84161,0,256476,0,-41189,0,-163838,0,20509,0,32746,0,-734,0,-2070,0,-164,0,11,0,1 # cft deg6 r=12
1,75,141,102,-557,-2063,-3126,-2846,711,3269,3277,1416,1590,9973,13617,10380,1150,-4722,-2312,699,519,-31,-39,0,1 # cft deg6 r=8
-109,-484,-189,3007,8519,6504,34,-10152,-5806,8772,747,794,-5048,-3408,6798,-1918,-1088,1289,-760,294,46,-78,38,-10,1 # cft deg6 r=8
48167,-50262,-179634,316861,57641,-482761,258374,370060,-442056,-148293,429411,-84987,-199905,114267,35960,-49245,4600,10453,-3180,-1055,531,38,-37,0,1 # cft deg6 r=4
-1,-1,94,475,1353,3261,5487,7606,6534,4327,-2617,-3856,-4506,1395,-396,-704,1239,-61,-45,21,-66,13,0,0,1 # cft deg6 r=8
3863,-5288,-52238,249304,-535128,676916,-523050,232297,-49531,-34225,163319,-300635,285832,-121667,-27937,66082,-35353,5658,3282,-2150,369,88,-38,0,1 # cft deg6 r=8
6183,-9486,5490,-32615,18552,-66231,34374,-11727,26932,3683,21921,51348,-6142,-51581,-3346,19947,-1170,-2456,894,-342,-85,101,-8,-6,1 # cft deg6 r=4
22653,-136350,-27681,262423,30327,-441194,-3523,622774,704364,-223676,-922363,-137646,559557,160542,-195254,-65332,42926,14186,-6170,-1786,581,126,-34,-4,1 # cft deg6 r=4
-1,1,44,-213,-260,3870,-9199,6285,7253,-14100,2748,11411,-10453,-689,7409,-5772,1243,1334,-1415,610,-71,-65,40,-10,1 # cft deg6 r=8
-270677,1030766,5196832,-2070938,-8863721,6220310,7206379,-6283156,-1097582,-1233884,5931628,-5048490,2239343,-850600,362756,-50632,-86463,55522,-3102,-7462,1979,160,-84,0,1 # cft deg6 r=8
-35655605,-139035640,214926118,-460700912,677653288,-736165110,732138604,-613609398,397204875,-189803248,66045612,-21675864,10769488,-5007636,1057911,249820,-259976,101910,-27010,4590,-186,-130,47,-10,1 # cft deg6 r=4
866941,1416434,-953656,3787046,-7620292,7919546,-4684639,7594914,2013684,-3644906,771443,-565750,-1322902,-36958,277840,77346,-10271,-16800,-7667,-1254,110,112,45,6,1 # cft deg6 r=4
-122693,2222291,-4155293,-10237955,48198351,-76714053,57116666,-4728943,-29874342,27118569,-8791344,-2528582,4012766,-1887207,229362,255679,-162781,28691,9241,-4966,366,204,-35,-4,1 # cft deg6 r=8
1,-2,0,-26,2,-29,364,250,872,-118,981,-1423,1953,-1399,3371,-844,1847,-374,195,-11,-72,16,4,2,1 # cft deg6 r=0
-538267,6090160,-29045131,77567347,-142948575,203372831,-231908634,210803297,-148164152,74467538,-19105377,-7526117,12543401,-8404177,3600187,-927932,22424,107781,-57707,17122,-3011,192,44,-12,1 # cft deg6 r=4
-23071,388006,-2441901,7576390,-12798214,11801770,-2787116,-8322470,13573127,-10572015,3669231,1407101,-2669470,1724095,-597329,46559,69011,-41362,11780,-1409,-264,131,-6,-6,1 # cft deg6 r=8
-14857,15832,-210930,-231907,157388,398492,360406,19952,34074,-84171,-103456,-27496,-54750,-17040,-3974,-4670,2372,-310,693,-174,132,-66,18,-6,1 # cft deg6 r=4
1,0,12,0,14,0,-62,0,189,0,398,0,127,0,47,0,84,0,11,0,6,0,11,0,1 # cft deg6 r=0
-30241,-36289,376129,-105638,-603993,189659,-224417,920469,-70938,-457810,-133845,-14101,224197,73555,-97637,-42480,26719,11354,-4857,-1584,536,120,-34,-4,1 # cft deg6 r=12
1825,-1330,4156,-25737,-20514,-52694,28959,20963,56430,-34078,-1378,-27638,11688,12272,-5991,-741,3819,-1087,-1409,249,268,-17,-25,0,1 # cft deg6 r=4
73,353,491,204,-1106,-1547,393,986,-521,-638,1190,-740,-43,-1021,1430,-229,435,-454,152,-122,89,-31,14,-6,1 # cft deg6 r=4
1,-20,231,-1233,3718,-3883,3243,-4405,2581,-1802,2357,-832,1480,-1250,831,-461,270,-56,78,-33,8,1,0,-2,1 # cft deg6 r=0
-985409,-6403330,16846958,13040646,-3488235,-14890370,10649680,13439098,-3050201,-6507158,845913,821826,-582879,-39648,202795,-23002,-14699,3950,-1885,-406,364,-38,44,0,1 # cft deg6 r=4
59481,251532,637953,695399,-507422,-1731862,-520754,1536131,1058958,-693851,-773688,162450,337681,-7413,-100065,-7587,21217,2665,-3269,-457,359,44,-26,-2,1 # cft deg6 r=0
470137,2814408,8104875,14126926,15522451,9176166,-1187925,-7603736,-5894661,-232563,2615386,1430416,-315800,-551888,-77672,107830,36107,-12259,-6505,782,661,-22,-38,0,1 # cft deg6 r=0
170744983369,0,92608200162,0,-7828127679,0,3852335300,0,-49947650,0,37040568,0,-3854684,0,1172438,0,-118147,0,5470,0,551,0,-50,0,1 # cft deg6 r=0
131630609,-523987132,978658266,-1174292904,1045707447,-756138812,476406427,-274150190,139983335,-56237588,13248434,1331206,-2881027,1429918,-383221,17210,32903,-13298,864,1468,-801,170,4,-8,1 # cft deg6 r=4
1279762307,2253527150,1175679310,-267763368,-993994098,-791675750,-142992931,172945816,143284048,22722750,-14181965,-5133782,2449965,2143422,422116,-96066,-71921,-306,10868,2978,-130,-224,-23,6,1 # cft deg6 r=0
366167,378688,926086,1304695,1295844,932269,691016,476864,296048,136860,79603,55790,26941,1665,555,4080,2300,-327,-329,126,109,-5,-11,0,1 # cft deg6 r=0
-433,-7483,-35883,-39860,-42750,-82402,-22471,30194,-230,119645,155003,-104041,-193376,14414,110058,22270,-31229,-12358,4389,3186,196,-209,-36,4,1 # cft deg6 r=4
17399,-122555,94937,206689,24144,191847,-268754,-218301,-167283,-44415,154531,81544,41129,-48788,-28224,-839,9920,2837,-1201,-1017,177,115,-16,-6,1 # cft deg6 r=8
54125,0,162375,0,-342056,0,-592420,0,404156,0,654827,0,60063,0,-102158,0,-12374,0,5441,0,257,0,-54,0,1 # cft deg6 r=12
2165,0,-15155,0,33161,0,-10157,0,-59433,0,97202,0,-67479,0,22333,0,-1841,0,-977,0,299,0,-30,0,1 # cft deg6 r=20
613,-4307,7872,-9025,3236,22353,-10035,-12140,-2510,-12807,13326,25474,-14925,-21996,8865,12193,-2763,-4377,410,1082,94,-117,-22,4,1 # cft deg6 r=8
-859,14602,39964,-208925,-65727,1119578,-1662761,557882,1128217,-1845596,1463171,-697712,105484,148431,-148812,61686,-2090,-10957,5189,-498,-407,153,-7,-6,1 # cft deg6 r=8
