# IGP24 class field sweep: deg4.
2479921,-4482094,-6715396,11224210,28615897,-71539444,34014392,41289551,-33589097,-16375674,13617732,6095774,-2944033,-1839094,380022,428794,-16632,-68341,-4733,6229,882,-265,-51,4,1 # cft deg4 r=0
18982111,-16579963,-14820964,137224965,136424027,-40265593,-55796207,18034008,7200118,-15432603,-2998077,4967847,2609172,-919023,-622677,9352,89898,8863,-5507,-983,212,-15,-9,2,1 # cft deg4 r=0
39630781,-83487774,79009249,-75282968,74826180,-64934575,64865024,-60076257,47849527,-36355217,23736025,-13708517,7421046,-3416981,1462326,-573516,184375,-61292,15646,-3548,1011,-66,50,1,1 # cft deg4 r=0
8921,-128218,445111,697836,-3439110,-1670185,7717566,3624989,-3805273,-4432159,-334455,1274939,975726,218753,-96186,-101378,-26275,5926,6534,1616,-89,-142,-20,3,1 # cft deg4 r=0
92696881,-27237177,383336688,-160154807,542057437,-296032985,497257838,-242248004,280570878,-114641052,106356148,-34925936,28284325,-7158359,5350044,-946318,708631,-78443,61188,-4353,3193,-144,89,-2,1 # cft deg4 r=0
657889301,2880361663,5582771672,5385756604,4679302431,3528071588,2033073668,917237490,421922848,143242571,66170875,12926449,7059993,1023382,1001555,8846,19234,-31971,1402,-519,693,17,28,0,1 # cft deg4 r=0
160301,-543685,1824901,-4141497,8341210,-18760924,22376680,-6572542,-8483490,9432043,-2136532,-1669033,1104027,-147446,-68420,43246,-7049,-5294,2888,46,-339,76,8,-5,1 # cft deg4 r=0
62559901,22482103,74956659,9086317,56208760,4599405,23397061,4660036,7827473,1407998,2864983,108384,822942,18218,159800,10460,26023,741,4235,-324,531,-60,37,-3,1 # cft deg4 r=0
352231,-928248,1790147,-1587274,1392872,-592290,1185895,-615901,108638,428207,1306161,1263894,1147370,716728,434333,191168,87955,27852,10435,2292,789,96,39,1,1 # cft deg4 r=0
8497361,-18610590,44652676,-58552874,39784967,-20787967,10643447,-7441208,4925906,-997873,528813,-481289,135334,-112562,19498,-21839,17350,-1286,2054,-943,127,-17,32,3,1 # cft deg4 r=0
386881,-2567503,4819697,1538331,-9322513,91935,9282670,874089,-1445862,-4375713,4526286,-821466,472255,-757952,357658,18908,-59525,30937,-6015,-138,499,-144,44,-9,1 # cft deg4 r=0
337321,738422,2794647,3003451,6347672,5998060,8092020,6375084,6904883,3986402,4093671,1612774,1690190,456968,487523,91613,96150,12407,12570,1062,1039,51,49,1,1 # cft deg4 r=0
40051,93511,445200,1158905,1999665,3071166,4034431,4378652,4125087,3225870,1942253,953133,386351,56016,-34701,9489,20640,1318,-2947,50,351,-11,-21,1,1 # cft deg4 r=0
7802861,39067175,101796331,166936573,171969400,97513771,4757625,-37257642,-23982335,124178,5955873,1389477,-745343,-235011,77755,12761,-6679,2201,448,-684,31,76,-7,-5,1 # cft deg4 r=0
7798201,-41867045,87984415,-63475406,-9454905,22389377,38817955,-72713290,53900076,-24672664,11072719,-6446028,3248054,-1183717,380404,-156006,59577,-14943,3853,-1672,487,-38,-1,-3,1 # cft deg4 r=0
15744311,11854500,-9644859,-18540402,1703635,12504491,6369835,-2364962,-3548505,-1032932,694948,740727,139257,-175386,-106010,14176,25686,3671,-3537,-1209,356,131,-27,-5,1 # cft deg4 r=0
9491,67023,288509,696392,1213795,1463475,1765836,2153326,1444363,1502383,1258993,351159,802827,-32572,292135,-37295,66808,-9419,9655,-1254,891,-95,47,-3,1 # cft deg4 r=0
4087061,-1014646,7999831,25167869,-700345,-35011856,-15276780,22266341,18258304,-6134615,-9426602,345249,2923634,289996,-622436,-103282,99147,17078,-11792,-1526,959,68,-46,-1,1 # cft deg4 r=0
6155081,5772618,-8372759,-5536893,22003078,22491224,-9031345,-17983170,2521097,9677586,-832865,-3775498,650691,1071104,-284240,-212894,66322,28727,-9274,-2527,811,131,-42,-3,1 # cft deg4 r=0
119137205,-171717980,253064630,-184943550,178470946,-6549289,-114831964,51850606,25377897,12270241,-5585839,-14194219,3652962,4127026,-917919,-327729,241247,9921,-30844,-14,2007,-4,-64,1,1 # cft deg4 r=0
153786721,104127151,112808110,460584223,160958421,-34920339,313650129,67243496,-163546015,-15928835,594778,-2678346,10692119,-778686,-1032522,-32798,11112,35486,-308,-4475,502,228,-37,-5,1 # cft deg4 r=0
8511091,-7180082,10169113,-49421796,18171678,54357056,-6385699,-40297167,-5004337,16581065,6561044,-3630755,-2785040,151344,628589,116950,-73266,-30256,2963,3453,229,-202,-30,5,1 # cft deg4 r=0
1602261,3762072,7032249,10929696,16332799,9399127,-11116981,-22588768,-9487833,9820755,10945365,-142501,-4320075,-1031328,900159,358824,-103243,-61336,5103,5967,156,-315,-30,7,1 # cft deg4 r=0
66542011,290549191,626035147,-51377356,-580266283,-57433228,293406324,-122694341,-177996403,128133444,62152951,-44830356,-4341462,8968042,-1448269,-1204711,367058,112762,-37953,-7161,2119,274,-65,-5,1 # cft deg4 r=0
455881,-48124,-2775377,960222,7610107,-7066345,-7805105,12091263,3118963,-12721754,5571119,7908018,-3828720,-3864471,1333452,992326,-182835,-141849,9800,12174,454,-487,-49,7,1 # cft deg4 r=0
71160221,-92021955,131762604,-152537918,164337021,-130013626,94991679,-59756480,34310214,-18360177,8472670,-4233579,1594115,-732134,268275,-81180,45090,-3309,6618,395,669,56,39,2,1 # cft deg4 r=0
46107881,61625153,150370445,135390148,174804465,106604037,98879642,40945933,32025663,8408606,6403245,829215,952593,57144,164831,27461,35357,9183,5860,1434,616,117,37,4,1 # cft deg4 r=0
12859189841,-8307116841,4526473973,128070307,-140564223,-764832979,1359764273,-920975734,353793435,-48015807,-21183385,12660735,-2445968,-430899,394019,-114221,16921,1209,1024,-988,374,-63,11,-4,1 # cft deg4 r=0
5724249091,-8645345631,8800175297,-5237780005,1697889872,183380892,-531455437,325356343,-82270034,10360597,6388035,-2048112,1349157,-813007,606255,-161121,65581,-6257,5674,-1145,418,-19,6,0,1 # cft deg4 r=0
88578901,19739098,-101152977,-369723,85358873,-7862795,-53926682,3282428,24519262,-236839,-8202523,-260131,2085022,122231,-410135,-29966,62679,4782,-7303,-512,623,33,-35,-1,1 # cft deg4 r=0
30278875,41652750,-83686800,17056300,156337980,-248697470,78835235,123505560,-112422204,-2257910,45362680,-14297765,-8301619,5617535,586780,-1070720,65816,124725,-16710,-8685,1441,325,-60,-5,1 # cft deg4 r=0
13678133381,-10393859428,1500193765,3172333790,802676830,-1354453656,-157629739,291628685,102397808,-31090655,-10401897,5405306,3052844,-97418,-130001,66632,40619,2184,-827,406,283,18,-1,1,1 # cft deg4 r=0
156966161,-50800200,136746525,-67117148,95165355,-45605726,48382995,-18974035,18423631,-5048243,4931441,-758354,929139,-13144,128281,12967,18002,629,3267,-491,477,-81,36,-4,1 # cft deg4 r=0
753721,1320664,11425241,15370091,41457291,27290339,41069177,13014449,21374890,2752832,7794389,102018,1908697,-61932,332651,-14466,48817,-8468,8715,-2251,1054,-210,57,-6,1 # cft deg4 r=0
7745425061,-17831090276,17978377332,-8798017289,-198895858,3008250818,-1732397681,385753566,44861047,-16906299,-15657974,5576446,6230243,-5520247,2008801,-211144,-95157,43683,-4208,-1479,819,-234,60,-10,1 # cft deg4 r=0
158517101,-254547678,280279415,865437410,1813573930,1623107817,1153376769,562979841,292163612,116139840,51018377,10762494,3313616,-28363,343216,12992,32120,-5034,2317,405,381,8,6,-2,1 # cft deg4 r=0
1875131,764657,-1826869,-10572674,1878833,19796740,-5579024,-16778530,9414959,7902060,-6305463,-2056440,2508454,290482,-647729,-7252,114822,-4388,-13975,690,1106,-41,-50,1,1 # cft deg4 r=0
529999525,853478500,-487782910,-1126100715,667734816,805116855,-515296883,-184888238,269155022,-56986405,-88543591,44628959,17282148,-11089165,-2026491,1304471,202425,-69939,-23696,1751,1947,-97,-60,1,1 # cft deg4 r=0
811021,-3547354,7248111,-9909251,11581541,-10299844,8509317,-6416624,3901730,-2909777,4001244,-1989478,2019727,-710128,580956,-165554,114347,-25337,14895,-2554,1244,-155,57,-4,1 # cft deg4 r=0
1232534501,3772350143,6410234538,6079385083,3667524777,1138127260,224286168,-32493699,66160598,67177173,29287468,-990256,-363820,280431,415119,7987,16186,-3888,2718,-273,173,-44,9,-2,1 # cft deg4 r=0
2059473121,-4803916067,7304068580,-9058015812,7641619185,-3724664733,808255062,5786668,44645718,-51462854,496615,14152780,-4564707,4119,757311,-310074,161682,-45082,11690,-141,-124,32,27,-6,1 # cft deg4 r=0
4741,26393,345574,-409572,439881,-646907,1076613,-1141973,670850,-191901,23966,-7261,27747,-20104,20854,-13033,7372,-2861,1340,-613,299,-115,38,-8,1 # cft deg4 r=0
1,-21,275,-1499,6350,-11479,24903,-35449,35288,-25962,17010,-13835,15363,-16133,12504,-6953,3302,-2156,1860,-1362,731,-279,73,-12,1 # cft deg4 r=0
181,853,3029,4878,-4674,-10962,18423,2882,8675,-61521,90096,-58176,18042,-5169,7649,-6793,3327,-1091,265,-43,34,-45,28,-8,1 # cft deg4 r=0
251,673,4169,-4312,-12744,-2022,40393,-49008,60375,-81941,60986,-10516,-12188,5941,3459,-2753,-83,999,-565,177,4,-45,28,-8,1 # cft deg4 r=0
571,2067,578,-7310,9957,-32764,67667,-83539,76306,-44939,6655,9666,-3188,-2611,190,1168,-369,-66,156,-75,13,-7,9,-5,1 # cft deg4 r=0
271,-2347,9505,-27211,68382,-134334,189235,-191723,159268,-131853,125677,-117928,93097,-58473,31981,-18795,12687,-8159,4417,-1959,710,-209,50,-9,1 # cft deg4 r=0
7781,7037,53258,-40835,99602,-261604,341252,-396934,574946,-630024,350415,-70254,22467,-51901,35260,-13252,5641,-1731,1011,-670,258,-92,24,-5,1 # cft deg4 r=0
11,97,308,115,-1698,-1424,4752,-1444,4676,-9214,-975,6366,1007,-2911,-360,928,-149,-201,151,0,-42,18,4,-5,1 # cft deg4 r=0
1,3,34,-2,-59,-7,-547,47,3240,-1941,-3414,1539,5417,-5154,-1086,3347,-718,-1111,640,87,-161,25,18,-8,1 # cft deg4 r=0
1531,-14426,84095,-97744,126605,-10769,-77202,141476,-73217,-11907,52040,-27820,-10127,25562,-18291,3007,6702,-8671,6225,-3222,1271,-379,83,-12,1 # cft deg4 r=0
1951,-6606,13915,-22594,39955,-59229,60498,-41534,33133,-57657,96690,-116600,104413,-72808,41939,-22043,12052,-7181,4225,-2172,911,-299,73,-12,1 # cft deg4 r=0
22516681,2060900,36389829,6623349,15388348,215217,-4929382,678488,-1030151,1899946,1328056,471315,114772,-188313,-99107,-7506,20231,6122,-1395,-721,169,33,-11,0,1 # cft deg4 r=0
2036171,3350132,13960878,14520332,29124812,24252742,32923841,23232779,24014985,14579804,12180681,6353290,4413830,1960026,1147254,421600,210346,60979,25705,5613,1886,287,71,6,1 # cft deg4 r=0
18606025,36252400,25055175,-20859875,-54087240,-44906525,-4438980,25976500,26756251,10218419,-1772118,-3680489,-1433401,31209,239543,82324,1003,-3589,803,703,80,7,21,8,1 # cft deg4 r=0
473275,-5005425,28548500,-39225875,41823760,-25804615,14115610,-4501285,3419976,-3143081,3487167,-2253924,1103889,-229586,-1682,37164,-947,686,1363,703,125,17,31,8,1 # cft deg4 r=0
63686555,107540570,109193605,73161170,61644871,44766270,14811248,-6098254,-3671058,4773700,5424771,1701267,-346757,-294485,33161,74548,26985,5652,2741,833,267,21,25,-2,1 # cft deg4 r=0
77755,318020,982585,2009095,3411976,3641913,7022229,1770710,8747861,-1028709,6421455,-1548155,2947270,-804225,895033,-222256,180762,-35755,23123,-3401,1708,-181,65,-4,1 # cft deg4 r=0
54571,-705034,3406753,-8175155,12550790,-16225475,18497043,-17054702,14726741,-11660183,6957629,-4362069,2459636,-987865,644271,-164904,122730,-17497,15341,-737,1182,19,53,2,1 # cft deg4 r=0
53131151,5498777,-16481275,42318274,18202302,-27664773,495048,10728566,-4367307,-2956042,2233231,781043,-376385,68975,189485,36040,-1895,8171,5197,865,84,117,59,12,1 # cft deg4 r=0
3164921,-16979453,35871944,-35509916,17675065,-17197871,28909075,-15032269,-9792555,9114641,3431191,-3863202,-649221,904343,93201,-143544,5360,16296,-1440,-1726,420,79,-26,-3,1 # cft deg4 r=0
64745971,-60332543,-19690532,-60484092,28431917,111167881,-8185883,-52937485,-24774794,8489120,17956207,1525715,-4497299,-822507,583243,172754,-53735,-12856,5592,-1004,75,80,-22,-3,1 # cft deg4 r=0
176634005,-760987350,1609856475,-2388046125,2889894866,-2973639759,2631961520,-2027767462,1381732757,-845806744,467001604,-230894394,101970100,-40433904,14446494,-4632360,1304818,-314986,67359,-13595,2372,-293,27,-5,1 # cft deg4 r=0
22281605,-73420580,62160190,-20719270,44297016,-23222704,7668315,-11630622,1223067,-2930694,46154,-166844,289670,289176,214439,132285,60648,26449,9799,2945,902,182,47,5,1 # cft deg4 r=0
21203275,-124204800,141573015,272903335,64883486,-66843313,-51775764,-21135983,6450577,22286152,14510133,6443282,2961209,938337,361943,164463,49544,17158,4453,973,272,18,6,3,1 # cft deg4 r=0
512400625,23332500,698583375,-134166125,391277355,-131447870,128158030,-57738340,25960906,-15435402,3442141,-2463548,241380,-217722,-8882,-6069,6593,-16,2878,-311,434,-14,37,-1,1 # cft deg4 r=0
664891,-1195572,115948,5713228,7852847,8581358,24042051,14483206,16942105,21414006,16391496,5339200,-1794640,-1637376,67319,276135,14946,-28464,-450,3062,261,-112,6,9,1 # cft deg4 r=0
19181,26615,1672319,-1823879,30193478,46583438,105455983,108730587,90720389,57864119,32803991,17041455,8125227,3505208,1354173,465141,154906,49493,15600,4486,1184,217,34,5,1 # cft deg4 r=0
257783251,-354266639,166500089,-134681002,408524207,-498581228,355573276,-39686666,-73354197,91704584,-12712028,-5825529,9623316,-1750578,-687707,414580,-15993,-12437,3790,-1535,216,128,-35,-3,1 # cft deg4 r=0
907419551,-260204749,3313211514,3150536973,1337605847,-652268648,-412488159,-156710406,59123793,40195604,40144477,-812139,1533481,-2674893,142468,-347085,63692,-26357,11000,-1525,946,-77,45,-3,1 # cft deg4 r=0
994761,3112182,57516156,15779931,-23196107,-30399375,120706646,90940315,59457739,-2949260,21473377,3840665,8667864,1771887,2658916,383643,439627,45127,42085,2780,2391,84,75,1,1 # cft deg4 r=0
21690121,-32801457,69576551,-54771886,59787910,-32961140,33836931,-8294984,17318387,1771904,8045045,2415036,2913676,1013707,748684,234988,128425,32894,14339,2734,1026,122,45,2,1 # cft deg4 r=0
33842911,4900471,63549212,7306281,61874087,14528424,45097035,16808840,26020317,11355510,11318384,4897496,3589517,1418770,815472,281511,130721,38107,14436,3417,1052,188,46,5,1 # cft deg4 r=0
131,8,-1554,-2698,18080,-5547,-24844,13449,9676,5349,-3708,-4502,4676,1384,4792,1890,2390,697,625,111,122,9,14,0,1 # cft deg4 r=0
5011,-1781,-6920,-8007,25257,-612,-11470,-17461,27418,-7774,633,-3686,3737,-3674,2974,-2510,1432,-662,418,-198,115,-32,15,-3,1 # cft deg4 r=0
5641,2624,-6830,-4057,3362,6633,-7595,-3326,4093,-1099,1223,-1341,1112,-549,969,-720,487,-202,153,-73,45,-17,10,-3,1 # cft deg4 r=0
1531,-2652,-1389,12502,3280,-7027,7466,6654,436,2329,1197,1813,686,39,667,95,165,-8,75,6,27,-1,9,0,1 # cft deg4 r=0
4061,9548,13031,6997,9745,5658,7316,7669,5906,6059,3182,3063,1996,1324,907,390,455,167,185,46,57,9,9,0,1 # cft deg4 r=0
211,484,1280,-762,8637,-21672,33495,-32541,22363,-8629,933,1299,-1128,541,-331,300,27,-177,153,-68,-15,28,-5,-3,1 # cft deg4 r=0
881,174,2590,-712,4952,53,5695,-1051,8133,-2499,6098,-2011,4022,-2474,2514,-1260,1047,-567,373,-158,95,-37,15,-3,1 # cft deg4 r=0
71,238,1028,5970,21815,46109,66987,76496,67825,45041,28188,12922,4186,4525,3487,1875,1171,75,-163,144,102,-8,-7,3,1 # cft deg4 r=0
3821,20543,46418,51182,35883,23490,20913,12203,-5128,-14934,-7458,2754,5652,3361,1790,1489,1149,632,297,143,63,23,10,4,1 # cft deg4 r=0
1481,5961,14691,21674,24251,22351,20702,18931,17030,12538,9144,5397,3787,1752,981,176,187,78,130,41,19,-5,2,1,1 # cft deg4 r=0
131,1781,14281,37669,38306,3186,-10248,9311,25840,20878,10784,5422,1567,-948,-1589,-1094,-218,118,190,51,34,0,7,1,1 # cft deg4 r=0
34831,22543,20723,98077,84183,5210,-9732,-16567,-26423,-26039,-17278,-4626,4352,4271,2725,1869,1349,1042,557,238,93,33,15,4,1 # cft deg4 r=0
19141,24408,12358,-40923,-96792,-61065,35838,63188,32717,3421,8447,21944,24837,18166,11670,6694,3779,1832,782,308,118,43,15,4,1 # cft deg4 r=0
1,41,1431,2694,8181,16916,5512,-4454,-6065,608,22149,1572,-10958,-6318,2391,2516,-178,-572,-15,146,24,-25,-8,1,1 # cft deg4 r=0
7541,16816,7816,-4011,25071,12376,-22348,4816,12150,-8847,4514,2232,-1258,322,41,326,77,-2,50,16,29,0,2,1,1 # cft deg4 r=0
191,1112,2533,4445,7585,10016,13562,11614,12455,10034,7753,2278,-2369,-1445,-528,-925,206,1390,932,56,-173,-57,8,7,1 # cft deg4 r=0
3931,-17239,17421,16849,38901,-10909,-7653,-7394,16615,5168,779,-4158,1397,1812,1096,-354,42,178,100,1,24,10,2,1,1 # cft deg4 r=0
3511,4313,6008,1872,-6837,-10550,-9957,-332,11252,15631,14777,8989,7347,5531,4000,1649,839,427,292,103,38,13,10,4,1 # cft deg4 r=0
1,-9,121,34,2196,2481,5452,5511,-545,3433,4859,-10208,9377,-3378,-849,166,522,-107,-175,41,74,-15,-13,1,1 # cft deg4 r=0
881,1792,9078,26800,53470,85491,118257,138814,129190,91284,49818,8528,-19174,-13850,3867,5660,-174,-880,417,306,-48,-42,8,7,1 # cft deg4 r=0
151,682,1868,4000,9225,18341,30532,45394,61380,72269,78323,74438,64976,49540,34917,21135,12021,5590,2607,861,352,68,28,2,1 # cft deg4 r=0
1,8,80,413,750,232,647,133,2553,866,4375,95,4978,-56,4491,146,2627,58,935,-11,196,-8,22,-1,1 # cft deg4 r=0
31,208,455,503,800,387,52,1838,-797,836,-1340,-5800,6378,-7766,10776,-4204,6222,-1292,1845,-231,306,-23,27,-1,1 # cft deg4 r=0
71,-343,568,-1130,2585,-3269,6202,-7156,3420,-3316,4863,5648,13911,9325,14137,6320,7151,2290,2027,461,327,48,28,2,1 # cft deg4 r=0
211,1437,5548,7250,12410,-5969,-12568,-46201,-33525,-35351,2963,26793,44831,47730,39197,25140,15776,6580,3542,931,462,68,33,2,1 # cft deg4 r=0
71,-527,3570,-18247,48310,-62053,26532,35983,-57072,31736,-1780,-4900,5018,-4596,4936,-2754,1652,-727,490,-146,91,-18,12,-1,1 # cft deg4 r=0
1,-17,130,-557,1490,-2628,2817,-667,-3122,6061,-6355,3385,1188,-2191,5471,-2284,3407,-782,1085,-151,206,-18,22,-1,1 # cft deg4 r=0
1811,-5113,7586,-3412,-410,1672,7906,27061,23776,21121,7607,-8588,-13814,-11144,-4898,-760,1240,1438,1025,484,182,56,19,5,1 # cft deg4 r=0
577831441,-229303158,-658194375,132725576,295952923,32808545,-52434504,-49289636,-1186793,16247950,1830953,-2337895,-441274,152401,138719,-5194,-32919,-579,4549,73,-403,36,33,-9,1 # cft deg4 r=0
4546915901,12154543277,18912853923,20769012246,17777272826,12491702666,7462944226,3855071239,1742145079,689628903,237210043,68642052,15232033,1635710,-563464,-434501,-166342,-45538,-9236,-1216,33,97,43,10,1 # cft deg4 r=0
70349521,111500978,83557396,-24527699,-75882091,-24678819,55760919,-3309613,-18029007,3157111,7804236,-3389586,-1106768,408463,447986,-213162,-145,6859,6520,-3426,480,-17,23,-9,1 # cft deg4 r=0
7475371,19103693,-32544269,-17515339,171000439,-154415314,-17984466,66660382,12174898,-27767534,-5427944,8804159,2423357,-2013702,-725529,307053,147300,-28376,-17605,1519,1335,-52,-57,1,1 # cft deg4 r=0
18094861,41066799,-15031473,-88527234,-7020033,-30194376,17041099,123510882,58534640,20827418,39907029,4739940,-5615010,1632362,-548389,-759880,253616,103838,-31860,-6346,2086,184,-71,-2,1 # cft deg4 r=0
3607901,23110530,53593261,-4445699,-99198674,5491323,70496651,46498830,87697309,-40279494,38863240,-28598377,17244670,-8008183,4587055,-1358270,691185,-142918,60657,-8855,3099,-293,86,-4,1 # cft deg4 r=0
8934761,-108548660,505742616,-1122095786,1277075281,-1037121733,873079881,-239617865,233139044,-33289836,43450975,7274977,5652275,2681748,773195,470715,84990,40673,10312,2965,909,173,46,4,1 # cft deg4 r=0
1283882371,2513592025,1017181911,-377316701,1812172871,-1933280358,1184022476,-932940480,345984144,-175196876,53213850,-6469063,7668280,3072603,1975590,743775,397860,99233,41097,7990,2314,303,71,4,1 # cft deg4 r=0
12272758051,-480346419,-2904606892,-1022361201,1637372579,-103861001,-216748192,-14445941,71910272,-8198883,-5374120,636611,2118800,-115190,-66581,44393,38737,-2047,989,467,316,-10,11,1,1 # cft deg4 r=0
73875131,206900835,263120975,232313282,187815295,127617654,55784145,13890600,4846051,1533432,-2018969,-1449689,-157761,-190099,-168959,33752,42502,-986,-2698,899,142,-141,-19,6,1 # cft deg4 r=0
2594911,-12512080,15439389,11137317,-9321309,-884386,-1199046,-4857390,4272864,4559653,-2442410,-2194109,931665,758071,-202170,-188990,42400,33921,-7517,-3555,794,181,-41,-3,1 # cft deg4 r=0
1,-8,221,-1250,10852,-33148,54973,-28912,6643,11452,-6717,19732,3642,15682,11688,7772,6888,2388,1928,412,297,40,26,2,1 # cft deg4 r=0
80,200,29180,77990,-19015,-22465,136040,-40560,122906,-38667,103992,-94456,90546,-75627,55930,-34608,20524,-8849,4370,-1334,556,-113,38,-4,1 # cft deg4 r=0
9355,28335,33715,-9840,542545,-468400,1229610,-1210020,1528576,-1404595,1195907,-908600,596498,-366845,198964,-101775,50100,-23835,11114,-4320,1468,-370,77,-10,1 # cft deg4 r=0
1296,7992,13176,1620,21317,78392,75223,22458,-9462,-30528,-35007,-26818,-15008,-148,3518,4912,4853,2188,1668,472,287,50,26,2,1 # cft deg4 r=0
478736,1760088,3217292,4252546,4489325,3530427,1736380,15423,-1003865,-1209171,-874811,-400559,-61248,78857,91959,59702,28193,10181,2766,602,144,58,24,6,1 # cft deg4 r=0
210176,1450624,4808704,10176032,15324464,17344728,15257656,10715134,6208893,3104123,1402139,582578,230397,104314,62924,37796,16850,4917,1265,768,555,254,72,12,1 # cft deg4 r=0
297121,1315079,3474879,6698632,10019344,12120523,12172981,10333134,7596548,5022738,3131134,1919708,1174467,693694,370084,165576,58305,15587,3625,1268,645,264,72,12,1 # cft deg4 r=0
14096,166608,881632,2741046,5682145,8452582,9496270,8277138,5745255,3255834,1584564,714546,320977,142742,60304,24342,9978,4066,1471,412,104,38,19,6,1 # cft deg4 r=0
701,-1961,687,-2702,726,12447,16019,-21948,21624,-62964,27472,-34604,36463,2580,28564,8172,12453,2909,3091,432,433,24,32,0,1 # cft deg4 r=0
176,-576,-408,1798,391,-20533,56309,-31688,85239,-31544,90482,-11484,73573,4200,42344,5092,15183,1609,3301,232,433,14,32,0,1 # cft deg4 r=0
38656,-20608,190400,-107008,372496,-218816,406544,-266796,362555,-308557,365059,-343328,327026,-265419,203235,-137646,84367,-44059,19671,-7200,2180,-516,96,-12,1 # cft deg4 r=0
7621,-15803,49371,-78806,159164,-196561,298094,-299507,369598,-309331,322666,-232894,206002,-127508,96376,-51113,32285,-13879,7090,-2314,895,-198,53,-6,1 # cft deg4 r=0
237911,170679,-411690,-68394,1392546,1766953,610171,-351398,-383420,-235304,-192004,-51194,92536,85732,9495,-19063,-7518,1282,1074,-155,-180,3,29,9,1 # cft deg4 r=0
54461,89,249179,-6332,394330,49065,398539,185452,273882,150152,103060,46332,20781,5976,2696,1376,1035,877,581,328,181,66,20,4,1 # cft deg4 r=0
53671,-23683,89977,-104237,34422,-147889,-13959,-60937,23876,47587,51971,54613,25721,11420,-343,-4815,-2673,-1287,-116,365,118,-18,-10,1,1 # cft deg4 r=0
6736,-14920,20028,173382,228383,187989,953569,439462,245563,453534,86926,47020,129073,-35788,53368,-13272,7939,2119,-659,286,241,-124,48,-8,1 # cft deg4 r=0
88016,-151096,301024,-234032,327445,-193415,277609,-103068,155997,-26188,74510,6932,31971,10376,11216,5656,4025,2487,1371,668,251,76,20,4,1 # cft deg4 r=0
8080,24160,12320,39150,65725,46385,199920,-17300,198726,-31843,104612,-13069,19146,-2588,-1135,2158,-326,609,-140,-21,-4,-12,8,-1,1 # cft deg4 r=0
255446851,-1629072742,2964176346,-898864658,-987025000,1423515573,-103549734,-296133031,225662391,25823529,-35929743,15522983,6605291,-264596,518727,3150,-83385,10007,3070,-659,377,34,-31,0,1 # cft deg4 r=0
42663811,-247048928,657757083,-1013129895,965767660,-555959419,156980797,6297484,-15820425,106059,6234078,-4412552,-556974,453035,383107,335340,109301,-17740,-12458,-4,532,-57,-27,2,1 # cft deg4 r=0
4995898641,-13957348383,29227537818,-42718848540,46182098885,-37941791394,24821699352,-13205612001,5796587520,-2080438641,604987513,-139200477,26066366,-5146775,1910792,-798390,253631,-54390,6937,866,-683,128,13,-8,1 # cft deg4 r=0
805521961,-2003894709,1807056715,-401897677,-725082868,500953536,140050042,-103323818,-17250902,22997199,-881891,-20089134,-10644830,1796640,4149415,1901745,331015,-10732,-4027,1145,-746,-354,-14,9,1 # cft deg4 r=0
12500791,-29944463,-11781089,96665223,-42279132,-201667104,384778835,-338539835,200497717,-115028896,71507240,-39002772,19266551,-9371229,3815465,-1329636,508522,-113832,43536,-5868,2341,-166,73,-2,1 # cft deg4 r=0
4762362271,270724053,2570071703,844374882,-71005567,449353245,188048233,27257758,64736832,51888501,8601902,-468946,3546287,1521486,-245350,-91696,87769,29587,-5548,-1567,823,143,-30,-1,1 # cft deg4 r=0
2161,876,-7687,-4713,12592,-760,-45,16568,1153,-4904,18939,-16487,17850,-10676,8037,-3974,2485,-1184,675,-286,134,-47,16,-3,1 # cft deg4 r=0
81,-324,783,-1863,5247,-7200,8790,-12642,13678,-14024,15074,-13902,12760,-11281,8527,-5884,3665,-1984,985,-426,159,-52,16,-3,1 # cft deg4 r=0
31,-94,-127,-163,1062,1440,2860,1568,3748,916,2599,-1757,2355,-1231,1992,-1789,1345,-819,475,-226,89,-32,11,-3,1 # cft deg4 r=0
31,-239,673,-1568,3167,-300,9175,-5072,4878,-7994,4604,-6477,3650,-2826,2182,-1184,995,-454,365,-146,99,-32,16,-3,1 # cft deg4 r=0
22573921,21496329,20868563,-10817768,4773215,3147706,1372235,-1263509,1266495,644662,-409269,-277568,72952,137276,-9494,-42056,3913,8458,-1261,-1041,239,79,-24,-3,1 # cft deg4 r=0
50750251,144657414,169984782,63719713,-76745719,-116893958,-50267331,22109732,33741419,11166356,-3445293,-4470284,-1423202,235165,337599,117497,458,-22726,-7209,1597,908,-41,-48,0,1 # cft deg4 r=0
1202911,4610843,7970405,5499684,-1082262,-10637085,-7130174,4766831,6241372,-903225,-2440002,492085,590776,-319336,-88726,118714,10636,-27041,-2666,3507,562,-201,-42,4,1 # cft deg4 r=0
115234811,89284116,165679997,120196412,149798081,109613008,97296424,61244323,41736774,22658689,13023842,6372494,3228798,1432870,642624,254698,100538,35326,12321,3843,1173,301,67,10,1 # cft deg4 r=0
4803901,15833438,20772316,19381796,14359664,3203346,362409,-2359608,-2464747,69226,921226,918484,462802,-251462,-233459,47463,55130,-5781,-7645,549,690,-32,-37,1,1 # cft deg4 r=0
178391771,220052408,-75332850,-215570292,-70647369,58215521,75090194,36892331,-2586315,-11650263,-3092831,1056293,288316,-125541,58375,60596,-6483,-13166,-1389,1410,340,-79,-29,2,1 # cft deg4 r=0
1780021,6802231,13276938,17457873,18324605,15757229,12179560,9899894,9375420,9119383,8679446,7070333,5074417,3015289,1605181,711386,289783,98277,31259,8121,2014,381,71,8,1 # cft deg4 r=0
758131,-2314942,482707,4044265,-899200,-5559205,4488427,5954866,-5666519,-5582984,3503996,3634577,-1061449,-1493425,95364,373117,30190,-54001,-8526,4531,922,-208,-48,4,1 # cft deg4 r=0
56111,237879,1094111,1404169,986780,-353976,6668265,7204406,14369474,26547745,23455953,12159844,5263509,2144971,584444,118423,52117,15558,908,829,499,18,-11,4,1 # cft deg4 r=0
4525,-11275,223650,-482975,2623410,-2243100,430275,2020130,-2752294,-786659,2661469,863591,-397645,400926,558477,171398,16403,3538,-298,-508,184,57,-7,2,1 # cft deg4 r=0
709525,-6935000,17666815,28739105,9551691,1992406,11605451,-1983719,-10574588,-2083094,3042866,544831,-575568,151821,332466,43816,-76643,-29169,5611,4316,117,-259,-29,6,1 # cft deg4 r=0
116281,-352517,6381580,5941550,-3440245,1870171,3281026,-12602835,-10707087,11616320,11216463,-4045616,-3858336,774768,722419,-19817,-71591,-16319,2888,2639,158,-168,-26,4,1 # cft deg4 r=0
3481931,2057358,11776672,-13112535,11965685,-7476575,-5106978,-5638484,4619196,-102854,3201501,83877,-375884,-435280,28259,50642,12485,-3066,-1056,121,37,-48,-8,4,1 # cft deg4 r=0
68988875,-198048250,204416800,14538050,-154576570,42229920,62558280,-12587385,-23860924,3984510,5390420,-347375,-635099,63475,165470,18635,3426,-15595,-3565,1435,626,-70,-35,0,1 # cft deg4 r=0
1286525,6064950,18501435,1194595,-12775489,14703405,18522712,-5693337,-9706133,6566645,8880704,-855974,-2813222,-758145,324034,303599,12435,-49331,-7396,4259,842,-198,-45,4,1 # cft deg4 r=0
71383275,91886400,17950500,-77332500,-45494665,-2995020,18786880,2166285,1266271,-3490650,1444065,-323640,633801,-203790,109505,-36180,24816,-3795,2245,-165,181,30,5,0,1 # cft deg4 r=0
74390371,45784088,199554822,-167354434,168598104,-313599502,314546361,-241817453,173507125,-114369759,71583657,-44459936,25292381,-12154829,5042232,-1904531,657915,-203407,55636,-12943,2574,-466,72,-8,1 # cft deg4 r=0
3419471,-4484503,-8554875,-25382,23793814,9006285,-14853147,-24267446,12550067,18020356,-8784408,-7458897,4350591,1484633,-1140378,-99104,137806,-3859,-499,-4003,721,138,-13,-8,1 # cft deg4 r=0
498336131,1132555105,3714569705,6760394241,4406548155,-64544102,-1137344390,-352511640,196089966,194224734,-3863931,-28753347,-3036271,423787,1998199,-398154,-13228,-14892,9058,-1448,247,-77,29,-7,1 # cft deg4 r=0
241670911,947465149,1430768792,980383479,280977901,5992077,-64492609,-30182587,-24527161,-40983078,-3085877,-9629163,3334715,-1693597,972931,-90222,228996,20805,27234,2756,1738,134,64,2,1 # cft deg4 r=0
11721875,-41470000,56257250,-30727500,36596516,-51136000,-689798,-17147668,28722947,10565280,16988724,1211144,4098688,-1183680,779604,-360744,138505,-48624,16874,-3964,1212,-192,50,-4,1 # cft deg4 r=0
8520191,17691940,46311545,84932012,159792777,202350164,211614015,164779468,106305035,47939448,18061454,5076420,1254563,-345988,159380,-185532,48669,-31344,8537,-2984,820,-160,44,-4,1 # cft deg4 r=0
1205,9920,68525,123780,201446,260360,376042,382592,311987,156180,114774,42764,8503,0,6354,2136,2155,816,614,-4,42,-12,5,-4,1 # cft deg4 r=0
44281,-106932,133187,-121564,127663,163620,259739,145600,64559,30388,-3856,-12516,-14033,-4096,620,-12,1035,736,483,16,80,4,2,-4,1 # cft deg4 r=0
40541,-80352,-273,105396,213903,389300,732739,808060,669739,473268,282264,96904,29587,19824,11980,508,375,716,343,-164,20,4,2,-4,1 # cft deg4 r=0
321577351,-1114950172,1296895447,-207087884,-729391527,461001820,117653249,-183377540,8282259,44629248,-8348926,-8476716,2556187,1238284,-489940,-150532,69965,16416,-7657,-1464,580,104,-28,-4,1 # cft deg4 r=0
106756555,-230648920,139065750,109934900,-180825564,3760296,118314326,-33904084,-43314893,20745296,10400636,-7129784,-1347648,1667536,58636,-262504,22497,31496,-4434,-2364,572,136,-34,-4,1 # cft deg4 r=0
854767775,-2022781000,3178131335,-3666270220,3269343296,-2301924370,1242104552,-468214338,68662337,55234730,-49920876,17525214,2554633,-7621570,5742784,-2915594,1137965,-359474,95064,-21654,4442,-802,125,-14,1 # cft deg4 r=0
1163028736,-4509105152,8402947072,-10803428864,10779456768,-8653051520,5767185024,-3171614080,1425796544,-489292352,103693024,9410624,-21840048,12402144,-4674720,1254128,-203480,-9744,22568,-9944,3060,-696,122,-14,1 # cft deg4 r=0
40525,55450,-236635,-65740,569001,-304320,-394873,526902,91977,-1378770,2893914,-3409686,2418063,-964600,133344,47616,-18185,-274,-251,636,62,-202,80,-14,1 # cft deg4 r=0
86851,16588,37147,-636584,576578,-29040,890364,-2397290,2406699,-1636132,1757704,-2209806,1825327,-906416,281840,-87182,48175,-20844,3008,886,-180,-156,77,-14,1 # cft deg4 r=0
23591,6288,-67238,-83364,306648,-473500,1388069,-3320450,4750199,-4792092,4456064,-4160876,3194957,-1695436,568500,-111912,11165,3076,-4527,2206,-285,-156,77,-14,1 # cft deg4 r=0
2295146491,-2580705240,2635829905,-1373530108,97088232,804923484,-1012247160,739438218,-355579815,73189608,52211604,-73388090,52558433,-27918548,12004700,-4311242,1322229,-351984,83732,-18494,3850,-740,119,-14,1 # cft deg4 r=0
314487205,248057480,-64733005,-201003580,-89734384,44535946,64249016,-7498274,-13715563,4081846,-19104,-2849714,1906777,193466,-675784,286966,44037,-91214,29916,346,-2088,306,41,-14,1 # cft deg4 r=0
85705,43510,-755,-180760,-136569,-31710,805627,-723998,470347,-1436820,2377254,-1769846,460523,169700,-92636,-79724,98675,-47474,12549,-2004,452,-232,80,-14,1 # cft deg4 r=0
127171,586678,-188558,-2170454,2455038,-1429010,3084969,-5169790,4816259,-3810212,3501004,-2912716,1729737,-735306,303300,-174862,98515,-36624,7133,-344,105,-186,77,-14,1 # cft deg4 r=0
5041,42458,95077,-70274,-355842,-84040,933154,-330720,-429121,-480072,1563914,-1243996,389107,-95116,212930,-264292,172215,-67404,15458,-1724,210,-186,77,-14,1 # cft deg4 r=0
66015211,-44837772,113552927,61143296,-55851282,33746800,40485714,-61589090,-32330661,34063628,12761954,-9968126,-2198313,1263304,209730,67378,-56865,-40244,21078,766,-1880,244,47,-14,1 # cft deg4 r=0
32405,11100,26520,50670,-325269,287110,403272,-1493658,2802762,-3939320,4121464,-3182146,1899503,-1001950,553584,-311214,145210,-46744,8224,-294,107,-202,80,-14,1 # cft deg4 r=0
2264199211,5375160835,7072141304,7189180853,5432223431,3258002051,1656374444,576284285,277287644,20177137,25117180,-4509441,1597000,-706056,311605,-38325,49015,5419,7213,715,204,-36,9,3,1 # cft deg4 r=0
12726698431,6353315028,-104568397,-986507328,5256841,590413994,128182109,86479,-43935931,6954559,7890537,-2179534,3098590,-2099429,1112444,-415841,155101,-49045,16376,-4482,1008,-187,46,-9,1 # cft deg4 r=0
35080169941,-146806126200,241872428541,-191003488312,66937051915,1723276856,-7716047665,878255643,337666615,257965123,-236988887,55647512,3845752,-4543951,1063000,-291229,131601,-47569,12708,-974,496,-39,38,5,1 # cft deg4 r=0
7671498736,14800562832,5384689064,-6216064504,-4286871421,1457519537,1194613039,-265272568,-184768303,-23755390,51293900,-3907946,232455,-2813618,1080344,-131236,45257,-19081,793,1202,-49,10,0,2,1 # cft deg4 r=0
1,-8,55,-221,442,-778,2788,-6599,6433,-3372,8751,-12397,2785,5535,-2475,-1785,1375,206,-278,-60,59,12,-6,-3,1 # cft deg4 r=0
81,-378,405,1149,1042,-4688,-3617,-2544,13608,4738,-6179,83,-1865,-2150,2175,770,-485,106,-58,-135,54,32,-11,-3,1 # cft deg4 r=0
191,1257,2093,-1403,-1323,7007,-2159,-7786,17950,8509,-19154,1455,10900,-6884,-4571,4605,2061,-1701,-705,328,161,-33,-19,1,1 # cft deg4 r=0
251,-548,2218,-4613,8717,-12383,18011,-16291,10365,-1046,-1984,3935,660,-2474,119,695,-369,-566,65,233,61,-33,-14,1,1 # cft deg4 r=0
1,7,23,72,-3,-483,581,119,-740,1904,-939,-1820,3165,456,-2251,755,1041,-686,-425,228,131,-28,-19,1,1 # cft deg4 r=0
401,2311,6390,7835,2011,-4641,141,7932,3115,-4732,-1439,3408,937,-542,-409,85,408,-186,41,-19,28,-5,1,-1,1 # cft deg4 r=0
1511,-2084,5715,-3325,13706,-5516,3151,21157,-3040,-2437,21966,-8507,11017,-4317,5781,-1720,1278,-586,366,-64,63,-20,6,-1,1 # cft deg4 r=0
8016574301,3056935077,5561674491,1642615459,2843253636,767422994,832119617,195115231,178065229,58292510,22641280,7061954,2105179,1765967,23515,54428,15704,11152,-892,-1300,451,-30,-11,-2,1 # cft deg4 r=0
495512221,-982876903,-140813833,1207973324,220551997,-847397542,-331714398,330670507,185108930,-75600406,-43381000,16153370,3725622,-2396627,756071,36888,-241769,52837,24366,-7726,-731,406,-16,-8,1 # cft deg4 r=0
22334231,-194437573,1070819512,-925781626,-1096624608,1225631793,535235642,-689862958,-165448925,232064594,45247035,-53873440,-11105048,10307343,1982786,-1634062,-173639,187917,156,-13056,944,456,-46,-8,1 # cft deg4 r=0
31,-271,901,-1409,15311,-42258,69938,-66346,52641,-37780,28806,-17725,6934,19,-2322,1677,-990,803,-539,176,33,-63,31,-8,1 # cft deg4 r=0
48102221,-68855573,125465753,-111947659,108802653,-78196231,64631851,-41015808,28969473,-15419340,9682684,-4559535,2693380,-1156194,629679,-239425,114664,-36749,14858,-3733,1224,-213,55,-5,1 # cft deg4 r=0
971,-7071,22962,-43950,70792,-139693,262097,-326540,314656,-261844,195597,-112061,41246,4327,-15222,10077,-3568,524,144,-146,88,-38,17,-5,1 # cft deg4 r=0
175324061,377894045,233314160,-56964707,-100280395,-8693534,15326620,2814225,373561,-97797,-473374,148074,164344,-42211,-46549,3713,12097,-169,-2218,236,287,-44,-19,4,1 # cft deg4 r=0
781,3229,8261,-17284,31911,487,-21907,39199,5511,-49985,64251,-32160,8944,-1841,2288,227,-2235,2338,-1014,196,133,-103,41,-8,1 # cft deg4 r=0
17587261,-43348943,93669308,-160967569,184644113,-172154926,146677426,-108925998,72010223,-42547570,22679809,-10880165,4675905,-1830919,659009,-213310,69899,-23214,7328,-2633,744,-188,45,-5,1 # cft deg4 r=0
311,-2131,9296,-16069,23971,-39233,68453,-83666,89106,-101480,109086,-95570,66249,-35736,14033,-2513,-1705,2048,-1114,316,18,-63,31,-8,1 # cft deg4 r=0
13987171,-45876810,126762029,-154125077,221399771,-165441779,154289264,-94776135,59505259,-31795373,16436100,-6264021,3555660,-855971,546750,-106890,62715,-10496,6148,-660,469,-36,24,-2,1 # cft deg4 r=0
6457951,17787427,9624333,-4684704,29868008,28896369,-36889449,-34874968,21112963,19822750,-7770686,-6932890,1997265,1671196,-368591,-296560,52294,38851,-6117,-3538,569,197,-35,-5,1 # cft deg4 r=0
7831,33509,22597,-4390,106562,33372,-47063,27120,234631,-397134,379357,-190806,42316,21107,-27462,13207,-3998,564,209,-166,113,-53,22,-5,1 # cft deg4 r=0
47463211,115294125,53080049,-74743952,-72896589,-278889,16621824,3883750,2486734,1950677,-1267095,-1402261,228455,508794,-22700,-119240,6680,19654,-2112,-2060,384,114,-31,-2,1 # cft deg4 r=0
9246281,3912937,49384703,-163260529,197010433,55147529,-185561584,49565707,58031598,-32482015,-4566751,7652565,-1508625,-808344,481939,-2100,-68646,13706,5458,-2208,-111,167,-15,-5,1 # cft deg4 r=0
3371,-3751,-134,13226,-2849,-2763,36853,-57031,124291,-146980,192611,-152225,109849,-49991,19958,-313,-3840,3973,-1659,376,118,-103,41,-8,1 # cft deg4 r=0
281,219,-868,-135,2897,7182,4167,-2105,10841,-219,-16638,-14071,22451,-18613,14598,-2348,-2153,2214,-1131,149,118,-73,32,-5,1 # cft deg4 r=0
63227701,285695607,590924298,701833466,520285368,251056669,90845986,41024177,28858218,17114710,4612754,-566030,-331310,191681,142334,16035,-24556,-1609,5303,-523,-366,132,0,-5,1 # cft deg4 r=0
11,14,-123,-50,1157,-493,-2648,4055,-569,-5334,8647,-8226,7566,-7038,4893,-1903,-288,959,-596,164,18,-38,17,-5,1 # cft deg4 r=0
1544971,12357752,43900472,127287863,231542202,-143992274,134517651,-88205442,91025531,-52545318,33452636,-19709827,10885126,-6360730,2961232,-1306195,475992,-150687,43414,-9585,2303,-313,70,-4,1 # cft deg4 r=0
38656,-216576,683584,-1350432,2155680,-2760760,3501444,-3026578,2708307,-2233343,1583250,-1184893,779351,-421559,274591,-95634,63420,-13628,9361,-1172,861,-54,45,-1,1 # cft deg4 r=0
3277951,-4822847,-28923018,-50108298,157965392,492722544,183395716,-280542783,-40388644,19242573,36554146,-12533358,1447921,-3882745,1464677,328910,-132223,-68293,35239,-2380,-1182,73,75,-16,1 # cft deg4 r=0
54331,535405,659413,-4323712,6784933,-6451579,6397084,-8581232,11109008,-11087974,8324591,-4900850,2437488,-1124502,516128,-232853,96969,-35784,11756,-3436,851,-171,33,-7,1 # cft deg4 r=0
217806811,-752670318,1718115951,-2557805699,3156950475,-3013423410,2485115271,-1686221371,1007746312,-515776069,238100065,-98900381,38187801,-13836822,4613504,-1422063,390980,-94699,22054,-3984,1016,-192,55,-7,1 # cft deg4 r=0
1029136,-5714888,18160256,-37752464,59076595,-69985595,66185976,-47572426,26283572,-7928999,-547390,3261459,-2029404,794358,-32181,-92548,59720,-10899,-256,1041,-44,-62,40,-7,1 # cft deg4 r=0
36480611,45826846,-396710475,50387944,1563134806,-2342261458,1155043326,-68817312,10869530,-63987266,9965891,84314,-597494,610118,671470,-47327,-76538,-19472,1064,1780,490,-58,-31,1,1 # cft deg4 r=0
412501,2029741,5285840,8650077,9411508,6858245,3596164,1765223,1111542,778575,543392,445420,415686,324773,174291,55542,8346,2068,2776,1631,467,83,22,7,1 # cft deg4 r=0
134907761,-3235218,287700017,147075488,192519102,-14218884,-131136639,-76768922,-9835539,32679407,19145941,-1924412,-4140059,-1444715,47322,388870,113202,-42847,-19871,2180,1538,-38,-55,1,1 # cft deg4 r=0
162031,594777,1024197,931898,208177,-640224,-866739,-421312,169481,342607,165386,-36327,-72069,-29425,2657,3725,1442,308,674,265,118,12,10,1,1 # cft deg4 r=0
642289951,2137755948,4274352177,5578688651,5530349135,4102569572,2456766620,1105412968,413518135,97953444,29594709,2829051,5364512,-492668,1149869,-414138,213193,-78414,33156,-9383,2309,-457,94,-14,1 # cft deg4 r=0
10271,101323,446733,1088764,2202311,2351529,3050896,2795891,2856279,2060902,1520978,874448,525923,196745,67411,-8554,-11502,-6097,-121,396,263,-32,-2,-5,1 # cft deg4 r=0
1165788361,-2161946828,-196455732,2788607808,-767469058,-2034090272,1129949275,479969355,-338529378,-90254255,57922296,12182603,-6166858,-672970,545658,-18667,-58484,-3061,4764,1601,332,116,44,10,1 # cft deg4 r=0
24496,95560,250764,610826,1435597,2869456,4733849,6487059,7539431,7529883,6577638,5037110,3430727,2066783,1115576,530825,227367,84115,28280,7788,2017,373,73,7,1 # cft deg4 r=0
6092498351,-33779380766,81330178272,-117380898356,120855318907,-99185986764,68214704390,-39931015010,20302087822,-9115940975,3611577669,-1276241456,407271087,-115872245,30762057,-7426211,1707006,-383032,73321,-15192,2237,-273,61,0,1 # cft deg4 r=0
98981,-345964,680333,-776959,1471922,-2836077,5309499,-6925249,7627486,-6588124,5040389,-3321149,2024841,-1113345,565473,-255520,104737,-37896,12406,-3595,908,-174,40,-3,1 # cft deg4 r=0
62689511,227171683,77836388,-212563953,205430217,97343947,-263050890,-68245260,119901217,32146185,-31827384,-6452478,6745032,49395,-1225772,234937,142326,-38379,-8936,1014,882,9,-51,0,1 # cft deg4 r=0
961456,-3480040,7729048,-12625128,15444923,-14918281,11796784,-7582038,3919098,-1559391,363906,53315,-91692,26152,19423,-22672,9924,-1671,-394,281,-34,-14,8,-3,1 # cft deg4 r=0
780841031,-881377175,-1105009321,1111227896,978757417,-612029699,-578224306,149601174,216190121,1167788,-45908927,-8012760,5380592,1416853,-471249,-107995,60307,9285,-5465,-977,222,73,-12,-3,1 # cft deg4 r=0
2111,-6785,31139,9451,-32988,157186,-81086,49384,237666,-292707,472128,-349200,345332,-181117,140781,-53945,36972,-10340,6520,-1307,722,-97,43,-3,1 # cft deg4 r=0
18507871,9671870,22541398,-33669042,20989098,-51575099,45353699,-5140307,39641988,14164411,20375156,7501215,7151923,1751303,1736478,211717,285049,10626,30526,-326,2016,-61,73,-2,1 # cft deg4 r=0
76159331,79217555,755757584,-201489916,-350813148,443823584,165902824,-225072609,-19691184,82578082,-5669867,-22927330,2297082,4261822,-482534,-517655,85827,41785,-11545,-2333,982,92,-47,-2,1 # cft deg4 r=0
2351,60710,550898,2280237,5904188,10728794,14364079,14655092,11626173,7138094,3246536,931490,10618,-164663,-104882,-38357,-9101,-1411,-134,6,66,61,28,7,1 # cft deg4 r=0
2002678681,-6999919675,8038196056,-139099167,-8055874848,7934074672,-3019957359,-499106898,1580120756,-1408687054,841886752,-375626770,140828377,-47215349,13563209,-3502325,893532,-192570,28195,-3166,677,-109,17,-4,1 # cft deg4 r=0
1678141,-1202527,-2369907,-1990626,9753133,473371,-1531614,-5640927,5573318,-2042820,-132766,538495,-516530,471839,15584,-188995,31179,29024,-6112,-2582,544,153,-30,-5,1 # cft deg4 r=0
63960451,-25765249,105033897,-48522670,88454702,-39302582,48775212,-18672100,21256911,-8287971,8685207,-3590889,2918286,-1106097,694568,-229862,116307,-32484,13019,-2839,908,-152,42,-5,1 # cft deg4 r=0
3792941,19366981,27376315,1984698,-17752039,-15463824,4259559,4261731,7250120,-3499070,-1656042,-131401,383804,356624,-98797,-119493,27742,20631,-5268,-1990,517,123,-27,-5,1 # cft deg4 r=0
28808341,45582150,36051929,17080654,83890163,-63218508,109539173,-89588677,81782644,-54003949,34480316,-17987390,8962942,-3826358,1571833,-555901,190836,-55808,16425,-3971,1004,-182,39,-5,1 # cft deg4 r=0
42619541,-39050239,48981370,-81588557,43087726,-28532059,34768199,-8634289,-27555,-4570735,-60777,1247934,725244,-307951,-185967,-1473,38697,8856,-5633,-1405,472,123,-27,-5,1 # cft deg4 r=0
790931,2466314,3421101,548412,-2814419,-204186,5490173,2462852,-4503973,-4150453,776777,2018925,521418,-475597,-221733,97992,44899,-15239,-5236,1665,419,-119,-27,4,1 # cft deg4 r=0
11758021,-69656579,224230634,-459943863,582775341,-519753775,431520714,-294350183,133809304,-73963841,42931082,-2651459,-1055532,-676846,-31741,421781,-787,231,2909,-1369,218,30,-23,3,1 # cft deg4 r=0
319689151,-163819960,3098568416,-2764560502,3017565923,-555243624,533896382,74040236,-73146666,48296298,-13856801,-624320,2586192,-662554,300287,80168,-54364,-5444,-1360,268,659,-6,-44,0,1 # cft deg4 r=0
128928721,121716416,36270062,454975096,2790384152,-2473370092,-906104512,792672385,318331746,-140836450,-46595157,13047875,1132521,-1493631,1328497,1022448,216735,12017,953,-593,-925,-245,2,9,1 # cft deg4 r=0
2218851536,-5419207112,6060036904,-4081104004,3504935561,-925288647,1049157572,-81240839,210655602,3320974,34535303,4238035,4864123,380641,611613,51761,82259,-673,6981,-420,564,-53,22,-3,1 # cft deg4 r=0
240794081,-315615552,879131179,-862493529,1524630406,-975339487,1157998682,-432789549,542781432,-120927561,143351903,-33945175,22184908,-7359304,2520733,-966629,258594,-79383,22376,-4235,1424,-153,57,-3,1 # cft deg4 r=0
15793707376,9636081976,-4965803936,-7606971552,-4493796373,-579690598,1676464256,1841139074,1358419268,882171344,488813537,235667016,100320711,37506962,12878148,4039110,1104227,271338,60520,11300,1776,298,65,12,1 # cft deg4 r=0
1561435056,905059008,1907695656,1232883426,404726075,376062757,4417625,-91951130,4037219,-20550744,-12612923,5915523,482941,-619157,637693,5361,-97137,19261,341,-3450,824,206,-53,-4,1 # cft deg4 r=0
3181772201,9573863473,14020729891,14650503626,11135098010,5729235847,2573782840,1297781095,413463474,77506101,44154592,6188178,-4369924,254508,120518,-117559,36433,25131,976,-1250,249,6,-13,-4,1 # cft deg4 r=0
13760935961,31097602303,30339508860,24327589940,21158179295,14986655796,8937320676,5303283300,2768366863,1266170795,571233438,229293814,81223064,28327368,9061199,2688503,733979,186311,51528,11329,1873,232,34,9,1 # cft deg4 r=0
3171989881,-14913827521,50416908070,-79806749575,74195951980,-50157846781,27113818396,-12356617642,5193975477,-2028388175,726057118,-244610393,79584486,-24156151,6884584,-1842984,480465,-114858,25323,-4705,851,-134,34,-6,1 # cft deg4 r=0
4559055281,-9292125316,-1834623375,9394723652,176283216,-1478916591,-1134044286,-754689596,760605355,-30031435,102197913,-48628574,-10489116,-1555774,-31787,933683,111577,-7946,-10243,-4740,-458,77,63,10,1 # cft deg4 r=0
49026562681,87094351441,95979348889,42048163422,-30149136949,-41899416910,-13539294771,4565855572,5085757029,1447515464,-97671763,-177777709,-35821397,5655309,2014159,-678954,-248092,54556,40794,7571,278,-155,-43,-2,1 # cft deg4 r=0
15788371,-227329869,9414651123,373078689,-4854998396,665173474,1057382123,-332406601,-167269558,96458967,32999785,-24755864,-3129775,3166545,541869,-459227,-16033,38603,854,-3223,156,175,-24,-4,1 # cft deg4 r=0
677905321,1351111004,2751735560,2961087697,1140773641,-44243681,41217389,73592719,-129185190,-122047350,-9432647,13263061,105784,1304211,2839208,1001483,75507,-1601,1972,-1550,-938,-113,33,10,1 # cft deg4 r=0
437779081,1632688169,1803618884,-917743397,-2660961289,-1157972245,465721884,1169068213,986675079,550807861,310462682,101083364,45321498,5987626,2475724,-398386,85653,-38676,10284,-521,128,95,-23,2,1 # cft deg4 r=0
6415972201,15010072467,15214337840,9746397105,5916411215,3899173924,1907577356,544693730,113906423,15302095,-28359657,-29749994,-15029176,-4926588,-1276281,-308388,11019,70664,39963,13121,2753,418,69,11,1 # cft deg4 r=0
49336201,11171848,-46475667,64754725,134025240,-21060316,83525862,125598601,105881945,78568861,100474598,84315092,56226416,31441880,13833482,5405430,1764611,499725,127022,25839,5207,707,113,8,1 # cft deg4 r=0
27876991111,20877495183,26363309946,10922078032,7921722040,1792347533,1587166016,331440159,315955741,43163494,50154897,9310268,8271626,1329014,926932,205980,122530,26077,10235,2811,1042,199,39,5,1 # cft deg4 r=0
26360861,-207151022,605498311,-658706503,-128618375,692537313,-27188134,-674046701,358377631,119730314,-100922293,-26802637,24676886,3958479,-2247098,-573700,254095,58862,-16895,-4354,1127,169,-41,-5,1 # cft deg4 r=0
17094031,-35569749,25427252,-18697305,11213117,6566083,-7038908,1203605,2794971,-182851,363162,979446,143046,-242982,-89022,27838,28347,-664,-5126,-59,558,3,-33,0,1 # cft deg4 r=0
130126511,-134543300,350263267,-292982477,389425187,-270047210,241970647,-142305154,95965235,-48719477,26122633,-11508575,5094739,-1923404,737041,-234001,83501,-22664,8302,-2032,747,-155,45,-6,1 # cft deg4 r=0
88220611,259270941,306189223,352365665,340392040,221777975,206697443,97073493,78073926,33508812,21118524,8868091,4295121,1887905,638896,308191,79870,32928,9226,2198,797,89,43,2,1 # cft deg4 r=0
737111,7606202,31305696,10526651,24249541,17240855,11728246,3547591,16479004,-12553107,16308223,-10119737,6948048,-3168357,1548586,-542902,210273,-56508,18376,-3632,1073,-125,43,-1,1 # cft deg4 r=0
6025811,-14742334,8969360,18833844,-37654045,-9198491,56128823,-5280246,-42316467,9253572,17599290,-5390950,-4236507,1671588,602644,-233897,-28033,9836,-570,1117,-374,-31,53,-13,1 # cft deg4 r=0
2801741,-6572814,13526461,-18955147,11895371,-3200894,1527023,-565227,3021682,-1439657,774507,-1459670,-68047,172927,88197,88058,3234,-18596,-4641,1645,634,-71,-37,1,1 # cft deg4 r=0
203291,1494761,6870382,12870256,694846,-23631962,-15360274,17716637,18091939,-8617927,-10219332,3044588,3823470,-1174178,-788444,299387,104491,-73205,12224,1239,-977,151,14,-7,1 # cft deg4 r=0
104990611,-77857813,58637491,52678011,-8880344,31595090,3047806,-3808714,-1023216,614283,992498,111328,495058,-150872,106791,-37942,26348,-2163,971,103,128,-10,18,-1,1 # cft deg4 r=0
31991,97580,897781,313926,-2382334,-470622,153571,-3418560,9281904,1061691,218860,3695988,-969765,-1182628,526925,113610,-128085,9927,14812,-3335,-696,292,-4,-9,1 # cft deg4 r=0
802411,1875430,-787054,-879702,993405,-3402259,1468545,-4344122,7242310,1296573,-5220852,659887,668907,327369,33645,-308004,59966,41446,-7687,-4399,776,251,-47,-5,1 # cft deg4 r=0
15768071,-8316907,38103306,9774699,19639426,15826970,7809966,2480204,3440649,1687682,1107518,672447,110248,-339163,-159819,462,7028,513,1041,357,-22,-5,13,6,1 # cft deg4 r=0
175811,-445350,-136774,4355146,4287031,-11465457,15786906,8966105,13588129,3087301,2204385,-1467832,-350705,-627008,-6730,-32260,52385,16757,12762,3205,1289,227,61,6,1 # cft deg4 r=0
16085011,45924874,75751176,101834018,133592559,162718589,162138956,125290496,73984037,33602600,12148400,3292017,215950,-434251,-275759,-60418,12962,10613,1852,-439,-99,-5,5,-4,1 # cft deg4 r=0
7602151,11603644,-3124118,-30042220,-31825243,1979792,37176402,37734215,11563706,-9620619,-11533613,-4077806,719721,1061352,238498,-48818,-4143,21234,9404,1009,-222,-3,37,10,1 # cft deg4 r=0
47509561,-21358744,-86209729,-36438637,46724091,56216316,28500303,3277403,-6628498,-2897737,2482147,2091940,29263,-321703,48577,90718,6374,-10106,-821,985,124,-71,-7,1,1 # cft deg4 r=0
7116581,5447869,-6878950,-14330310,-1897395,11931319,10325621,-3424217,-6472143,-3003220,1657628,1318837,382106,-14886,-139446,-17629,-1965,2362,1208,-165,376,16,14,-1,1 # cft deg4 r=0
15768071,-24871073,16379171,14174751,-2828209,15088200,7466246,4601931,9537004,4898933,4835233,3304923,1495493,916303,316211,131913,56698,9962,8071,268,773,-15,43,-1,1 # cft deg4 r=0
2459141,-10563649,17473807,6647016,-27270059,2406648,33477931,45433587,49286709,37242098,25641043,13953438,7570205,3235422,1450396,515422,196586,56620,19349,4034,1313,166,54,3,1 # cft deg4 r=0
155513105,927693585,2373431965,3546351185,3866404121,3766288352,3245933534,2073366868,904776112,293909712,70579179,-3346047,-9537423,-1651773,4109,-3822,109652,21392,-8986,-572,667,-33,-31,3,1 # cft deg4 r=0
10173301,4351183,118477526,399501619,427228245,97847976,-21556324,-93589409,-184649670,-44942420,67834907,37719778,-3447261,-9360159,-1382927,1250150,354040,-117843,-39566,7558,2390,-272,-76,4,1 # cft deg4 r=0
23363866441,39462578224,14956589553,-11895197701,-11446483358,-1513593989,2055843812,784562530,-164305224,-104151219,57092882,36886158,-1507482,-5603364,-391152,630978,141486,-43175,-13467,1928,1147,-92,-38,2,1 # cft deg4 r=0
150432551,494603645,448730085,-110765479,-275456088,-42952957,419380490,-128781101,192031765,-118970244,-14816644,-15839185,26037693,192904,-4598840,-46866,522854,28782,-42902,-3172,2375,130,-74,-2,1 # cft deg4 r=0
1850904611,-887964291,3520586774,-2249374023,3325000514,-2049887865,2092784657,-1070855038,793342530,-383233527,190349654,-84254466,31662501,-10914466,3504244,-792332,208780,-29303,2982,-490,139,-43,39,-1,1 # cft deg4 r=0
137512705,473023960,745788810,1248113575,2006221871,2034759292,1750816764,1642288558,1232034212,311326742,-97337211,-12864502,25198362,1374827,190259,322208,-104218,-28408,10164,2548,-23,-78,-16,3,1 # cft deg4 r=0
131381,415766,2317228,-94909,5017785,-5687568,-3998542,-18430005,-15955397,17123973,25474365,8041283,-1951089,-1457969,-63497,94555,10612,-6118,-634,1073,218,-84,-20,3,1 # cft deg4 r=0
26281,-54339,12583,68466,77735,-27188,-17967,-21865,60208,60443,-23815,-5447,13306,-1709,-347,-760,-1698,-323,341,308,43,-54,-15,3,1 # cft deg4 r=0
113201,43145,208010,266281,159167,288903,252805,171059,232430,213041,151011,130180,95813,48339,22960,11459,2834,-223,-97,-67,-100,-40,-4,3,1 # cft deg4 r=0
6634536911,5344388483,2405366612,555032208,910083259,366926982,295091112,131423698,86137562,19666556,22320270,3306377,2906460,1099445,336551,93796,95197,-306,11526,319,846,35,39,2,1 # cft deg4 r=0
66956291,-88609059,-46775563,48422956,86571614,-4811428,-47303140,-20709734,1533880,7534234,6246003,3910947,2253551,1033045,463307,176614,73525,25126,9105,2581,799,177,43,6,1 # cft deg4 r=0
804023491,1317705661,1575570343,1281913972,828827787,415424250,198709055,118596468,90411003,67288396,42681159,23063383,10819505,4571779,1791007,659536,228990,74036,22370,6339,1674,403,81,12,1 # cft deg4 r=0
110713411,279964309,376744253,308548998,138753187,33193050,-13345045,-17307488,-7948327,-4295771,-439471,-323343,309040,70441,102047,5634,9440,-1561,1100,401,359,137,41,8,1 # cft deg4 r=0
189775571,21549435,331648829,54273945,264448147,63094630,140274398,36954135,53262018,15463700,14500488,4231080,3088833,781065,467158,98235,54913,7855,4378,455,357,15,14,0,1 # cft deg4 r=0
229501451,303773377,493108610,404310215,424653166,261785353,196088264,90804171,54563455,17735951,9688314,1601944,1415452,20626,243999,-3545,41288,68,4234,-92,293,-5,19,2,1 # cft deg4 r=0
8372671,1729543,38771671,4356729,77089023,4911070,71733756,-12643680,36043699,-16557810,13686897,-7627530,4553624,-2192557,1121366,-441353,194327,-61947,22855,-5650,1666,-289,65,-6,1 # cft deg4 r=0
34646664511,-41610892162,34684658955,-15671044705,7486134216,-3630924463,2335955444,-1047572026,485195165,-259816196,166750554,-78843409,26748842,-6771746,2620599,-1565130,821943,-311878,92079,-21988,4513,-765,109,-12,1 # cft deg4 r=0
1133359371,2294924616,2227205232,600206925,-732052975,-608413182,-115867032,40560258,53869380,60787812,9557152,-16743474,-6108019,643435,1491698,28680,-43249,-55575,3913,3572,472,-241,-23,4,1 # cft deg4 r=0
89177731,-297372745,538561926,-533498145,240542397,134584865,-199299113,-4639915,81522143,-11937280,-20368528,4121260,4007233,-861625,-617898,114390,78413,-11230,-7693,785,622,-35,-34,0,1 # cft deg4 r=0
12851,1433621,38516729,-89942184,81296738,4442673,-47636210,12848215,20029617,-12669678,-3734030,4855526,-296739,-1040907,353910,191893,-87308,-37836,8224,4929,-4,-278,-28,6,1 # cft deg4 r=0
659521,-3598148,5828436,-326036,-4970943,-1129506,6407959,-5719678,2185833,5842998,-3900777,-3400297,1924996,1295599,-562888,-311680,110227,45401,-13960,-3975,1111,191,-50,-4,1 # cft deg4 r=0
62073241,-144072075,-101202815,243307106,248966710,-130285637,-247394825,-12195800,95048491,34120909,-4205046,-6533607,-2814641,1862317,2681789,1473456,780232,242038,83993,17557,4377,603,109,8,1 # cft deg4 r=0
142412321,188303945,364291045,296820177,363172032,270694859,242433965,146016258,99470530,49837098,27451654,11719915,5550188,2085547,869425,291678,107804,32006,10422,2691,770,165,39,6,1 # cft deg4 r=0
196521061,-95466185,302798826,-90479101,187691971,-44916463,65021456,-14106825,13059679,-4974541,411010,-1855968,-400270,-369072,-33220,-14640,18415,7228,5362,1535,674,133,41,4,1 # cft deg4 r=0
278934931,66196766,361027578,91571606,237401854,52555900,103736180,17265675,34582876,3751637,9153715,663130,1920413,117156,311346,18824,39300,2218,3900,213,326,23,21,2,1 # cft deg4 r=0
14156941,7100160,-15991691,1084758,53638956,44068461,6218259,-8539685,-11537946,-5350968,4385915,3842009,-788225,-1094746,183100,272755,-12675,-46471,-3877,4250,739,-186,-46,3,1 # cft deg4 r=0
41,-735,5384,-15186,-2920,38837,91180,125359,53810,-65539,-100908,-58024,21382,39333,15590,-3857,-7469,-2423,1037,818,1,-103,-13,5,1 # cft deg4 r=0
121,737,333,-4462,1076,23166,-8776,-61879,17514,75836,-18658,-39911,15185,9369,-7401,-2894,4801,465,-1524,-78,263,12,-24,-1,1 # cft deg4 r=0
1931,-25534,257031,750589,732201,-13294,-153173,137686,210705,48463,21109,24757,19607,7347,5266,2286,832,353,375,86,29,10,7,1,1 # cft deg4 r=0
5110321,-8922908,-14229424,6711093,16448173,29853086,16674915,4692880,1035147,-5452446,2026515,-1484312,1825026,-362529,559535,-87531,107862,-15542,13461,-1653,1056,-91,48,-2,1 # cft deg4 r=0
24187296681,6677277714,19841734566,1745406324,8656671950,861503274,1981385320,253016386,248867499,35741655,16478363,810514,1248354,-211494,183794,3588,5342,-4772,-3997,-1196,119,43,9,4,1 # cft deg4 r=0
789981481,1762915679,2763035330,3224169402,3071074347,2472795504,1719005607,1048166138,565451423,272653111,118766854,46856659,16866990,5447225,1594920,404315,95640,18312,3578,360,159,59,31,6,1 # cft deg4 r=0
2079538081,-6747744406,6653122952,128521633,-3748280282,1682342878,456246049,-622896609,139607998,120020410,-61877359,-20188265,11551320,2894287,-1366514,-249250,132239,25807,-7043,-2334,404,159,-30,-5,1 # cft deg4 r=0
79201,580828,3079573,4628002,2214169,-4801834,-5280795,-1088108,984130,6032177,2639217,-3993561,-1159599,1376915,119958,-297487,18655,40368,-6195,-3273,744,151,-43,-3,1 # cft deg4 r=0
362354911,368831491,-63524415,-242822645,-59156890,42276541,9302996,-12817258,1918707,8455335,1945623,-2245937,-987754,305141,232454,-19251,-35080,-467,4248,-95,-364,44,24,-9,1 # cft deg4 r=0
2792141,3525426,12444751,11070349,11159631,-250107,-6022212,-1982659,846946,3289265,1380281,-2186770,-800641,971651,215013,-281647,-21640,48347,-639,-4856,333,273,-29,-7,1 # cft deg4 r=0
3020948521,-2688777671,784684317,-1128239616,816464349,237980063,-528431800,263427244,1703995,-73338189,41633743,-6995737,-3417599,2267610,-589303,-60909,83080,-26241,4915,424,-101,63,13,-1,1 # cft deg4 r=0
604817341,-2525556736,4868267792,-5845035690,4902284197,-2944649788,1248375373,-357829717,68661576,-17975683,9715730,-1643382,-2018683,1792098,-563645,48824,43836,-12797,1124,1155,-187,21,26,-5,1 # cft deg4 r=0
51151921,140922337,179613535,148378235,142396845,66673567,63193799,-988849,22130032,-5583955,4748952,-36591,565441,597387,89986,136827,33505,9431,5347,345,176,68,-4,3,1 # cft deg4 r=0
63524916691,52799543573,9868747328,-6602004931,2080655148,3854188181,711213261,-495850972,-22909667,116928025,27326029,-10649495,-4118085,1691079,959224,-99380,-150181,13024,20398,-5332,-381,318,-30,-5,1 # cft deg4 r=0
310295005,177912970,-84812865,-169645035,21925681,28234300,-11040517,4012599,9068402,-3918760,-3291104,1269728,774338,-330245,-140259,69782,25750,-11232,-4394,1217,522,-76,-35,2,1 # cft deg4 r=0
26713691,-22352788,182249359,21769213,-205780985,-13384563,93252670,27010467,-24884636,-17061780,4090372,5003938,244089,-926862,-261039,106321,56982,-4001,-7558,-527,694,64,-39,-2,1 # cft deg4 r=0
29400661,-7187953,18464338,46854657,494427,-163102143,197466971,10119384,-69456650,-17574301,14670621,9820300,-2232405,-2974509,802184,944660,-62474,-147411,-6560,11313,1181,-418,-59,6,1 # cft deg4 r=0
46061,22235,221291,-461880,303592,154655,461525,-309585,-103566,-83425,110847,58900,-16984,-27515,-13534,2515,3666,1605,99,-185,-64,0,12,5,1 # cft deg4 r=0
61,-19,-237,-549,610,1697,-77,4850,4628,-18417,-12975,24113,13446,-18759,-6077,11170,2832,-3728,-879,713,183,-69,-20,3,1 # cft deg4 r=0
9130201,4543479,11056913,-11153286,-3062080,-9275617,5824053,3784880,1036858,-2078113,-458010,417427,581466,-475371,-90827,90310,42682,-13532,-5769,382,623,-1,-25,-3,1 # cft deg4 r=0
6551,-23255,76370,-108039,113642,7728,-111645,74474,24410,-30989,21126,22225,-4217,-7771,2565,2609,1519,1922,1233,293,-70,-50,-4,3,1 # cft deg4 r=0
93962411,-75456015,258999119,-246029865,211755438,-126545795,55755648,10036900,-15879905,4539325,-784704,1189675,-118277,-158200,-22356,12490,18590,-3505,-453,-260,53,100,-19,-5,1 # cft deg4 r=0
2496959221,9441971850,25844346016,42699869034,51456249396,46359397902,32968130611,18522424415,8304591959,2853437139,699784035,75861042,-23404175,-16535852,-4917670,-1042730,-142890,-28272,-2983,-215,539,143,41,4,1 # cft deg4 r=0
116446381,457937498,942013764,1379161443,1590842236,1519679843,1256679308,908477162,589956865,342643219,181621211,86927829,38102752,15094071,5473139,1787492,535042,145279,37530,9237,2259,495,93,12,1 # cft deg4 r=0
221993381,-111861517,-307604547,32918378,254768367,35299398,-123157074,-37865499,40304490,16239121,-9180049,-4467790,1556810,860599,-183896,-130410,15761,15626,-875,-1613,86,118,-9,-6,1 # cft deg4 r=0
100145641,155715493,35770152,120001666,621372804,471047093,447223876,114295412,188570590,12485986,84420987,-11425041,22281691,-7136779,4292352,-1635706,609280,-202607,58011,-14263,3199,-521,92,-8,1 # cft deg4 r=0
66113771,-95904522,115358823,47129289,-357034547,-81633004,361934306,159235623,-69648827,-73463305,-25334656,18120405,11775980,-2705911,-1079211,-375440,129369,100509,-18512,-8207,1474,318,-60,-5,1 # cft deg4 r=0
99800941,-171110185,24130685,108136164,-68494338,3705872,27465225,-29573069,-159500,16020759,-3716244,-4956485,1686823,1046906,-437390,-159909,79399,18953,-10107,-1693,875,105,-44,-3,1 # cft deg4 r=0
3936241,11915058,50158588,44057520,-15680123,-53614426,-23030247,21120675,24567876,-944168,-11419262,-2735493,3272976,1328409,-632818,-331719,89777,50108,-9744,-4603,798,234,-42,-5,1 # cft deg4 r=0
14656211,59249494,88898266,26012224,-81875340,-88956825,10165454,64185127,21472498,-23416151,-15906278,4393658,5984827,-255886,-1431425,-63285,229473,15383,-24495,-1413,1646,60,-62,-1,1 # cft deg4 r=0
991,-2963,-1962,13323,5966,-26954,-5536,32346,-7071,-16849,7967,8484,8505,-5246,-6911,-279,4266,690,-1409,-188,253,22,-24,-1,1 # cft deg4 r=0
421,-1115,7864,-3846,37450,20727,145555,133039,227235,53786,-22173,-126364,-46208,35648,40360,2623,-9189,-3533,1132,763,-34,-88,-8,5,1 # cft deg4 r=0
93851,3157225,44829129,62863088,2745431,-53590264,-27374951,21098435,18060079,-3393588,-4045785,756374,-159855,-684491,187610,290705,2205,-50231,-6507,4250,859,-176,-46,3,1 # cft deg4 r=0
199857271,236301974,-104030798,-217702521,5824179,83305143,-9044235,-23970076,13619405,9435931,-6580857,-3134422,2037961,574835,-483733,-37839,84310,-2726,-9970,424,809,-17,-37,-1,1 # cft deg4 r=0
319610831,-14683703,-593090920,-70552063,437059255,119000318,-164861323,-70181538,39375403,24533664,-6182505,-5884535,486883,1074766,25961,-155421,-12198,17072,2225,-1584,-269,153,7,-9,1 # cft deg4 r=0
899686891,-1773751002,836985865,996985150,112449031,-751594853,-43023821,317099289,298964170,120085644,40230314,6432231,1246797,-20016,421359,160610,66198,-1838,1689,-298,448,-5,19,-2,1 # cft deg4 r=0
101119021,-145024160,145882328,-214141384,127982877,-119655485,85964283,-26134053,36993190,185004,10732292,1263150,2234574,275338,356889,28003,49496,2373,6083,276,517,5,25,-2,1 # cft deg4 r=0
35184301,-13207051,-34782377,-26100281,9438865,29456783,12805323,-6016075,-6753897,-1455843,1274905,967312,-24579,-104536,20533,8725,2087,-527,-2444,-263,408,54,-30,-3,1 # cft deg4 r=0
3371,15610,43026,81925,107012,110850,111160,107395,92044,58535,27092,6205,3066,3160,2431,-30,-1549,-885,414,105,-64,-35,7,5,1 # cft deg4 r=0
243023581,1237337026,2480966027,2297066650,723768552,-1786097917,-2686956567,-1890692873,-84331704,581010283,397024455,268255657,166901337,72007002,28338400,9989601,2980236,841312,196919,40270,7268,989,136,10,1 # cft deg4 r=0
436966151,2063580325,-641420579,-4987188471,11177966107,-13244215533,11218561827,-7104763932,3701341651,-1541649947,549305633,-154481046,38006549,-5443838,1173118,187884,92680,22891,15394,2173,1112,202,42,7,1 # cft deg4 r=0
963808121,1388690930,1956302979,-564224567,-415972808,-1333212609,708282138,329719691,-180269279,47712099,-44943653,-24102657,27019039,2355561,-4856333,78208,399365,-29377,-12199,2396,-133,-124,-2,4,1 # cft deg4 r=0
24439779421,-49339394637,57575550924,-55632622512,42502113446,-23501208492,15656680893,-6823497143,2859655825,-1603138896,274876251,-216880141,43732797,-4084464,12031844,2895007,1815227,409474,140350,24657,5899,675,128,7,1 # cft deg4 r=0
3091041,-14443542,48748401,-122446560,235452442,-349970432,419188510,-406097626,325035145,-211998930,114682528,-50581630,18947063,-5864844,1564870,-330292,31879,11774,-9456,3326,-680,64,17,-8,1 # cft deg4 r=0
1953611,1225166,-349275,-432368,6197,-1202648,-696645,916156,924773,-199606,-122482,326906,242297,-14016,-34316,10640,11427,-308,-1217,158,220,-8,-20,-2,1 # cft deg4 r=0
927001,1442226,1141025,1167342,1021317,563012,315485,218766,45523,-25406,-1752,-52574,-18763,12264,-2956,-5400,2017,1272,-317,-132,90,12,-10,-2,1 # cft deg4 r=0
6345616,47952016,178169792,426963440,759192360,1052527648,1165595648,1043155668,760743300,455848082,225677142,92447596,31653121,9219730,2512783,722920,252256,87180,28683,7222,1662,254,47,4,1 # cft deg4 r=0
963191,3082456,6116085,6563790,3294331,1833834,3415776,4514902,3808555,2475538,1496951,884448,463312,203548,82331,33750,15393,5854,2116,546,193,50,21,4,1 # cft deg4 r=0
196496,-623280,494304,329536,423088,-206472,151928,486912,700104,485594,340296,195810,110437,39108,23533,6686,6156,938,1425,16,214,-8,19,0,1 # cft deg4 r=0
29933251,70818696,137567869,169762868,176001741,140690202,95143943,52865392,26936759,12938180,6905800,3590008,1578939,272876,199610,106156,30429,5796,2747,970,446,100,36,6,1 # cft deg4 r=0
20331,51030,89775,-82392,105505,10546,845,14800,50551,-69442,27486,16434,-9791,-11686,13796,-1452,7,806,607,-304,62,46,6,-6,1 # cft deg4 r=0
11974841,-28644781,10659183,44696057,-62085018,4734361,53470968,-49045579,11299135,8500488,-6011300,891655,306672,-13254,80664,-54981,21851,14089,-851,172,-226,-63,16,-4,1 # cft deg4 r=0
22541,-31475,-1565,184213,-68420,73271,414860,-299165,99251,1044028,206446,-356981,138514,170074,-65714,-37407,15587,1091,-3893,176,502,11,-14,4,1 # cft deg4 r=0
63261,-511029,1222380,-631953,-490063,1120227,-308570,-241024,260323,-57381,141668,98146,-111988,-33256,21044,2350,2952,1477,-1777,-332,355,42,-30,-2,1 # cft deg4 r=0
20488016,43948496,54672464,55167376,47315448,39078768,29860280,21269580,15664172,9855862,6000710,3052106,1577461,729728,329060,139033,60877,19144,5979,1994,681,107,7,1,1 # cft deg4 r=0
1296,-19008,108288,-297408,382312,-129968,-209684,462964,-156500,-478456,70646,215690,38785,20476,37174,6045,-7029,-2146,25,148,151,27,-9,1,1 # cft deg4 r=0
891,-4914,151578,1177530,3325535,5316790,5489253,2806473,-249284,-955988,-313536,14096,49676,70480,44926,8171,-2555,-2712,-1674,-487,-13,29,18,7,1 # cft deg4 r=0
89654771,262101801,501397123,694830473,815119557,790016604,673774423,507776809,342121760,209456122,117590595,60416740,28854547,12641204,5114959,1890876,641956,198571,55019,13078,2779,493,81,9,1 # cft deg4 r=0
1205831,4131983,10049122,14326958,15787774,13002427,7976887,3194488,403587,-570829,-414785,17487,304390,366265,288631,176521,89817,39134,14391,4259,976,180,34,7,1 # cft deg4 r=0
861451,71408,2649807,1636163,3262819,1595327,1599457,436388,299102,-83024,-68860,-43548,-39160,-1550,-6479,-224,-583,229,341,-81,76,-10,14,-3,1 # cft deg4 r=0
11,224,1786,5782,11431,15359,12043,7532,8497,8272,5252,-1500,593,3768,2262,-263,-711,646,354,-195,14,41,-7,-1,1 # cft deg4 r=0
61,-71,-9,57,1946,2174,1603,-1598,-678,997,907,-715,-477,638,552,-1003,-196,711,-81,-210,59,26,-12,-1,1 # cft deg4 r=0
191,419,2591,-2013,1066,-1861,4763,-3833,792,-2403,2117,705,-122,-517,-658,537,259,-179,-16,-50,39,16,-12,-1,1 # cft deg4 r=0
191,-1236,2221,142,-2854,1444,83,-1268,2837,-4188,3817,-1420,993,-917,962,-578,109,26,109,-50,19,6,3,-1,1 # cft deg4 r=0
3641,-1986,6951,15697,19566,20139,3133,2752,1872,-2678,2367,-3180,138,408,-1178,397,-146,81,144,-130,9,31,-7,-1,1 # cft deg4 r=0
671,-1721,-1119,8322,-10109,-336,18298,-33398,36477,-28313,17517,-9700,5618,-3477,1812,-748,249,-109,99,-35,14,-4,3,-1,1 # cft deg4 r=0
14291,8764,-2864,-7713,-12024,19729,2738,-22103,24872,-15498,1822,-45,248,-857,732,12,44,6,74,-10,24,1,8,-1,1 # cft deg4 r=0
431,-1341,4381,-5288,9901,-7311,13873,-21968,20132,-11193,5237,945,5928,-3717,1657,-48,-41,-139,169,10,14,11,8,-1,1 # cft deg4 r=0
661,-2184,276,4226,-4435,3400,6119,-8097,7008,4646,-6158,2782,662,-144,1010,45,443,-48,-30,63,21,5,-2,1,1 # cft deg4 r=0
451,231,291,1176,525,390,1514,603,-102,841,157,-583,417,241,-135,75,158,-63,-90,38,41,-10,-7,1,1 # cft deg4 r=0
881,1131,1798,892,1892,-1425,-185,-3332,93,-3449,1959,-2437,2120,-1131,2057,-1229,1265,-194,155,69,44,-12,16,-3,1 # cft deg4 r=0
101,686,1443,27,-2583,-1045,1395,2508,4838,-4514,4574,-7912,3210,-3396,1777,-314,565,-79,285,-61,74,-22,16,-3,1 # cft deg4 r=0
1151,-1604,-494,2086,1735,-3690,4229,3953,228,-424,3742,-2918,-638,476,-350,-335,633,-228,-40,23,11,-5,-2,1,1 # cft deg4 r=0
1441,-3949,4161,24646,-17045,-23370,40504,14963,10798,39871,-2073,-4803,5647,-4889,-625,-135,-52,-253,-30,38,21,0,3,1,1 # cft deg4 r=0
484603271,-2878163350,3280067241,7851670647,504370083,-1982764806,651793297,649578809,40878904,-36837323,21118534,14529590,331212,-1455181,113107,329772,-46509,-42596,16985,212,-1306,256,11,-10,1 # cft deg4 r=0
560440441,306108768,-355114121,115630813,192809246,-404736132,440228503,-419142798,354024695,-272326056,176916641,-103635021,57488742,-28368989,12845804,-5147423,1735852,-513831,127815,-26998,5024,-710,103,-8,1 # cft deg4 r=0
2211014531,-98888311,-547534166,78809182,85603222,654268033,-89121744,-52269304,68590343,5321371,23442322,-14980181,3557091,-664562,407178,-279685,44512,-12193,3870,-1450,446,-28,15,-2,1 # cft deg4 r=0
881309671,-1051209665,3143119850,-2870005161,2899500180,-1415337373,292382925,268800375,-117726029,-22862509,46898714,-11348888,-2240416,1862933,203739,-267976,51947,16252,-2802,-1617,732,-38,-1,-3,1 # cft deg4 r=0
26331127541,-25664009964,33505413337,-24983590738,20790362783,-9926120048,7958208629,-2665078316,1947638103,-526729920,322692661,-87753940,46490740,-14291607,4745871,-1590960,485989,-102512,-5013,8274,-1256,-159,90,-15,1 # cft deg4 r=0
13393721,-27303737,45275967,-64113930,40476040,-76764600,110862257,9741241,181662241,71733826,120517981,45183607,44778656,13304020,9388459,1983682,1177315,182549,91199,10156,4162,312,102,4,1 # cft deg4 r=0
910123741,-2523648959,2548284517,1092511371,-4879069889,3699910233,844046956,-3085537438,1766652049,25657078,-461966377,193209258,-5845130,-24719303,11078706,-741038,-1081774,292050,31629,-18256,3,546,-11,-12,1 # cft deg4 r=0
2662703131,92935986,-1792630326,2120579438,-166828853,-2299627028,3475467326,-2918609071,1700706953,-678312446,164305632,-7326439,-10252639,2775727,683543,-739475,337952,-114047,39255,-10750,2456,-392,65,-8,1 # cft deg4 r=0
1,5,1,-9,112,328,257,1997,8501,9082,-8367,-15199,4369,4253,-902,2371,-85,-1731,-36,442,57,-57,-13,3,1 # cft deg4 r=0
151,175,751,539,1307,1427,2477,1443,2246,4763,3323,-2001,-1591,5637,4188,-4196,-4660,276,1679,403,-208,-98,2,7,1 # cft deg4 r=0
1,5,21,74,497,1252,2127,2773,2456,3183,2258,-6506,-9501,4272,11653,819,-6215,-1879,1539,733,-148,-118,-3,7,1 # cft deg4 r=0
4141,-4670,10301,2228,7170,11341,10410,12698,10135,9543,10958,7702,4307,3354,2635,1476,561,261,233,141,36,6,8,5,1 # cft deg4 r=0
151,570,766,2021,7017,11868,17587,9507,13781,-3043,-6407,-1754,-3951,1093,3048,661,-235,-611,-221,222,87,-37,-13,3,1 # cft deg4 r=0
1,5,-9,-251,292,3247,-648,-13327,-3094,17808,14038,-6771,-7626,7632,6173,-4856,-4800,606,1704,338,-223,-98,2,7,1 # cft deg4 r=0
101,-460,506,-1536,1522,2832,14147,31318,39041,21558,-367,-12606,-6641,5837,5793,-1681,-3930,-504,1284,428,-168,-93,2,7,1 # cft deg4 r=0
3271,-11500,23946,-557,-8755,-1964,11240,8028,-5680,16923,19368,6542,5652,4339,2960,2126,1016,616,433,206,61,21,13,5,1 # cft deg4 r=0
101,-25,1546,-1564,10052,-11507,26177,10137,-13059,-17118,3133,7321,2094,-352,188,356,-475,-391,144,177,7,-37,-8,3,1 # cft deg4 r=0
941,2550,6346,1458,-6925,156,13305,7508,-5505,-2092,7568,5012,-1323,-781,1820,1251,-49,-39,213,116,21,6,8,5,1 # cft deg4 r=0
1,10,71,346,1612,2683,-628,-2843,1556,-48,-4417,291,3084,-1027,-812,1661,345,-981,-231,287,82,-42,-13,3,1 # cft deg4 r=0
14011,28410,25756,14068,-10105,-12219,16635,5283,-12690,-5807,8648,3647,482,779,2830,1356,706,306,358,166,61,21,13,5,1 # cft deg4 r=0
1025,550,-2465,-7210,-1444,8210,28192,182,-19143,-34710,-23756,36774,46833,-10150,-25856,-254,8185,966,-1616,-294,192,48,-15,-4,1 # cft deg4 r=0
764450125,722176500,1182815300,641111740,637780006,199412676,213104836,41378716,64141847,5731736,15416696,-615384,3131092,-394184,570776,-101784,80827,-17164,9156,-1764,742,-124,36,-4,1 # cft deg4 r=0
8265701,-41545430,96985175,-135469078,128695507,-79975106,20852425,17944418,-19868865,4383368,5540934,-3476500,-322017,959592,-139720,-154552,53979,19406,-8333,-1894,720,120,-36,-4,1 # cft deg4 r=0
256,4608,28672,-43264,20608,-1920,32704,16640,-39296,2368,23744,2144,4672,-576,-11520,-2352,5880,1696,-1432,-464,200,64,-18,-4,1 # cft deg4 r=0
129005,-919200,5148940,-16298780,32745526,-43625120,30666532,8906172,-37155593,21210160,9447944,-13659496,888788,3860560,-912936,-643064,207035,69616,-24276,-4924,1622,208,-60,-4,1 # cft deg4 r=0
71,118,632,146,2443,-4910,14434,-7720,-18276,48638,-19596,-53386,41907,28254,-25270,-9472,9120,2306,-1952,-454,255,54,-18,-4,1 # cft deg4 r=0
10360561,-5804702,1541632,-34461394,85032443,-58035210,-21092996,54008600,-19630326,-13641742,12719224,-647126,-3100013,1110834,279960,-293672,28010,44126,-9252,-3954,955,194,-48,-4,1 # cft deg4 r=0
905,1520,27830,-17010,-44034,40950,46637,-1028,-30793,-40200,27964,59644,-2117,-30840,-6636,6586,3605,106,-891,-314,137,58,-15,-4,1 # cft deg4 r=0
1331,-792,22482,3996,71568,4240,-59946,57980,39379,-41152,-12956,5704,3432,2544,-7140,-3192,4665,1816,-1302,-484,200,64,-18,-4,1 # cft deg4 r=0
4681,-18062,12442,4306,16033,12670,-41306,-6880,15814,-30702,22114,42454,-22243,-20966,6790,3408,310,1006,-582,-494,145,74,-18,-4,1 # cft deg4 r=0
97156711,130000470,435385010,120343102,450248277,-7787826,228634800,-43193832,78541720,-21114162,20278454,-6227670,4004993,-1283798,631020,-197272,78724,-22414,7422,-1874,545,-110,24,-4,1 # cft deg4 r=0
205,-1110,2040,12780,30286,18200,20197,-8348,-12233,3200,6064,-10816,11043,7510,-9426,-3384,4305,1286,-1101,-344,177,48,-15,-4,1 # cft deg4 r=0
61272025,-65731050,157142515,-16000580,120151886,5667850,65162742,10302612,15694327,2350390,5247154,-403416,850923,-405610,129254,-35884,23875,-7414,1834,-704,342,-72,15,-4,1 # cft deg4 r=0
8105,-14040,43195,-17780,13386,35730,-6188,-26668,-27213,5050,20844,10244,-4897,-9570,-2256,2236,2055,546,-636,-324,122,58,-15,-4,1 # cft deg4 r=0
778025,-10750900,60464985,-188062110,378547426,-532764682,540270524,-384848688,223133067,-118309182,56561784,-16395368,5890187,-2045322,212104,-52908,15027,-7102,2444,832,202,-122,-21,2,1 # cft deg4 r=0
150342911,86090934,312172047,35831590,390554962,-27187753,220739358,-3671437,64755446,4632907,11122995,810668,1985762,-645992,622665,-308066,159266,-61082,23084,-6715,1808,-399,71,-10,1 # cft deg4 r=0
1481,9382,28111,85983,185390,287417,532641,450076,714146,343816,494432,94507,179976,-30574,36472,-25315,7925,-5942,2365,-1131,537,-174,49,-10,1 # cft deg4 r=0
3671,-2428,13809,-37684,174624,-299993,431729,-293123,178157,23600,-1815,-1956,74145,-72348,64394,-39261,21562,-11346,5493,-2593,1046,-330,80,-13,1 # cft deg4 r=0
39113261,-269251008,871459153,-1829319220,2818463380,-3354093584,3188486072,-2486310636,1635847155,-921633036,451287478,-194607102,75933676,-26790280,9019502,-2804210,853731,-239715,63892,-15529,3382,-652,103,-13,1 # cft deg4 r=0
121479881,-432117838,8359145,744920353,339131359,-398790500,-316553392,74161784,141332387,22457811,-23857083,-7204767,3272666,1308638,-359333,-169484,41021,17811,-3509,-1423,311,83,-18,-3,1 # cft deg4 r=0
1331,-297,12582,1168,49454,-1938,110972,-18617,161637,-46134,168210,-61363,124445,-46445,62846,-21119,21252,-5931,4621,-976,591,-85,39,-3,1 # cft deg4 r=0
251,154,9235,12892,42246,8659,39569,17304,128130,157380,249743,218991,214819,132361,97098,44733,26617,8294,4912,765,582,27,38,0,1 # cft deg4 r=0
600317531,-141197048,-519602392,-26824404,316090078,34036994,-123899154,-17436008,41399383,3591515,-10955106,-526675,2430905,28376,-406491,4605,56864,-1959,-6317,52,514,2,-25,0,1 # cft deg4 r=0
2040589561,-44738556,-554711099,452421507,454686171,-60154296,-90640797,42153997,38484112,-5400983,-7543598,1539160,1599273,-288867,-280533,32217,31919,-5884,-3876,355,259,-19,-7,4,1 # cft deg4 r=0
2101,-3696,-33574,-67656,98910,844279,2332430,4038391,5076574,5073565,4320648,3178174,2048204,1185121,610474,277818,117197,40868,14408,3654,1104,183,49,4,1 # cft deg4 r=0
11457391,59664350,167473612,244479668,262222287,249582625,251425637,212912771,128822535,43098798,3242503,-6587560,-3734781,-1933599,-283689,-88931,79231,15451,17442,2628,1542,170,65,4,1 # cft deg4 r=0
98851,173980,958795,948107,1480980,1307644,2150435,1005020,1443156,708942,753956,266646,293834,76716,76046,19892,13972,3704,2172,424,292,29,26,1,1 # cft deg4 r=0
22843931,-15194371,32119503,13873275,-2876025,768180,-16335527,2260012,-6040614,-385862,1746834,-1433911,2165841,-870700,842191,-270516,180900,-45603,22531,-4038,1577,-164,58,-2,1 # cft deg4 r=0
521,-4797,30873,-104051,252438,-470999,694486,-837757,847983,-767410,654114,-528130,405015,-280171,178389,-97435,49569,-20571,8368,-2547,834,-172,45,-5,1 # cft deg4 r=0
134595661,37631341,-201558348,-137548350,284246157,386336073,79210327,-128190895,-68047939,18933794,19570292,-1130934,-3340334,-146687,392158,-8307,-28868,1816,3439,-814,-42,23,12,-5,1 # cft deg4 r=0
92011,-189938,173270,-90015,227405,-162796,118726,-148585,64363,-47765,52703,-30864,24054,-12188,10139,-3253,2199,-1356,93,-269,63,-2,14,1,1 # cft deg4 r=0
71,48,2115,-4828,-9576,-26365,132588,-155764,252842,-220591,223287,-170803,133726,-85678,60107,-29221,19731,-6636,4276,-917,551,-68,37,-2,1 # cft deg4 r=0
248272211,109159927,-248625644,-53728061,153576787,28980374,-62301176,-11959663,23846918,4596218,-7389407,-1269592,1909701,201849,-358933,-4765,55077,-2364,-5535,775,386,-54,-10,1,1 # cft deg4 r=0
1958028691,-1780339941,2545346603,-1293054585,1475061070,-279977190,269833138,96677427,-28631239,72928153,-15107906,13688389,-223419,-56085,846556,-363076,197485,-63158,19331,-5668,1027,-234,43,-2,1 # cft deg4 r=0
47641,-275437,1215363,-2944401,6157108,-8459214,11096401,-9941247,9684693,-6220760,4705414,-2438655,1396580,-676466,296064,-144865,56234,-23481,8718,-2542,719,-177,35,-5,1 # cft deg4 r=0
2778611,48769713,270002056,48664719,345367871,83403610,198109681,63812204,78920779,22224102,24143668,4661307,5160468,671087,808256,25277,109243,-8692,11216,-948,773,-25,43,1,1 # cft deg4 r=0
298871,2290063,3185715,-944043,13448854,-12532060,21821868,-17224004,16911042,-11019251,7325477,-4072903,2007736,-1011903,406742,-180026,68681,-22616,8741,-2307,676,-128,37,-2,1 # cft deg4 r=0
570380701,384822614,685238186,1346053414,1647519030,1239479605,692437499,273488592,99570818,47751684,37106537,28137653,17264522,8621394,3574260,1259435,389623,106093,26940,6032,1321,220,43,4,1 # cft deg4 r=0
803821,4118836,8710625,10168543,6482037,-58359,-4624583,-4861383,-2325182,16304,823414,599496,211495,24695,-9020,-815,3330,2583,1408,620,199,41,11,4,1 # cft deg4 r=0
2472017,-2199996,2241666,-506556,25584733,53122264,101713472,131079324,146009743,131809220,103670098,69751360,41165531,21207144,9626382,3839700,1352045,416084,112320,26184,5247,876,122,12,1 # cft deg4 r=0
15876,0,23418504,0,-5916978,0,6248436,0,952345,0,-632664,0,-200780,0,-12888,0,8514,0,2256,0,334,0,36,0,1 # cft deg4 r=0
609486991,2462521788,4535654602,4938678964,4497147952,5458857265,7531490355,8353760721,6953739853,4427097243,2211064211,873297036,270973630,65212452,12143703,1955202,388400,81013,7445,-2972,-1521,-261,9,9,1 # cft deg4 r=0
2018566781521,9157274183228,19997350475502,27668110576289,27076812747347,19868570999305,11376707958000,5203894274801,1914903919913,554648615518,119231580776,15625839666,-243558730,-766723443,-198562127,-23084778,1552695,1101948,215225,14193,-1156,-251,29,9,1 # cft deg4 r=0
216435642736,-402578227504,750486109352,-909120350314,842574293151,-518538833072,212249945276,-40269586313,-6533196111,6494514468,-1132814737,-265463102,172941710,-37385353,10327976,-3809398,724796,-25345,10579,-8736,1783,-134,-16,3,1 # cft deg4 r=0
7348730171,-5014519665,-2094629059,-1366814209,10985660907,7122973618,11976285192,4525275702,4289111886,813505022,699739233,11758011,68856779,-5922467,7922683,128326,699340,-20046,7654,-7988,-573,-217,17,3,1 # cft deg4 r=0
155247331391,-302088884955,121392195316,110260379858,-60986940015,-46202667734,23799096665,13361076448,-5412759980,-2781494387,577569403,458905457,-11223428,-46088061,-1036500,2988746,104421,-135454,-3052,5741,676,-234,-37,5,1 # cft deg4 r=0
25065221,218891856,795394253,1246223178,1020642873,78212210,186263416,17730995,47950949,2340021,-7906854,1943822,2033792,-36852,-44030,102709,4000,-12863,672,1503,180,-62,-17,3,1 # cft deg4 r=0
40247065179421,-85066778950180,95524858263865,-68732173259671,36013049973085,-14218721076613,4362321661230,-967394424535,152950374001,-10555364999,-829488016,1670006147,-215491706,16816243,30313099,-5211,2040382,266657,100978,14238,2667,752,49,7,1 # cft deg4 r=0
538845776017195,1080253175166860,1004117881568840,555620973657530,202328860860871,52327023770622,10919124733019,1934814517443,218086160072,13394571592,6436216494,-491643672,-1188797988,-191863688,1901354,-6703017,-1835993,79282,5034,-5827,2057,497,14,3,1 # cft deg4 r=0
141316016,445310384,2335189032,3522488638,5376671613,5484040193,6977355234,9599616986,9112920088,5576758195,2374721941,652081080,92999675,-7681243,-4878484,-1025620,214749,141242,44972,6631,-696,-491,-45,5,1 # cft deg4 r=0
204844604501,-1089446315274,3074260877076,-4198711529766,3713119676241,-2208872264812,953104541658,-291324559669,68428555281,-11463832040,1881724356,-52907550,-2676761,8077991,10614778,-2978712,1296010,-145323,59251,-2236,1043,268,21,3,1 # cft deg4 r=0
304929941,-2250461102,7087692579,-13004268572,16607265722,-15345495476,10542957909,-5091500809,1472682035,95807312,-348458649,213040533,-66873990,12519854,2904234,-1406841,744370,-189822,75376,-18507,4572,-766,126,-9,1 # cft deg4 r=0
12480467081,-12444374009,9986692814,-4264826675,10152873432,-2345706399,4790006175,-2217925473,1483241350,-970657305,411999192,-229404735,87436203,-32452858,12025235,-2714201,1056729,-131567,63641,-3512,2695,-27,73,1,1 # cft deg4 r=0
61313605331,-31096534931,-41752727715,48281603620,46185380610,23564355869,7686874691,478059423,1563374342,-29834825,563976503,-52926898,38435836,-11655111,-1800076,184931,-166450,107487,2303,3855,726,-74,34,-1,1 # cft deg4 r=0
27150193106791,57159037229234,35834165668471,-2911850384223,-10157889505309,-1298745239076,1440663619143,255993417467,-124217388188,-19095723148,11481687452,-981436380,-106688487,20502758,-9099878,3773272,945564,-193354,-40531,-385,1689,201,-47,-6,1 # cft deg4 r=0
326101051,-295329267,1036673029,-1788026803,3044528090,-3257942242,2823573665,-2072925582,1639987574,-1288183515,898253372,-500134368,212442504,-70981178,22223656,-5575646,1584827,-259284,87072,-6188,3499,-24,86,2,1 # cft deg4 r=0
90172091,-573448493,1293074659,-1410972068,1404840006,-2044587613,2234177333,-780278792,-84803035,-145962149,111480376,-8769644,2752672,524149,1588399,142988,167547,52971,16455,3103,894,225,13,3,1 # cft deg4 r=0
71589392,164811024,220221256,-34279478,109078361,313830009,538452724,439825916,366842346,144729887,66967305,9269948,-71541,-1480721,-293871,-80861,48195,9712,4001,-223,94,-72,20,-1,1 # cft deg4 r=0
30971782224,52271064144,37889254392,14163370470,5534885305,3296363689,717173692,-433442765,65229954,249711746,53654709,-41059061,-4552689,6515609,738615,-654731,9165,30725,9117,-7202,1650,-103,-26,-1,1 # cft deg4 r=0
571420118704,-276157891008,-99976498240,60420153144,15999803080,-27498189696,4326767700,8569616096,828371284,-1580840998,-461403420,6465860,40197487,16724837,7379658,1637440,165187,-17548,-813,-1944,-163,26,30,-1,1 # cft deg4 r=0
3897894287,-6424511618,11232949158,-12876710312,13884165797,-13115200256,9898713261,-5678867445,2418085428,-783700106,160723912,3876996,-23017170,12334136,-3454286,546225,27585,-22734,4904,-397,573,-217,64,-7,1 # cft deg4 r=0
2202884,832352,6336024,-961744,7248630,-2738096,7177380,-3078960,5889161,-3313208,3561400,-2336016,1630948,-1044520,576128,-316272,131122,-47720,14320,-3008,630,-168,28,0,1 # cft deg4 r=0
201866096,3344140800,53061738304,-91092311104,218099389840,-275002728448,314750343264,-256054378144,179967930180,-98636764832,46979442208,-18233983088,6246501012,-1780040080,457446296,-98744496,19998963,-3398472,576452,-77552,11188,-1072,136,-8,1 # cft deg4 r=0
6650819281,9080599656,50742751396,21890045872,48019425140,18746741400,11187851292,8595638312,1197997468,1535294256,1037438748,327814096,202695946,63776728,18280876,7331264,1154943,384224,76528,2024,4212,-344,120,-8,1 # cft deg4 r=0
383846464,0,8916950272,0,35563940672,0,35964321600,0,17375746960,0,4845305472,0,846521496,0,96063856,0,7132880,0,340120,0,9882,0,156,0,1 # cft deg4 r=0
