# IGP24 class field sweep: deg6.
-211,621,-10927,-13746,134096,189905,-190217,-348106,113136,324312,-13734,-177526,2431,80590,-2656,-28720,2095,7543,-733,-1290,157,132,-18,-6,1 # cft deg6 r=4
90935296,0,463220736,0,607323136,0,384024064,0,164337856,0,50798976,0,11823200,0,2083928,0,273657,0,25732,0,1614,0,60,0,1 # cft deg6 r=0
-377584,-535584,-219584,-262624,-59128,1123744,1288988,138704,-358511,-391894,-180329,-178698,123911,156826,-4090,-49776,1177,8172,-2948,-192,504,-32,-32,0,1 # cft deg6 r=8
-1289,13092,-43716,91998,-166247,299742,-426715,367640,-60754,-474652,1164097,-1746752,1928956,-1670682,1179149,-675572,299722,-92178,13753,2554,-1873,358,3,-10,1 # cft deg6 r=4
-4813031,-1199238,43521945,99294670,-67417828,-197399668,29191295,182186950,6852833,-104168036,-5740643,40960462,-3056802,-9430558,2102376,1114192,-448454,-42892,44570,-3680,-1961,424,14,-12,1 # cft deg6 r=8
-6161879,-40772482,153501035,-112641314,-123566237,181052904,26115553,-126870694,19907825,55148030,-21131550,-14428900,9655109,1556630,-2502453,267264,344838,-113144,-13874,13144,-1572,-492,179,-22,1 # cft deg6 r=4
1151056,3071680,4869712,2819504,-381508,-2914848,-1686676,112188,992065,122706,-40150,-177094,8464,64196,-8904,-3054,-2971,-1564,2132,-234,-312,114,6,-8,1 # cft deg6 r=0
1365905,-2336970,7263334,-13508974,5143831,10638362,-9279473,-466708,4188734,-1455546,-447415,508816,-141712,-64916,41421,-6670,-5098,3900,163,-518,187,-6,-25,2,1 # cft deg6 r=0
4037491,-32866800,90538153,-101765794,85096748,-255270898,402670834,-161071694,-121198426,112848792,-17087289,-16842414,11795910,-1369410,-1888538,804202,50438,-112712,20069,6726,-2852,134,96,-18,1 # cft deg6 r=4
411461,548738,1069900,-1553186,-1649758,1664542,1706947,-1186496,-1326183,473504,1134522,-456612,-505913,286266,115634,-97794,-10723,19720,-933,-2338,335,150,-31,-4,1 # cft deg6 r=4
-1264,-8752,-21616,-14080,34992,69344,-3744,-139552,-163160,-47208,44280,45536,29712,28576,23056,7848,-3747,-4663,-379,1360,501,-58,-42,0,1 # cft deg6 r=8
555025,0,-1341745,0,1800434,0,-1240051,0,354664,0,107983,0,-112516,0,3087,0,5296,0,293,0,-54,0,-1,0,1 # cft deg6 r=4
152275,-993805,-1563841,-4717420,-3225652,-10954323,-1763951,-5516260,-1480111,3054185,456645,10136,925621,-533175,-613671,338566,127609,-100137,-261,11948,-2332,-318,168,-22,1 # cft deg6 r=4
3481,-2124,-2785,9626,10918,-634,-22902,-36680,-5561,30104,30828,11654,-11595,-13802,-1101,2690,503,-268,223,206,-23,-56,-8,4,1 # cft deg6 r=0
1351936,929792,2410624,-1273472,3280224,-2405792,4260848,-3699680,4893500,-3672484,3007782,-1463826,761373,-106206,29584,52552,-10816,12238,1722,302,648,-164,46,-12,1 # cft deg6 r=0
1105729,5938624,16864218,27536412,24254401,7581550,-6117937,-7605482,-2240778,1662906,1722563,243560,-447146,-219154,53247,61650,1826,-10038,-1653,1034,277,-64,-23,2,1 # cft deg6 r=0
-115309,3235,632449,552160,-1406141,-2549182,452256,3103478,832364,-2133355,-1164797,916228,816335,-261062,-346340,61582,101184,-9437,-17555,1008,1599,-76,-66,2,1 # cft deg6 r=8
-1424,6088,-6304,-12668,31963,-15926,-20953,40922,-19922,-17070,23029,-2122,-12774,6064,3119,-4134,172,1546,-413,-378,128,58,-17,-4,1 # cft deg6 r=8
15089,-19969,-66093,135350,11669,-106602,140786,-340416,422490,-165867,8353,-23342,41065,-6366,16702,-4780,3150,-1453,-281,-126,161,0,-12,0,1 # cft deg6 r=0
152881,-86411,55595,252494,1102,-11443,180003,188864,-103643,44333,167817,-45084,-8847,24031,20581,-11300,-2159,3381,-79,-674,112,58,-10,-4,1 # cft deg6 r=0
11546929,-32350660,-19742833,172657830,-7781142,-370834454,-100425743,261959158,98929189,-90860810,-34176781,21736994,6118598,-4200062,-646508,627000,40772,-64396,-802,3944,-449,-280,14,12,1 # cft deg6 r=8
-642101,2092912,-4857870,11589150,-14497985,-1723420,23284285,-18448732,-4877700,12902330,-3052871,-3868748,2055894,548496,-585435,-156,104900,-12896,-13475,1738,1109,-96,-51,2,1 # cft deg6 r=4
25876,106600,243816,419680,382921,-714486,-782440,578692,2481901,-3916906,2542854,-287166,-535179,235594,76322,-77410,8305,11368,-4126,-446,493,-44,-28,4,1 # cft deg6 r=0
153845,317210,1011024,2184330,2475673,1390576,320395,-41660,-12992,-40220,-71743,-41852,9914,9830,4741,-3250,-84,-426,371,46,33,-28,-11,2,1 # cft deg6 r=0
-16816,81344,-28720,-354144,611904,-1126032,3205968,-2205744,-7105140,9830832,4178324,-11378224,-354016,5999064,-504632,-1620820,198753,231638,-32255,-16850,2572,546,-88,-6,1 # cft deg6 r=8
1,0,-307,0,-7717,0,-24929,0,-38514,0,-34395,0,-18153,0,-4431,0,774,0,867,0,227,0,25,0,1 # cft deg6 r=4
-26388125,113645875,-194869925,131683480,55031501,-154902420,72053030,46584632,-59138293,5149464,20753758,-8561152,-3647753,3096479,156499,-619858,70438,74055,-16031,-4942,1462,164,-62,-2,1 # cft deg6 r=4
16,-120,-840,764,5379,152,-12327,2216,-6497,-8052,11644,13736,872,-5634,-1648,-816,429,456,39,34,-8,-34,-5,4,1 # cft deg6 r=4
110111,-293692,701489,-961232,1638781,-1669702,2118419,-1779978,1861853,-1338074,1156536,-718378,523973,-269646,150079,-61672,25114,-9622,3122,-1026,348,-74,15,-4,1 # cft deg6 r=0
-2225,11725,10725,-157800,203330,364835,-827465,-92590,868106,-25252,-317896,-246652,23285,310508,-19662,-148544,24833,33899,-8529,-3548,1147,136,-56,-2,1 # cft deg6 r=12
-13225,-50025,240225,516600,-1190280,-450725,-913705,-1747590,5943256,2173622,-5975564,-1294108,2880265,533296,-838714,-141008,157709,21997,-18929,-1956,1381,94,-56,-2,1 # cft deg6 r=12
-1598279,-2034402,-1974300,-3766740,-3695547,-1819498,-1681747,-1031958,-287373,-253976,-194647,-141668,60665,102742,102872,53286,22677,5276,-24,-494,-320,-76,-11,0,1 # cft deg6 r=4
149,92,-2993,-2616,32599,-8818,-68237,37878,5099,-32934,69488,13746,-16669,-7216,-16984,-16076,-2261,4032,2535,436,-200,-110,-6,6,1 # cft deg6 r=4
2131,-97294,182766,641488,27560,-697752,-391839,247354,198100,-90268,84350,139888,-60597,-127380,-1912,52832,11624,-12326,-3969,1726,572,-132,-38,4,1 # cft deg6 r=12
-16,-8216,53496,-67564,-147237,428946,-328032,-40780,166891,17012,-116584,-3518,72378,-11010,-31817,11434,12151,-6066,-3124,1350,463,-126,-35,4,1 # cft deg6 r=12
1,-10,-1,216,-233,-1716,2741,4912,-11637,-3262,21266,-8228,-15729,15100,1440,-8980,3227,2518,-1505,-452,320,46,-36,0,1 # cft deg6 r=12
-2879,41122,-244835,769956,-1289393,797312,852882,-1692534,389429,1008880,-507271,-464954,303719,180102,-137946,-41670,38973,5550,-6719,-418,704,14,-41,0,1 # cft deg6 r=12
55049,-397091,832271,-253050,176028,-21127,-7499,-27380,-43368,24850,-29868,-19714,8533,2938,-4212,-108,1449,103,-45,44,21,-2,-4,2,1 # cft deg6 r=4
8256295,39693275,90514385,136615020,165438711,174146562,148829596,87390030,21908570,-13392663,-16939853,-8410576,-1934619,283846,489178,265178,93134,20647,1623,-928,-581,-160,-8,6,1 # cft deg6 r=0
15920,-67280,271280,-742840,1103536,-523368,-818754,871468,803947,-1138053,-445239,798664,186409,-341680,-56734,81246,13360,-10301,-1257,792,211,-62,-8,6,1 # cft deg6 r=0
29819,-76433,-375381,1236734,-512312,-1138251,977099,-859962,1275044,-633092,464424,-412994,665,-5998,56528,1372,-1395,-4877,579,422,175,-38,-22,2,1 # cft deg6 r=4
1373264,-14096272,35387900,11300652,-57134647,15471876,27696795,-28529260,2531654,18951162,-8253645,-6798812,4070615,1449304,-1100166,-187614,188222,13990,-21084,-458,1519,-2,-63,0,1 # cft deg6 r=12
251,2416,6335,-32854,-382179,-1751872,-4299021,-4814138,724083,6824632,4077436,-2098628,-2308709,56388,426144,62284,-4307,-8976,-8661,378,1160,-4,-58,0,1 # cft deg6 r=12
-628480,-2382080,-31296,180672,-3100608,3182976,-3491652,2951736,-2870335,2233988,-1544040,858798,-452739,244394,-133733,58284,-19458,6774,-3335,1328,-205,-70,45,-10,1 # cft deg6 r=4
144395,585640,333369,-758536,1459878,-565990,1308744,-720246,720226,-198486,245243,-117498,82536,-52164,52121,-38492,22444,-9450,3520,-1126,344,-94,27,-6,1 # cft deg6 r=0
-33104,204448,-765880,2033702,-3452277,3639526,-2013816,-137912,1099280,-616576,89404,-273546,582373,-447710,68040,101966,-69322,11048,7398,-3852,229,222,-38,-4,1 # cft deg6 r=4
3275,-73150,623000,-2748860,7780494,-15212500,21608825,-23034342,18861944,-12064002,6108514,-2524232,992695,-496310,311692,-187672,93018,-36272,11529,-3228,854,-236,64,-12,1 # cft deg6 r=0
34849,-474490,795298,-1695872,2222800,-2757076,2859135,-2643286,2273624,-1721160,1232812,-821954,486845,-269628,138498,-62376,27424,-10750,3985,-1154,378,-86,22,-8,1 # cft deg6 r=4
2335981,1417128,5046065,-3418620,747517,433756,-2573977,577972,3198485,-2717588,-1499910,2290200,804231,-714328,-568532,214432,124135,-26720,-16371,1740,1258,-52,-52,0,1 # cft deg6 r=4
101375,-68825,50205,529940,1166781,1304338,1301980,1060086,839595,615730,440612,261956,114455,34223,9869,4948,2382,509,-57,-104,-62,-12,10,6,1 # cft deg6 r=0
5119,720840,680066,1499024,144232,938508,538322,-74800,413198,277596,-38280,-182820,57704,126528,-16258,-34824,648,6444,1622,-472,-414,-36,40,12,1 # cft deg6 r=4
89,586,-1355,-8984,12032,60300,-163283,185520,-176129,134608,2485,-115398,109924,-58386,21642,3054,-12032,4960,830,-778,115,24,-24,0,1 # cft deg6 r=12
-944,69056,601616,2496896,6290380,9768416,8526540,856904,-9050955,-13837800,-10539144,-3634468,921640,1623276,676762,14064,-98726,-35980,240,3352,661,-100,-46,0,1 # cft deg6 r=8
1,0,66,0,463,0,740,0,-497,0,-286,0,-1133,0,-718,0,1246,0,258,0,-104,0,-12,0,1 # cft deg6 r=8
14005,-592140,-1170446,175830,3596443,4202372,-383574,-3702718,-891629,2836554,2112160,-427662,-896638,7826,356784,117762,-46097,-32534,-450,3568,555,-190,-42,4,1 # cft deg6 r=4
2566736,14701344,42041296,75523456,94474356,87296096,59814380,29089568,9757025,2495472,932246,732536,477921,157476,-17886,-46480,-22960,-2932,3066,1540,1,-144,-22,4,1 # cft deg6 r=4
44816,116768,49104,16128,-604468,-1817368,449900,4458032,1155093,-4948526,-2430748,3017864,2139847,-803626,-833998,88276,175328,-1066,-21988,-510,1648,28,-66,0,1 # cft deg6 r=12
1263209,3283618,-4239635,-8914564,12314343,7776250,-15191466,-3108378,7406376,9147740,-11534071,-3820476,10879705,-4714520,-1106992,1537638,-341002,-102770,60724,-5344,-2472,594,0,-12,1 # cft deg6 r=12
-13004,97876,684102,436906,-4288763,-11918586,-12714896,-4117146,3483315,4100908,1769818,157108,-286547,-152512,-14164,17482,7869,-4242,-3166,590,559,-24,-40,0,1 # cft deg6 r=12
6901520,-31351040,44864336,-3620192,-30356580,-633664,23658444,-277936,-17893735,5783732,6116010,-3767092,-537218,1292830,-326788,-266968,127040,32984,-20516,-2294,1733,70,-72,0,1 # cft deg6 r=8
-83131,-58532,1158651,-2199154,833987,1717156,-1966578,526890,80325,-290542,663263,-298052,-362097,294638,73546,-112642,1245,23136,-3469,-2528,620,128,-43,-2,1 # cft deg6 r=8
272045,50180,-4702746,8634954,-5947179,-3081738,21578666,-9191058,-24851430,11174254,19066184,-3399232,-8755630,-667622,2121498,559474,-240646,-115890,6238,10514,1015,-368,-64,4,1 # cft deg6 r=8
-2863424,9238656,-12749536,15199360,-20058112,19195904,-13600504,10428944,-6787008,2057880,-28586,-145324,374947,-374714,78371,68906,-38228,-1642,6959,-2026,-184,210,-23,-6,1 # cft deg6 r=4
384145,124430,-219956,55312,2554348,5628464,6418984,3396258,25135,-1260498,-741682,-128582,115943,120614,68958,4074,-21117,-13352,-544,2392,496,-146,-36,4,1 # cft deg6 r=4
-1187024,-2802544,3418424,9171032,-4545328,-13558908,3806898,11536490,-2008891,-6209462,501115,2230482,73175,-549116,-95312,90044,30548,-7556,-5074,-362,523,126,-31,-6,1 # cft deg6 r=4
-11504,-21184,335904,-1031976,-1056896,-2429736,9144398,-10874346,6690645,-1601288,-593634,259260,458643,-397294,-32952,169810,-73100,-948,10070,-2744,-173,210,-26,-4,1 # cft deg6 r=4
-3799,-15648,-58521,-108956,-176754,-242290,-231857,-181524,-121557,-5362,41719,18394,19908,21110,4042,-2282,3194,-1088,-74,-42,-133,-32,-8,0,1 # cft deg6 r=4
53742400,-36435200,-34229920,83163360,19583104,-76118672,7963764,50970964,-13104951,-23176088,7922943,7955120,-2744599,-2093764,599054,417934,-80307,-60568,5454,5876,10,-330,-24,8,1 # cft deg6 r=4
176078689,608650986,858596782,605692018,234501189,154183436,224262090,181231352,53996749,-17284200,-15092136,1696862,4719981,1181144,-536222,-330092,9375,54914,15762,-664,-1176,-152,36,12,1 # cft deg6 r=0
2342429,982770,1065247,1028490,1778948,2624764,-555231,-2280110,-750851,393902,571337,154476,-195268,-78680,60932,26238,-10824,-5586,1050,810,-7,-48,12,8,1 # cft deg6 r=0
90521296,214637024,-74006740,-532202912,-80525191,538568524,171909734,-297825662,-110869197,109659824,40518680,-29781574,-9535347,6091886,1540554,-957334,-159643,110154,9552,-9192,75,430,-34,-8,1 # cft deg6 r=0
1003664,-1306464,1498624,-1174336,2188972,1723464,-1312776,-1961088,-1003495,1070650,2209023,1141288,-285265,-492898,-77096,93816,33417,-10114,-5744,602,574,-16,-34,0,1 # cft deg6 r=0
68881,206994,461782,721164,1492230,2580394,2745136,1084252,-652767,-718734,273795,590360,154191,-156316,-74395,38748,31112,-2686,-6067,-262,642,48,-37,-2,1 # cft deg6 r=0
172880,-1681920,6532736,-12687904,11106060,2756736,-16946768,16054656,-2996547,-6266132,5097973,-324348,-1446347,627924,133150,-163290,16509,20622,-5632,-1362,648,38,-38,0,1 # cft deg6 r=8
484921,-270020,-1360925,2088880,570625,121134,-5660534,3396954,9071772,-10203692,-4406247,8256896,427929,-3389044,225076,920286,-19498,-153368,-14106,11204,1762,-354,-72,4,1 # cft deg6 r=8
1289,1762,-43569,124142,896796,524528,-2823685,-4429292,-342961,2922604,1209412,-784560,-668525,-35728,135525,18444,-34383,-14894,1566,3512,793,-176,-59,2,1 # cft deg6 r=8
-59600,779200,-3910320,9490640,-10890816,2102232,8282884,-7289956,-1051339,4137034,-1070680,-1216046,728586,139644,-217960,23018,36118,-11288,-3422,2002,209,-192,-16,8,1 # cft deg6 r=12
-42316,-67424,83386,-171460,-1525447,-2683454,-1938897,-964402,-1059692,-423570,422787,247058,35931,68124,21738,-25472,-19485,-2186,3313,1294,-64,-146,-23,6,1 # cft deg6 r=4
9721,-36808,-195057,-433466,-708046,-561832,-457509,-217756,-287269,-166888,26005,124716,-60126,-94254,-1650,41806,4708,-9050,-2254,1076,401,-50,-30,0,1 # cft deg6 r=4
4156624,3813920,-3269600,10032032,2785480,30652144,-1284272,4004224,-1856467,3151122,2043634,-2561290,268553,-546564,429240,-35396,-40207,28808,-8288,-2138,1203,42,-56,0,1 # cft deg6 r=4
254141,-414168,784870,7242442,-7409460,-14604586,20511264,4368998,-16632660,2576558,6377558,-1560180,-1806605,380698,561126,-168846,-96885,43452,7008,-5442,21,332,-28,-8,1 # cft deg6 r=8
42025,0,-2022120,0,4818944,0,-4682350,0,2395794,0,-694798,0,124651,0,-25150,0,8879,0,-2408,0,371,0,-30,0,1 # cft deg6 r=12
400336,2331616,6418592,10251344,9883256,4995080,-702064,-2841436,-1662443,104764,667226,252504,-149211,-162724,-12174,36440,9668,-6484,-1958,904,329,-92,-22,4,1 # cft deg6 r=4
625,-12000,74345,525000,-1236569,1716486,-2943598,2193944,1269260,-2881476,754883,1492434,-1196481,-114494,468346,-124928,-66322,36984,1262,-3982,446,196,-38,-4,1 # cft deg6 r=4
3725,-21990,-190736,-271862,-59621,45144,856442,-806284,881801,-658272,-606298,1165252,-843911,548812,-281728,50374,17012,-9366,3548,-748,-496,246,-12,-8,1 # cft deg6 r=4
-72055,-73490,-459869,-1586320,-3112071,-3483668,-1417840,2019718,4276390,3889756,1685055,-515838,-1514479,-1259306,-485796,53754,163944,78542,10564,-5038,-2506,-362,22,12,1 # cft deg6 r=8
4869824,24268544,62495008,108539104,135351280,118014128,66217196,18241052,902845,5954084,10911500,7643832,2151448,-197544,-62938,294984,242346,81916,5320,-5868,-1939,-68,78,16,1 # cft deg6 r=0
816841,-854992,1606099,-2892862,1897442,-2056018,2102765,-11822,292837,-997174,72551,87138,138678,-9498,-40644,6328,12264,-3028,-3638,444,567,-16,-38,0,1 # cft deg6 r=0
2269,1708,132924,209280,-224776,438028,576780,-1476758,2851401,-2472028,1051151,256016,-468181,160156,31465,-42690,5984,3680,-1735,2,266,-24,-21,2,1 # cft deg6 r=0
-79,3437,-5858,-95719,-190157,84465,654834,559050,-347145,-682681,-139628,61706,-113636,66366,233718,72110,-67864,-44797,-1329,5026,935,-190,-56,2,1 # cft deg6 r=12
283379,3427461,13115142,-10716799,-80974403,29473377,156362898,-79345952,-115161611,74574979,40881758,-34657866,-6943716,9257210,210150,-1504422,129250,148999,-24319,-8516,1955,240,-74,-2,1 # cft deg6 r=12
-149,-27201,-80097,-2192,921292,9701,-3811433,-1150426,5405420,1601208,-2220674,-2136160,222401,1414636,-24714,-441664,26001,72085,-6939,-6488,801,312,-46,-6,1 # cft deg6 r=8
933484,-4164452,9858316,-15474848,15992755,-12141889,6577819,-1495420,-53311,-720042,1035402,-860106,497221,-31148,-79346,-22832,37661,-11145,4015,-916,-239,-30,6,8,1 # cft deg6 r=4
4171025,7932650,6547625,4570100,5214160,4911130,2333440,1068490,693884,689484,272175,-224808,124170,120884,-68269,9294,21336,-6330,-420,1124,-288,-10,25,-8,1 # cft deg6 r=4
-364655,479955,1581355,-742650,-3168414,-1310527,1426351,1876868,1447756,1101980,605060,183224,36137,17660,8574,-1028,-4179,-2827,-977,-178,-53,-44,-12,2,1 # cft deg6 r=4
307495,-2469475,4300925,-4730030,6077536,-5807761,855191,1638624,349108,-920496,-145136,70316,107541,59912,15162,-8052,-4803,-1201,7,266,133,-44,-20,2,1 # cft deg6 r=4
299791,-654130,-1347447,3655074,330321,-3859190,-434995,2870122,910127,-2148748,-691036,1031396,464647,-351676,-190876,76708,49617,-10222,-7975,750,776,-24,-42,0,1 # cft deg6 r=4
-79,856,-11161,11886,-17223,44148,20258,-38038,-39643,-45434,35363,85306,3067,-55476,-10852,19244,4479,-5802,-2007,770,388,-36,-31,0,1 # cft deg6 r=4
-2225,7250,10940,112740,186704,-823742,-459555,3488880,2435392,-3429676,-2247598,1697678,982353,-532068,-280590,105852,57080,-12552,-7913,852,734,-22,-40,0,1 # cft deg6 r=8
13249,-126798,487222,-1269070,1204027,3344008,-2646796,-4507212,1017152,1702374,-1804478,-1119052,1548354,1081850,-429568,-359652,59880,37988,-4396,-186,-1391,402,8,-12,1 # cft deg6 r=8
1787969,-4201494,-18673146,-9568052,9521824,-8394542,-26075385,1012910,22826834,7037828,-6580984,-108848,5189071,1748518,-1082304,-631008,69018,81526,-2707,-6384,480,260,-32,-4,1 # cft deg6 r=4
438409,-3546630,-682446,14261150,349686,-28242606,-7591202,15784122,7517637,-2525470,-1225200,-1220158,83273,123148,411200,-314270,112303,-27180,4054,-1292,939,-430,114,-16,1 # cft deg6 r=4
8900,-40700,176570,-341490,761791,-952804,1329497,-1233494,900156,-692836,456156,-265754,157047,-84940,38110,-16036,7823,-3302,999,-314,96,-34,22,-8,1 # cft deg6 r=0
857501,-1271984,-567149,128756,2956820,-460344,-3301367,80248,2206491,186574,-739609,-290922,192460,77286,-13726,-25198,2036,4046,3892,-702,-45,-108,64,-12,1 # cft deg6 r=0
-64081,91612,56747,331934,502685,560980,613919,589848,574979,470692,388710,289382,214218,149458,96823,51774,23923,9298,2957,790,215,44,4,4,1 # cft deg6 r=4
1468589,-8800730,15572067,-18030222,10473558,-1351018,-4594558,7228356,-7786889,7754536,-4904274,2100344,-55028,-357496,323548,-155636,56491,-8158,-377,22,78,-78,74,-16,1 # cft deg6 r=4
2851,25507,75101,89570,91975,120666,682,197622,-121560,206873,-125665,106222,-12873,258,19458,-10350,6588,-641,-207,502,-149,48,4,-2,1 # cft deg6 r=4
6775,93960,506156,1546272,2619930,-1868812,-8381512,-752980,8087384,-1699176,-5960476,2230632,1811996,-1169288,75880,20460,-29210,55704,1792,-8836,160,548,-24,-12,1 # cft deg6 r=4
512656,0,4727748,0,1549713,0,-662750,0,-840913,0,-387472,0,-83967,0,-1106,0,5213,0,1744,0,291,0,26,0,1 # cft deg6 r=4
-73069,-146695,110563,254346,-54292,4885,375573,109134,-305234,-33140,242060,13822,-132990,-9917,50315,6606,-13916,-4179,1827,1018,-68,-122,-10,6,1 # cft deg6 r=4
-1431491,1121530,5480995,-6269966,10567519,-20989402,-25571649,77666682,-11185169,-72478412,39494736,22510444,-21979481,-759916,5050908,-791288,-568461,156162,33295,-13882,-680,616,-18,-12,1 # cft deg6 r=12
5371,222740,-560938,-984600,2240376,1597340,-3980441,-1606450,3653410,1042590,-1945240,-453110,675141,163460,-187050,-39180,42052,4190,-6087,-230,588,0,-34,0,1 # cft deg6 r=8
149867024,-51493792,-223993856,95700176,-185080200,-52916296,13305608,17015340,-24639995,-13225900,11901526,-4094800,-423195,1177188,-371252,148092,18526,-1028,5462,-1216,828,-252,72,-12,1 # cft deg6 r=4
26644,-162368,296244,-257376,1317821,-2327916,715633,949838,-339216,-212280,-129158,80372,140343,-52502,-47944,20472,10953,-4180,-1765,640,260,-64,-20,4,1 # cft deg6 r=0
6896336,-5761472,32408144,-17059360,55259096,-17965616,45774316,-10110120,22689937,-4413536,7999594,-1248180,2340819,-30612,630836,65820,117241,6988,8004,-2500,119,-152,26,0,1 # cft deg6 r=0
595225,-5462550,21023485,-44135660,62133914,-48076246,26369223,500396,-6134447,2852202,-184633,-1272014,150820,-62332,-102720,25798,31990,11320,6138,2342,57,-180,-28,4,1 # cft deg6 r=0
-316,-368,968,-17852,15552,5484,-105702,200606,99279,-23562,-589035,444834,141857,-125082,-18689,4980,-72,-1302,971,1384,-97,-230,-18,8,1 # cft deg6 r=8
-1,-15,-67,-98,400,1165,-623,-3688,-726,5354,3484,-3520,-4512,509,2897,472,-1176,-433,277,216,-34,-52,0,6,1 # cft deg6 r=8
-2910464,5038976,13297520,-28288640,240473,42490648,-29577398,-27955516,38353839,5933116,-22873684,3225392,8404173,-1618216,-1721014,446024,281701,-52168,-31288,2660,2047,-36,-66,0,1 # cft deg6 r=4
-27100,-65800,-80640,-50200,131466,240092,-110876,-191282,223201,264534,-986,-41300,133304,163430,43976,-1856,6095,1010,-2268,-374,348,56,-26,-4,1 # cft deg6 r=4
571261,-1057058,2352211,-3809266,2660362,-1866646,4634058,-2495084,3102071,-1711820,1937342,-1056924,824700,-558940,300752,-174744,56955,-30898,11295,-690,810,-110,-58,4,1 # cft deg6 r=0
499,623,10681,-21534,43179,-44228,43776,-55906,125643,-219682,276342,-233656,128514,-38068,6480,-5296,10673,-8381,4657,-1530,211,56,-32,2,1 # cft deg6 r=0
242756,-393304,765988,-1489248,1138125,-101158,19647,-360034,-59140,30318,120868,110778,47273,28520,19206,-596,-10167,-4740,791,1054,90,-98,-18,4,1 # cft deg6 r=0
1922845,-12971330,46251326,-123235252,237156616,-298834158,251748144,-144256654,48222024,6734752,-22315734,14069056,-2324197,-2171816,1359338,-96884,-166677,50776,7524,-5566,181,322,-28,-8,1 # cft deg6 r=0
56516,175696,22712,-414892,-493866,251040,663122,117494,-412193,-192684,172945,107548,-50185,-24634,9161,-4088,1200,1954,-499,-24,27,-60,-6,6,1 # cft deg6 r=8
2389,-15937,24151,17084,-57612,17343,-8809,5192,30608,-75052,-7434,87154,-11000,-50095,6095,18840,-416,-5313,-347,1056,110,-122,-16,6,1 # cft deg6 r=8
1136,191016,576231,1072606,1192842,-832876,-2905056,-1281358,2530909,2731824,80709,-1362922,-844624,-53308,116036,46598,25923,4808,-1421,1226,812,28,-38,-2,1 # cft deg6 r=4
1266961,-3587554,992039,4073498,-165612,-5812782,7607744,5032592,-3467080,3035622,1759837,-4255226,4033298,-2178986,730912,-21928,-54600,-2118,16139,-4582,8,278,-46,-4,1 # cft deg6 r=0
529,529,-2491,-5688,-2797,-22316,7004,65692,217170,303571,321231,211056,82727,2216,-13920,-5024,430,2129,2789,964,95,-94,-22,0,1 # cft deg6 r=0
-421,644,48730,436618,1893623,4197494,3929867,-724020,-3195991,-1324770,777463,755398,-57167,-211392,-52082,50048,13703,-4668,-2154,-446,404,86,-37,-2,1 # cft deg6 r=8
1181,-5890,8800,-5312,14681,-11792,-88061,157454,89309,-345482,-2659,397462,-37375,-291708,3710,137544,21573,-34482,-11812,2428,1420,-14,-63,-2,1 # cft deg6 r=12
-328304,-1146208,-1224352,183392,1319288,1207152,1576188,2708288,2192845,-424694,-2456535,-2236370,-918157,-74018,69782,-2460,-23635,-6766,2430,1818,254,-88,-30,0,1 # cft deg6 r=4
1397489,312212,3210721,-653970,4431438,-4175950,2922023,-3944178,3175745,-1600788,1131087,-522492,163776,-50604,7952,5102,-758,-394,574,-10,1,36,-4,0,1 # cft deg6 r=0
88789,395256,1001580,1692698,1767961,1127914,231745,-380692,-426827,-279106,-64129,-26910,8505,6096,15790,9836,2197,-1816,-1084,206,256,10,-25,-2,1 # cft deg6 r=0
625,0,74950,0,87621,0,-10882,0,-7318,0,19926,0,6461,0,4290,0,330,0,-22,0,37,0,-14,0,1 # cft deg6 r=0
69071,112761,242117,268786,466666,768607,-578475,-2099956,-1091534,973394,1365664,288126,-471085,-372938,-47744,71372,40349,3357,-3963,-856,667,464,130,18,1 # cft deg6 r=8
-44549,273746,-304457,-7424,479773,-615518,411325,191520,-764749,652856,203568,-646216,129021,230144,-109640,-28848,44425,1474,-8827,-24,916,0,-48,0,1 # cft deg6 r=8
-3057331,3324911,-14748885,4544066,41033660,-47314569,13546683,29720924,-870052,-6758724,-432068,1952692,383223,-605452,-152214,99288,18475,-12689,59,1902,-3,-184,-18,6,1 # cft deg6 r=4
6566080,3307520,2114704,-203136,-1999136,-1485856,-586048,-274416,-183216,-355792,-293684,-166928,-117760,-74464,-23040,6688,16208,14532,9013,4386,1818,606,138,18,1 # cft deg6 r=4
584879,1418812,2660655,2821792,2773836,2050966,1914016,1653518,1458562,984564,598933,357968,238038,143798,72528,31982,15266,6788,2375,560,108,30,18,6,1 # cft deg6 r=0
69229001,-169661835,236860975,-266189640,308284365,-349813808,314046878,-199787722,89539819,-34472894,16976186,-9444120,4581646,-1957944,611328,-87460,23875,-30463,10895,352,-595,-144,106,-18,1 # cft deg6 r=0
2908084,-22903740,66777778,-79530486,16262195,49788110,-43302153,842246,18968896,-8087162,-2391534,2961388,-324819,-569278,189152,61552,-44669,1202,5915,-1672,-298,208,-8,-8,1 # cft deg6 r=0
1740029,-7101636,8038353,-533726,383722,-5438094,4782911,573494,-3061121,1588982,57253,-492764,506064,-490550,343910,-143742,32630,-4852,1540,14,-477,168,0,-8,1 # cft deg6 r=0
111289,902970,2907343,4815038,3677784,184522,-3216436,-3354392,-1732292,380506,1113437,1140878,635606,280022,45888,-28120,-43892,-28778,-13621,-3890,-216,118,78,16,1 # cft deg6 r=4
59036,-72992,-48744,-110508,421600,-467372,282878,144890,-412527,305618,-68067,-135636,141973,-54196,14937,-818,2188,2604,453,-258,-119,-56,0,4,1 # cft deg6 r=4
-71,-291,-1827,-2758,-14308,-45593,-17695,86672,93516,-33488,-92352,-18556,42358,20337,-10815,-7740,1612,1741,-111,-328,12,46,0,-6,1 # cft deg6 r=4
-399979,-5569167,-18556871,-22806110,-2282869,20738928,19136056,3241442,-4908793,-3340150,-483146,461952,301778,56756,-17664,-14384,-6829,-395,625,398,67,-36,-8,-2,1 # cft deg6 r=4
259409,436018,59152,250644,216075,-513186,-90045,131626,-7531,35572,49145,6884,-22737,-7608,6668,-282,-839,982,-294,-310,122,42,-17,-2,1 # cft deg6 r=0
438544,-106432,-2180224,-1210464,3807596,5417856,732804,-3347088,-1897835,1795596,2841852,1224560,-279890,-529332,-209352,-1920,25947,9652,2052,312,-38,-40,-12,0,1 # cft deg6 r=0
109061,728116,2090931,3467802,3302246,639778,-2965512,-4351160,-2544038,104648,1077457,431698,-242429,-236054,3294,68090,16789,-10192,-4549,800,575,-26,-37,0,1 # cft deg6 r=8
-6431,19460,28097,-92770,-18765,167950,-55278,-151974,117709,74056,-108871,-17520,62233,1190,-25986,264,8431,-138,-1997,48,308,-6,-27,0,1 # cft deg6 r=8
173392201,394520438,205265795,-174153466,-164734580,50138878,95586952,23275728,-13566904,-5446506,3659753,2216298,172550,6322,206068,135816,35936,9682,6007,2862,740,146,50,12,1 # cft deg6 r=0
1,0,204,0,-390,0,347,0,-385,0,1232,0,396,0,906,0,383,0,180,0,-6,0,-5,0,1 # cft deg6 r=0
-1471,1526,54504,-220262,102475,918228,-1475258,-496740,1814125,232044,-1026422,-128612,188641,-52720,6096,58214,-5156,-18638,24,3096,180,-258,-24,8,1 # cft deg6 r=12
3649,-13316,-8305,93364,-98778,-195822,678203,-787652,196633,464936,-481055,-21914,279452,-121760,-76352,66066,6918,-17566,520,2946,45,-236,-16,8,1 # cft deg6 r=4
-1181,8024,-23946,45310,-68537,90242,-99805,92876,-74610,50784,-29991,14830,-4126,-12,1061,-2318,2386,-1296,179,264,-175,42,5,-6,1 # cft deg6 r=8
819025,0,1735790,0,1707791,0,545158,0,-332629,0,-294340,0,-37478,0,34876,0,18427,0,1430,0,351,0,-2,0,1 # cft deg6 r=0
78539,95594,-640674,368086,1849509,-7016990,12958023,-15197600,13040322,-8857846,6032277,-4557010,2973116,-1076250,-91679,298000,-129236,8406,13461,-4552,-113,294,-31,-6,1 # cft deg6 r=0
541469,-2563752,7898514,-10879414,4252878,6440102,-9689553,4105894,2782112,-4699068,2315696,410290,-1206612,625274,6217,-181462,104484,-23732,-2204,2718,-462,-130,75,-14,1 # cft deg6 r=0
4496,80256,-62800,-191424,98224,61536,-212096,90848,257240,-163440,-210464,139312,134576,-61864,-49084,25288,13417,-9420,-4667,1208,769,-36,-47,0,1 # cft deg6 r=8
-73475,597250,-2096855,4715470,-7791956,9831678,-9652054,7371674,-4198866,1555064,30173,-802742,1150548,-1226964,1031592,-655284,295882,-82632,5843,5572,-2332,322,24,-12,1 # cft deg6 r=4
-38096,186912,-111520,-1056288,2632548,-870288,-6198320,12412424,-8221821,-6802448,21766563,-26322036,20327591,-10869762,3907215,-734718,-98470,123480,-43075,6876,463,-534,137,-18,1 # cft deg6 r=4
150275,-710600,-615605,11590430,-32544864,44638560,-32315799,5225006,15387970,-18356592,10107143,-2794994,26478,398056,-266473,120034,-32070,-4848,7925,-2454,-124,240,-25,-6,1 # cft deg6 r=4
-6922831,42297719,-137015577,296677620,-452742781,476833938,-313698166,66753336,108407023,-137298890,61592366,12735760,-26552114,7633028,3168188,-2147544,24103,231995,-35821,-11492,2999,210,-94,0,1 # cft deg6 r=4
57725,275300,827215,1741050,2883064,3905418,4572517,4811108,4695918,4250256,3502669,2583690,1722622,1076118,645269,354020,156912,45584,3351,-3430,-1442,-166,35,12,1 # cft deg6 r=0
839381,-2076156,7086722,-15311382,20645346,-28203738,43976199,-58473734,64687944,-63572092,55042152,-40794170,25914080,-14201710,6561581,-2400370,612668,-67064,-21480,12134,-2498,106,63,-14,1 # cft deg6 r=0
60821,-505119,-1214937,-2554850,-1968857,-1473836,626056,211796,820227,-374366,331794,-211720,300882,-74648,102188,-41172,19599,-4907,2815,-662,47,-100,4,0,1 # cft deg6 r=4
13261,-60464,72164,-68220,195132,-368288,-432865,247580,605596,749064,-1064622,-1023340,1002894,518176,-484571,-129040,128872,16360,-19358,-944,1592,16,-65,0,1 # cft deg6 r=8
5344831,-38252512,115297791,-195094766,209859692,-154108132,75269269,-14222226,-15606350,21285208,-16206749,9192818,-4038550,1370524,-340981,51162,-4966,336,-183,-186,268,-108,39,-6,1 # cft deg6 r=4
9878896,-76071136,273255712,-604117264,908696552,-961184520,695270676,-282351404,-36227781,152610800,-122328269,53141920,-8181297,-5956282,5265139,-2159846,506062,-42476,-12147,3236,655,-530,137,-18,1 # cft deg6 r=4
1084,-1534,-2295,5876,1348,-10186,5256,16678,-16425,-7068,23438,-8808,-2400,-4418,11979,-4180,-2380,2044,741,-590,337,-2,-34,2,1 # cft deg6 r=0
-1382564,16673670,-50420863,67537288,-36424639,-9377740,19492809,-3537516,-1438505,-5781628,6488396,-285480,-2667135,1156442,305714,-317678,11207,46268,-7427,-4160,1032,170,-56,-2,1 # cft deg6 r=8
-19696,529792,-954000,-3100608,5724508,-37808,-11690200,8121176,18437521,-2882176,-10473102,475216,3280257,-261564,-653540,194036,139194,-38512,-22846,2368,1840,-36,-72,0,1 # cft deg6 r=8
22644164,165020996,405042400,49263958,-1149845499,-1372007526,31963882,827952688,248598495,-227273992,-106160410,36299282,22369806,-3419420,-2512213,417396,237495,-41238,-20482,1930,1135,-76,-45,2,1 # cft deg6 r=8
-2864,-75264,37808,30560,542872,2149936,-5465084,1749992,-1814767,-2304916,298198,-592856,-74999,564644,-88076,-156200,39586,21060,-8214,-716,676,0,-36,0,1 # cft deg6 r=4
18916,227104,1101766,2346334,893841,-538692,946491,2032104,1062638,585160,1812833,2332324,897780,-623232,-849155,-343364,11192,56584,14881,-800,-722,-84,-11,2,1 # cft deg6 r=4
20380345,36384580,12030344,-14496380,-6576316,2958316,-1458490,-3088626,651267,1087612,-149097,-378180,40563,114864,22921,-13888,-7438,1154,1401,116,-112,-58,-1,2,1 # cft deg6 r=0
602884,-2047912,-1479592,7183000,67448373,159237090,210405240,189592836,131610881,77576894,39949042,14485706,312245,-3629222,-2313270,-605930,36277,84288,30714,5114,-311,-348,-48,4,1 # cft deg6 r=0
-515041,423942,-778693,1567702,2230548,890156,-507790,-1630970,-950694,610930,813297,122678,-289706,-115836,23674,42810,5606,-9866,-1553,1642,316,-144,-40,2,1 # cft deg6 r=4
855401,1172154,-8986599,18004256,36103835,-15999756,-24925631,22197196,13373484,-11657140,-2973495,2777694,-757246,234812,168325,-149538,50594,-21398,7385,-1618,511,-130,20,-6,1 # cft deg6 r=4
41,-1324,8194,7506,-66595,123412,-63689,-107310,185356,-86074,-60935,98426,-33154,-8654,8927,-8024,5476,-966,-837,610,-85,-22,5,-4,1 # cft deg6 r=8
583696,0,-5421344,0,15809472,0,-20811584,0,14919980,0,-6320952,0,1603528,0,-227292,0,12665,0,506,0,-13,0,-14,0,1 # cft deg6 r=8
4138480,-13593200,15945684,-1706348,-5783193,964626,-962083,1417286,-276172,212506,90691,1838,12624,-64952,28431,-14358,5666,-1430,299,134,30,-38,7,-4,1 # cft deg6 r=0
222749,-375711,-297049,559390,423357,157596,-649124,-675086,727738,371315,-589483,-124346,327073,105408,-68864,-29578,10218,8381,3123,618,-83,-70,-10,-2,1 # cft deg6 r=0
33770225,-15988930,31200956,-38867970,73411346,-84031086,68318558,-35810820,5516033,6978670,-7068821,2441438,369097,-706956,234393,46058,-46022,4778,3887,-624,-90,-8,-15,2,1 # cft deg6 r=0
567124,-13307692,80035934,124391366,63800325,-31863258,-81802828,-54153258,2038867,25468760,14642238,726648,-3137363,-1798312,-385604,97894,115485,43990,6302,-1098,-649,-140,-12,4,1 # cft deg6 r=0
205679,1766370,-9975041,20353564,-16006145,-13058678,41939225,-34900520,862110,19760094,-14608609,3141262,1195212,-845594,238491,-82462,21634,4204,-2461,-166,-49,116,-12,-6,1 # cft deg6 r=8
-149,-229,4023,-15194,35955,-61516,76536,-76082,62864,-48963,39409,-33550,30755,-26056,16460,-6622,2564,-3253,3287,-1454,87,138,-34,-2,1 # cft deg6 r=4
-1439,19845,-108585,284802,-307498,10167,105903,-398186,747561,-112871,-559033,280616,89179,-65693,-1785,-6288,9575,-1141,-1625,594,-22,-6,2,-4,1 # cft deg6 r=4
9929,42594,25541,-75078,349146,-351426,1216022,-1378446,1461828,-820518,883575,-48494,-57720,120394,13186,36382,-400,-6874,6597,1790,-342,-38,-8,-2,1 # cft deg6 r=0
11351,151760,740661,1625672,1424961,-105814,-1088257,-1361428,-1330705,-485562,72174,14128,44015,40100,1468,1620,4477,704,565,668,80,-82,-16,4,1 # cft deg6 r=4
133631,849084,1617097,1706050,1871787,1835414,1042714,437816,200357,-6182,-51645,-2022,-3039,-20400,-13268,-1038,1901,610,-247,-42,124,34,-13,-4,1 # cft deg6 r=4
-99897724,349286708,-630864602,847897274,-904868265,770373788,-535834009,286784074,-98202793,7132356,17229785,-14023882,5236127,-348658,-621212,328264,-62855,-15010,12765,-2212,-545,250,-13,-8,1 # cft deg6 r=4
7425625,0,-53085725,0,42010864,0,17384782,0,-16459198,0,3058259,0,172430,0,-125325,0,19986,0,-2642,0,348,0,-29,0,1 # cft deg6 r=4
-2624,11712,1088,-35328,3648,-35248,6952,39544,-22860,-13292,-5374,-14118,13521,15868,-8322,-8888,3350,4534,218,-1112,-430,16,48,12,1 # cft deg6 r=8
47396,848368,5485066,14006826,17528229,19826662,21853246,11774852,-4181864,-8989834,-3737342,792216,1438015,558632,-87150,-186524,-55160,18626,14032,888,-1187,-264,22,12,1 # cft deg6 r=4
87616,1053760,4091200,8028704,6662200,1066768,-495176,2405232,2156233,-239488,-1983614,-1568216,130085,605480,87114,-99448,-12192,8400,-2038,-336,617,8,-46,0,1 # cft deg6 r=8
-16816,-14816,-39152,-8320,-20712,-32384,91452,-91960,100145,-105618,1774,-1310,-3549,19520,-4142,584,-1246,-482,26,100,50,16,-20,0,1 # cft deg6 r=4
2739920,-7882080,14722784,-25081184,39266620,-52143464,61672768,-67638528,67681797,-60094718,47144020,-32451840,19243559,-9496138,3562520,-739970,-99648,116520,-22600,-4506,2215,-64,-68,4,1 # cft deg6 r=0
17284,216624,1632196,4454152,6104685,2597312,-3773117,-5327918,-1195846,1978770,1337913,-197740,-449784,-56790,94692,31886,-10823,-6518,696,912,53,-70,-10,4,1 # cft deg6 r=0
-691,2243,5139,-23566,-7735,84662,-522,-136224,-419,121784,14048,-73142,-7585,22283,6833,-7660,402,-169,881,-316,-134,98,-6,-6,1 # cft deg6 r=8
-20809,-4365,64727,-5520802,26396405,-36969550,16273434,8539674,-10958432,2623601,1065577,-550850,-1291,-4442,44654,-11798,-6128,2831,-29,-130,-51,16,12,-6,1 # cft deg6 r=4
3725,-125220,312106,-624106,814192,266838,-1861585,2087050,-344052,-1351200,1370364,-449238,-243674,292502,-111779,-14426,29472,-12676,756,1226,-624,106,3,-6,1 # cft deg6 r=8
1,-3,-17,38,141,-166,-582,172,635,-626,158,1794,-559,-1955,17,760,332,33,-95,-84,-34,-2,10,6,1 # cft deg6 r=4
256,0,-448,0,16,0,1296,0,-2816,0,4224,0,-4292,0,2652,0,-936,0,228,0,41,0,-11,0,1 # cft deg6 r=0
669904,-1346496,1831316,-1763648,1581805,-1047548,224234,296308,-230507,-73052,180274,-116312,59514,-32728,17402,-8152,2579,-376,12,4,18,0,-8,0,1 # cft deg6 r=0
64,-1600,11392,-24928,7864,10128,43304,-50720,-57055,86898,-17617,-12286,13575,-18480,13352,-2946,-4235,4630,-1186,-452,276,-22,-20,4,1 # cft deg6 r=12
-69739,-14004,827705,-584376,-2408166,2609050,2317637,-3614952,-661993,2409492,-309993,-887480,301454,187328,-106282,-22328,21804,1678,-3198,-156,409,12,-34,0,1 # cft deg6 r=12
340904429,-921156868,1647678002,-1882606764,1714258779,-1281750392,876592496,-559770920,318580181,-153906488,68951796,-29782508,11495521,-3638072,1135516,-388816,126027,-29940,5606,-208,-162,64,0,0,1 # cft deg6 r=0
452176,431424,688496,-896992,1647192,-2102512,3196660,-3830080,3282521,-2165664,1329162,-699666,294047,-206322,220350,-124862,6591,26718,-10142,-866,1109,-76,-48,4,1 # cft deg6 r=0
11881,0,-2338,0,12759,0,-7976,0,4391,0,-1910,0,759,0,-318,0,218,0,-110,0,40,0,-8,0,1 # cft deg6 r=0
101044,-1024796,4539470,-11621154,19262605,-22001268,18031306,-11090280,5446397,-1946318,161420,168172,124989,-206448,67444,19222,-15331,-936,2968,-676,-123,50,14,-8,1 # cft deg6 r=0
18496,-22848,32000,-43200,72992,-87040,77216,-64416,62232,-48248,16776,1904,892,4684,-10888,4240,1849,-403,-769,260,-37,34,0,-6,1 # cft deg6 r=4
-10462484,-8886072,39315744,27543548,-44910198,-28901700,31742654,18900818,-15793553,-9151406,5522741,3273734,-1416228,-904742,250308,185002,-30543,-29124,1446,3116,146,-192,-21,6,1 # cft deg6 r=4
1156,-14416,66596,-189636,-11442,102468,133716,-247858,-69281,222206,71006,-141652,-63465,84856,16423,-29288,-940,5986,-359,-674,-3,86,-5,-6,1 # cft deg6 r=4
-23024,933984,-3306544,3086672,2149404,-4663688,-284408,4618592,-2600767,-961156,1501288,-297344,-410838,419860,-265556,146644,-64801,18908,-2340,-620,450,-184,60,-12,1 # cft deg6 r=4
-7405,78800,-257631,40384,897438,-1112522,1024970,772264,-2098846,2206320,-1364533,292656,223944,-155226,80690,-57420,35930,-12240,1833,-396,214,-106,52,-12,1 # cft deg6 r=4
-3643181,11912958,-11553315,-3470172,11654146,269976,-13242466,11224458,-1537621,-5668240,8404298,-7447004,4544140,-1975164,607996,-76304,-55135,37394,-7519,-1160,850,-92,-34,6,1 # cft deg6 r=4
36531280,22401360,55309464,-5637480,-25129560,-813084,11326718,2553386,3906361,1291926,-2145412,-1868718,1214089,837840,-409506,-186734,93352,28822,-12324,-2866,973,160,-44,-4,1 # cft deg6 r=0
164,-1408,12236,-12072,59733,-42900,244021,4046,314674,217348,289085,173606,116786,55130,20868,7454,4535,2618,668,-50,-143,-72,-8,4,1 # cft deg6 r=0
6952811,-712120,214767,-9155982,-6365162,20891026,4021916,-19979440,208354,11641016,-1441527,-4600926,892036,1286274,-303212,-257340,66514,36016,-9609,-3338,886,178,-46,-4,1 # cft deg6 r=4
459280,1022080,-10110656,17907072,-5709808,-16158432,13597616,5002896,-8688164,1266144,2658256,-1203296,-461408,313416,66308,-52448,-2347,5620,-1298,-426,262,38,-25,-2,1 # cft deg6 r=8
1195542809,1021474497,211680801,-489466792,-201177409,244404416,214771360,6646656,-69360286,-29469213,5772067,7580048,1109879,-872088,-268120,55952,19346,-947,669,-128,-73,14,-10,0,1 # cft deg6 r=0
286096,192448,628196,1482736,675345,-975168,-482020,1199076,1203192,24364,-324572,30432,136600,13416,-25642,-880,5928,732,-676,-36,120,16,-8,0,1 # cft deg6 r=0
1491341,3739170,-6239910,-27624930,-15151946,45888916,77499304,26917450,-38073954,-41467526,-5526602,13314364,7046490,-1618410,-2610738,-548614,393858,281412,66496,-402,-3542,-642,2,12,1 # cft deg6 r=12
-23311,-143844,-231934,-78298,573290,317340,-917794,-1166664,391754,1239400,248780,-552198,-110317,387966,198580,-74200,-57735,16894,18592,2350,-1293,-358,12,12,1 # cft deg6 r=8
-100,0,-670,690,-4421,-136,24745,-35882,93300,-63072,110215,-40866,66662,-12676,24054,-3052,5215,-1102,508,-288,-19,-28,-2,0,1 # cft deg6 r=4
46400,-131200,312880,-745520,1432316,-2258572,3363786,-4616090,5448449,-5662926,5490516,-4798332,3442102,-1888362,759770,-202908,19747,8138,-2040,-434,238,-92,6,8,1 # cft deg6 r=0
100,800,6470,-23630,69311,-81916,66731,48396,-98308,96988,-7185,-53536,43152,1190,-12232,5044,695,-1044,608,-32,-61,24,-2,0,1 # cft deg6 r=0
29620,73720,185776,393548,506985,442180,347198,255746,159292,81288,33316,11972,14859,-3592,7550,-5092,5112,-2970,1690,-886,421,-146,40,-8,1 # cft deg6 r=0
-853469,-6437469,-18971165,-31410116,-25762881,15441352,82081794,130219470,118366276,49199577,-30331687,-70794984,-61622449,-30212492,-6353970,1942110,1889660,573415,43287,-22076,-6841,-530,80,18,1 # cft deg6 r=8
-1,-31,-319,-2096,6,-2581,34279,-76062,47552,24728,-69360,51702,-10655,-15894,18604,-9692,1657,1663,-1613,734,-155,-10,20,-6,1 # cft deg6 r=4
-10987664,-44070016,361502512,-787048864,590054992,560739872,-1823806800,2172929968,-1599850780,796257696,-243746300,-8289544,77150112,-65468664,34586440,-12375432,2802719,-271724,-42463,14092,880,-1086,236,-24,1 # cft deg6 r=8
-1057561,3939733,-8069749,6236684,1491389,-1848688,-2452636,387604,2154572,-875669,-219591,416664,-359067,185456,-13888,-8128,11504,-8063,2819,56,-31,170,-38,-4,1 # cft deg6 r=4
2000,-16000,68900,-201600,443485,-759980,1022696,-1060308,818190,-456528,233788,-241480,339551,-353700,263434,-151876,75654,-34764,14642,-5472,1733,-440,86,-12,1 # cft deg6 r=0
47561,235833,572381,914214,1067126,940255,620973,300534,117394,64150,56568,45194,26843,10746,2972,1800,1899,1135,323,46,43,42,20,6,1 # cft deg6 r=0
25,450,1490,-3720,-16286,944,12578,40752,-2258,-19838,6504,-36546,-3757,29012,-5280,-9998,1149,2394,1544,442,-197,-108,4,8,1 # cft deg6 r=12
10369,102212,231580,42302,-9028,-67204,-45836,1548,7972,-114938,-87332,38864,24302,-34692,-18980,12410,3292,-5236,-628,980,20,-126,-4,8,1 # cft deg6 r=8
60020,-475520,1769416,-4239164,7430461,-10008094,10525194,-8812540,6139246,-3736630,1978102,-854386,272437,-37882,-25544,22960,-9866,2392,238,-578,347,-142,40,-8,1 # cft deg6 r=0
-2225,-20800,-61065,-101770,-118704,-84442,2482,80088,111903,71096,13078,-22428,-9404,10196,13532,3416,-2015,-1320,235,470,124,-42,-22,0,1 # cft deg6 r=4
-1368491,10074630,-17644755,7252634,3923140,-4476538,56726716,-206599582,393082287,-501371844,471556498,-342022076,195543544,-88250116,30493556,-7219372,612731,351678,-187823,45186,-4860,-322,176,-22,1 # cft deg6 r=8
-701,-5160,42571,114104,-974725,2303410,-2593045,826398,1713080,-2778752,1851907,-308980,-547573,581418,-302275,89606,-9684,-3104,1009,208,-169,18,13,-6,1 # cft deg6 r=8
794320,-3298560,7870436,-12033840,14168077,-12529800,9249540,-5422288,2940858,-1551172,1060088,-836420,675507,-491032,317478,-182036,92990,-42288,16998,-5952,1781,-440,86,-12,1 # cft deg6 r=0
359636,-555940,-1139570,3788138,-1799327,-4663894,7846564,-4985214,1494803,-409348,245502,130440,-308623,157204,2136,-33586,14189,-2090,-478,558,-269,44,16,-8,1 # cft deg6 r=0
-3664,68624,195856,60608,-84288,-82800,-133744,101888,32820,-37300,-29196,-28024,39936,-5220,-8556,384,-213,1353,-293,-334,121,14,-14,2,1 # cft deg6 r=4
73019,170448,575541,1473218,1425398,3381226,-2374736,2823850,-1250929,6536520,5714006,-11070812,13983912,-9406652,4436504,-1124716,4517,136488,-41035,-2470,2930,-78,-88,2,1 # cft deg6 r=4
157975,-1405180,3234501,-4603120,5514742,-6452190,6598082,-5275040,3441638,-2163556,1260779,-489500,42596,90070,-98158,69044,-34782,13288,-3935,820,-34,-66,32,-8,1 # cft deg6 r=4
87649,171716,749344,502480,-1473492,-1031860,1329004,965012,-808740,-357448,234916,147052,-92730,-19860,-3000,15520,-2876,-2092,1244,-484,300,-168,60,-12,1 # cft deg6 r=4
-6451,-14095,-357727,-1289902,217868,812039,-1611677,-400372,1003376,-563984,-444620,439558,77949,-200220,25694,72692,-957,-16255,-1839,1804,461,-90,-34,0,1 # cft deg6 r=4
-1931,-26450,-139146,64762,1453241,2512568,1042005,-1814766,-2479705,23806,1344601,134494,-325725,104164,90972,-47354,-9915,9906,-1260,-1176,352,56,-29,0,1 # cft deg6 r=4
24436,597816,3637095,11176126,21509772,29563388,33030517,33574828,31011667,22975472,11285054,2022970,-1509185,-1266892,-362896,14744,45186,15600,2289,-398,-386,-108,-2,6,1 # cft deg6 r=4
-1050844,1163528,-96741,1714954,-1432272,-27340,-105343,-21808,558919,-620236,371154,-193578,120599,-49560,-8432,17200,-3342,-3872,2965,-658,-74,64,-2,-6,1 # cft deg6 r=4
1425625,2263750,793125,-128750,-687875,-577500,1789625,-2262500,2232625,-1700650,1082200,-1072800,1140965,-762920,311155,-87800,22626,4,-6066,2048,408,-206,-19,8,1 # cft deg6 r=0
1081598471,-4063528841,6634451603,-5943858346,3047154056,-885714721,167937043,72432298,-231979691,181068501,-27006945,-37860164,18774433,2078873,-3446495,314912,367379,-76731,-23903,7078,1056,-348,-38,8,1 # cft deg6 r=0
-92336,-17760,-33440,147984,452812,223032,-105736,-652544,-372483,155456,410638,184888,-140935,-153560,11346,52560,5800,-9440,-2110,936,293,-32,-26,0,1 # cft deg6 r=8
2445809,14265806,31410679,24018148,-24463172,-72155038,-67975675,-24937162,8735551,17309206,15036033,11058542,5738062,948842,-1008002,-810578,-236214,1578,22000,5816,5,-274,-38,4,1 # cft deg6 r=8
623681,4596912,7971325,-6988154,-10913656,20391960,-5534859,-10305114,6743531,-2961794,2307685,246016,-1940608,397670,652170,-248090,-83656,53942,2578,-5858,659,264,-52,-4,1 # cft deg6 r=8
-688775,3824850,1424875,2229050,-801970,-158670,-1828545,238190,-1026461,1834984,784391,70312,-734124,-63166,133950,14534,36686,-19522,-46,-862,307,188,-44,-4,1 # cft deg6 r=4
400,-4800,24400,-72800,150360,-245920,351040,-437800,432601,-363692,259491,-168040,82351,-18422,-14348,18210,-7785,50,1352,-640,22,102,-20,-4,1 # cft deg6 r=4
-2689,11162,-28986,-45220,138834,77988,-181345,-56836,30564,-44524,81698,117314,-15701,-54544,-15602,-96,-4006,-1294,2165,1092,-76,-100,4,8,1 # cft deg6 r=8
-692491,87124,2403020,785414,-2853048,-1799566,146625,1572,1841876,2658854,-49894,-2202296,-1255797,398444,625380,95824,-119602,-44848,9055,6368,2,-384,-32,8,1 # cft deg6 r=8
1,12,-2,-182,894,1046,-3271,-8580,3194,22354,-13096,-73806,50903,17444,-49714,-8580,-432,-2180,2367,1252,-236,-172,-4,8,1 # cft deg6 r=8
5150945,-28115160,41556095,-17991070,5389466,-37758200,59441371,-35057244,8501603,-10913012,19542977,-13965124,2701870,2422078,-1823830,346686,144120,-93746,14322,3900,-1947,226,34,-12,1 # cft deg6 r=4
-859,-7946,-13766,-9798,4380,26990,12103,-19684,-9442,13270,4184,4260,-11111,-8470,14480,9164,-5366,-3200,1753,1078,-144,-142,-2,8,1 # cft deg6 r=8
116,1208,8220,12496,-2611,-32338,-20083,16944,37832,2660,-23217,-11110,6251,9952,-2364,-2008,-1165,1114,179,-296,56,36,-15,-2,1 # cft deg6 r=4
-467695,-12795410,-38225535,-76652730,-109009911,-81021094,11575168,92097576,88323844,21226168,-26300177,-22772816,-2984217,4389666,2131024,-133368,-355706,-68938,21826,9682,28,-472,-42,8,1 # cft deg6 r=8
16,0,160,0,-1384,0,864,0,3225,0,4054,0,-1615,0,-742,0,12,0,-78,0,-15,0,-2,0,1 # cft deg6 r=8
1392400,-9487200,30970400,-63718000,92241180,-98881560,80629960,-53402500,36777121,-34930980,35961327,-29289832,16449211,-5364042,93008,822618,-362085,31346,27520,-8828,-254,458,-36,-8,1 # cft deg6 r=4
10000,100000,358000,454400,-262120,-962960,-677760,-1411560,508041,524458,931521,-429390,-90699,-249192,16212,55920,15525,-2310,-1438,-2630,712,192,-50,-4,1 # cft deg6 r=4
179,6452,-8356,-20424,22020,45234,-54131,-60624,69788,51040,-81642,-31062,64407,3954,-32706,4840,13076,-2840,-3779,946,506,-110,-34,4,1 # cft deg6 r=8
3214004,-5797404,6883914,-4859462,-4379905,6182310,-6472335,-509044,3771890,-1005498,-589699,919438,134043,-647096,-72674,169882,50913,-27318,-10889,2464,1094,-114,-53,2,1 # cft deg6 r=4
1698569,-6331932,8388789,1929400,-22309885,33825822,-23284226,1844964,9488482,-5858262,-1281931,2985286,-870431,-548586,398126,12620,-79696,14766,7972,-2854,-320,240,-10,-8,1 # cft deg6 r=4
180725,-359200,890150,-903600,1393085,-1158920,1447350,-1121140,1244014,-1122528,755238,-603944,396557,-82920,-1630,-12892,678,7040,-270,-1848,437,120,-30,-4,1 # cft deg6 r=0
353845,2636130,24691780,-1037260,-7513826,15378872,3329879,-2392624,2983774,-1337448,-615954,1403572,-344687,-367940,258492,12200,-67002,15226,7659,-3644,-188,296,-20,-8,1 # cft deg6 r=0
1184861,-3091918,6312177,-5506934,3923926,-654392,-6216803,-1268624,4245241,463678,5394960,2860424,-3013651,-1021914,1262459,-240806,-137611,102688,-1316,-11426,1283,454,-67,-6,1 # cft deg6 r=0
50455,-505660,2174515,-5310190,7334314,-4527066,-1266672,4364988,-3369054,838316,870113,-1058686,411152,142982,-208508,44528,31442,-18028,-1213,3070,6,-282,-22,8,1 # cft deg6 r=12
3077219,-2060682,-12569471,-10644680,-15001597,-9469054,-884367,1161804,3007104,977634,824553,-309240,-153769,-22130,-48065,34404,-4248,1546,179,-664,59,66,-9,-4,1 # cft deg6 r=8
64,720,-236,2498,12911,-47370,112728,-307752,545493,-909888,922720,-438044,245830,-15284,-171768,59936,30330,-26560,12876,-3606,-325,366,-32,-8,1 # cft deg6 r=8
343600,-2520400,7779600,-16769600,29132080,-40932000,46675680,-40712400,25925064,-11543448,3124648,-474216,264248,-274208,114392,20,-11325,-569,3169,-678,-257,130,-4,-6,1 # cft deg6 r=4
170189,-493044,910047,-1522252,2259792,-2935096,3427838,-3203672,1956264,-521236,-215135,331036,-241022,86692,38146,-53744,11276,9592,-4225,-804,560,28,-36,0,1 # cft deg6 r=4
400,1800,12080,29340,-12219,-97978,2876,200182,42221,-217002,-61348,133012,32466,-54924,-9810,20300,3391,-6720,-1302,1414,310,-140,-34,4,1 # cft deg6 r=8
139856,437184,-248248,-2641536,-2936903,525288,2799614,2130204,850643,-315292,-892608,-587536,-181255,11800,122742,100856,11361,-18760,-5888,1436,727,-44,-42,0,1 # cft deg6 r=8
-92336,-60968,2083456,-3750260,-3079227,11228802,193550,-17256100,6921946,14174820,-11467242,-3036498,5132438,33588,-1317794,115282,227206,-30516,-24876,3604,1634,-198,-60,4,1 # cft deg6 r=12
-442844,2871954,-6603133,4016900,10502924,-26586608,29495310,-22616534,18687137,-17301638,10901481,-1816048,-2491666,1508100,281182,-643846,268851,-13306,-28585,10964,-1146,-324,128,-18,1 # cft deg6 r=4
40525,-1438500,2187525,-2698600,6664245,-14038590,20850485,-27859770,34631606,-35783146,30050555,-21662988,13404604,-5957368,960585,685986,-444848,54170,32175,-10694,-283,512,-40,-8,1 # cft deg6 r=4
859,-8987,24651,-4618,-76601,100352,10212,-110508,94543,282,-84390,58318,31919,-44767,-5835,18744,280,-5409,-101,1020,64,-112,-12,6,1 # cft deg6 r=8
-1927804,-10506018,-25641649,-41385078,-53629454,-55280816,-39770673,-16343336,417879,6729798,5450030,1649198,-384099,-617710,-327291,-1770,89956,21872,-11041,-3592,813,258,-44,-6,1 # cft deg6 r=4
-189776,-1646400,-5494128,-10217408,-8927232,1154752,9271856,7709168,2823640,330912,-697328,-1087336,-666528,19848,271844,90412,-55129,-26052,11723,7386,208,-402,-38,8,1 # cft deg6 r=8
185711,116683,337127,1725574,1000387,2409988,3583498,4467046,4500144,4465769,4251489,2975178,1749763,956036,359014,40122,-40648,-35597,-17981,-5246,-461,210,88,14,1 # cft deg6 r=4
134144,321536,-507648,-4262656,-12251328,-24224512,-37981120,-49698560,-55058080,-51583648,-40179776,-24840832,-10873064,-2106176,1101056,1111296,409468,38312,-28068,-12016,-1287,388,150,20,1 # cft deg6 r=4
-1689899,10003059,9355021,8991458,-18106118,-11979605,-6000671,10595830,8425189,72143,-3774099,-1833166,407983,634149,164639,-81296,-52171,-2945,6073,1710,-226,-176,-14,6,1 # cft deg6 r=4
-5627269,19468952,126940389,210103606,141333759,25684132,-6060963,8026728,13777643,16145630,14228608,3910586,-3160332,-1966210,520261,621092,41915,-80064,-16003,4994,1471,-152,-60,2,1 # cft deg6 r=4
-3366329,8341164,606191,-11854276,3382876,8247544,-6924540,-3218376,8518627,-37704,-6034528,757146,2621095,-417990,-737953,122892,137843,-22370,-16899,2536,1287,-162,-54,4,1 # cft deg6 r=4
10433725,21659650,14051395,6595630,10795004,292690,4540696,-2936540,2531364,6130,381717,498570,275078,229130,105296,39620,21040,9450,2975,310,276,90,14,0,1 # cft deg6 r=0
241424,1099600,3979888,6644480,9553248,9492528,10519664,10324256,10027528,8094040,5642192,3768744,2676396,1923188,1244316,647664,249617,62709,6365,-1330,-283,150,76,14,1 # cft deg6 r=0
761744,410072,368196,4676816,5541884,7245544,16851750,22059680,18577584,6307708,-3754425,-3245780,-324684,24360,4611,138338,42949,-28268,-10185,2718,1095,-120,-54,2,1 # cft deg6 r=0
1171021,186608,-5082544,-11354254,-8041155,818204,4580794,6997902,6541339,1986008,-639832,-283280,145711,28518,-59440,-27814,-1311,2540,1800,610,-46,-102,-18,4,1 # cft deg6 r=8
-813104,-3691744,-1420592,2179952,990684,-2060960,-864772,543160,66385,-173966,43648,30516,-28635,-21040,14584,16134,1312,-1322,656,110,-170,-82,-10,4,1 # cft deg6 r=4
107021,429022,570414,214788,-2234864,-2374266,-1813700,188330,539860,503832,201138,-97304,-79721,-10088,5066,8068,3431,-2928,-1256,546,193,-62,-16,4,1 # cft deg6 r=4
2020589,8662454,16837390,17900480,7767156,-5855834,-12034352,-6653446,1414348,3812376,1320362,-602976,-467025,76516,128454,4132,-22489,-4104,2896,1170,-163,-134,0,8,1 # cft deg6 r=4
21601,-44472,113734,-206998,226006,-266804,57650,-61100,234030,-259812,-44572,108614,107459,-89822,-18664,26192,-6119,-1822,1924,-526,-37,82,-16,-4,1 # cft deg6 r=4
745,9870,31250,8700,103924,-180006,249773,-435280,421442,-420240,354184,-218240,152915,-83038,39660,-19020,7402,-2536,1293,-446,-64,54,10,-8,1 # cft deg6 r=0
353321,-568110,1723641,451250,-224545,2245732,459590,-2533568,-693873,1706692,831847,-657810,-342883,270330,161572,-47144,-44069,-532,6505,1728,-230,-190,-17,6,1 # cft deg6 r=0
9781,26632,-150035,-76042,1677505,676070,-4179885,-1990514,4544478,859602,-1854997,961474,-252320,-872016,333075,290984,-89916,-52312,11593,5692,-713,-380,6,12,1 # cft deg6 r=8
179,872,89,-9984,-36170,-63366,-56666,-8354,32033,17420,-24972,-31072,3467,25424,12209,-6670,-8199,-1130,1891,906,-59,-140,-24,4,1 # cft deg6 r=8
1744,-12264,30196,-14400,-2660,-33112,70890,-53492,6500,22604,-14557,-3898,-288,10298,-3481,-5212,2919,1002,-737,-192,119,34,-16,-2,1 # cft deg6 r=4
-1166656,-7943816,-25319737,-41363764,-22689138,32032904,63695882,39878794,3015213,-10764184,-11615039,-11021368,-6822788,-875768,1681998,990390,57275,-101416,-15353,8616,2164,-200,-76,2,1 # cft deg6 r=8
449,-164,-3408,10742,-15182,-24378,121850,-137272,-55123,274008,-260692,61310,109551,-120152,35922,18596,-20471,5790,2102,-1798,146,156,-30,-4,1 # cft deg6 r=12
-841,2871,18645,-48512,-129581,173516,199270,-199638,-39964,365089,-338505,-433888,572767,67396,-261030,57546,27300,-11689,1449,-328,235,-82,-4,2,1 # cft deg6 r=8
-5189,-75745,-174093,-494438,-140949,213310,1285578,912030,-1755741,-1325360,556368,1102582,192903,-264367,-115105,16986,21442,-125,-1273,138,-100,18,10,-6,1 # cft deg6 r=4
14673005,-9416565,-21219045,21587150,11539981,-21150490,-700536,12440102,-2568122,-5171071,1537845,1602822,-446439,-367626,79532,62690,-9510,-8525,615,946,49,-72,-14,2,1 # cft deg6 r=4
1,29678,87783,-8122,-129037,20098,-171563,-47554,45795,42472,42056,10748,-38814,-9848,12243,-1002,-615,1516,-617,-388,185,44,-22,-2,1 # cft deg6 r=4
-615775,1784650,1292975,-5020350,1048210,3527310,441390,-3395300,-265641,2221012,-44426,-1167612,302460,312092,-135964,-64296,35767,6466,-2125,-2166,450,182,-42,-4,1 # cft deg6 r=8
4826384,-18880448,40216568,-53393728,47522569,-28086868,14130306,-10908972,6447445,6337248,-17530680,16576672,-7454406,299992,1462012,-670648,33178,79296,-26992,-2176,2365,-100,-78,4,1 # cft deg6 r=4
-11771,283073,-1801997,6700850,-17459183,33434228,-47410070,49775726,-37646698,18248007,-2018487,-5720778,6423681,-4187632,1966442,-686270,169974,-22727,-2409,2422,-751,130,-4,-2,1 # cft deg6 r=4
5165284,-3409232,350803,-5015444,2269154,25814448,22711138,16842010,14305585,-4546812,-12976027,-1363296,4803632,1187812,-947542,-278422,127559,34972,-12373,-2132,1052,88,-52,-2,1 # cft deg6 r=4
-13261,14107,94861,-252416,153477,313808,-679414,321248,491965,-795732,271452,350122,-346859,-7409,134699,-37670,-25332,13709,1959,-2290,74,188,-22,-6,1 # cft deg6 r=4
894449,-4538121,10978909,-15712310,16387343,-14240714,12726532,-10705506,7344383,-3579698,1238962,-301476,140262,-185548,184824,-128092,66583,-24093,5657,-934,83,62,-20,-2,1 # cft deg6 r=0
1741,11523,46061,147068,383299,807268,1381580,1936454,2218334,2062473,1543095,923344,459811,229672,148144,104266,58750,22911,6073,1272,307,54,2,-2,1 # cft deg6 r=0
416816,-568088,1128460,-1216016,1424524,-1439552,1004502,-278624,-233448,223140,65293,-219200,111016,48398,-54019,-8802,18565,-494,-3551,366,431,-46,-30,2,1 # cft deg6 r=0
-2281,90091,-841133,-767754,1495340,1654973,-83121,-803198,-405100,126872,-111144,-372098,36361,230954,36864,-52056,-18027,4963,3695,194,-349,-90,6,6,1 # cft deg6 r=8
1,17,169,512,-1270,-3709,-6621,7186,16902,2120,-13042,-12142,2205,11178,7424,1704,-701,-1329,-1077,-314,105,84,22,6,1 # cft deg6 r=8
-37469,318182,-338365,-275914,1675306,-2117030,931020,559134,-1023101,322012,125940,-62360,12203,-2022,-11597,184,4801,780,-1381,-148,225,-16,-18,4,1 # cft deg6 r=8
-211,568,4917,-20168,31015,-24758,-1570,37776,-42334,21358,-7415,-2086,149,-3298,13950,-10664,3016,958,-1420,174,108,-60,2,8,1 # cft deg6 r=8
-700309,1260284,-2911971,3510424,-3810773,2197044,35919,-1493602,1958826,-860084,-132685,378720,-257860,22354,66989,-30970,-3646,6000,-813,-270,179,-42,-20,4,1 # cft deg6 r=4
2225,-3700,-12915,374870,218291,457544,582618,-110342,300518,461542,-85149,-20106,120595,16566,-7620,7482,-3516,-3286,1834,1096,-162,-138,0,8,1 # cft deg6 r=4
1750480,965280,4482976,7997600,10196780,15420536,17680520,15048660,13341385,10129366,5111005,2138574,891425,-168378,-452758,-67466,120415,36998,-13666,-5198,890,326,-38,-8,1 # cft deg6 r=0
69096029,-27040854,-158993957,47022324,249671406,-54667612,-166079968,67326514,81107498,-56717052,-6326961,15839264,-2259460,-2270582,845174,118456,-120788,17072,7025,-3158,112,192,-30,-4,1 # cft deg6 r=0
-10069,-239531,-704325,-1302478,-1252765,-603876,306148,568806,308264,-83501,-167979,-77366,31359,46656,15360,-7886,-6736,-407,1447,526,-53,-82,-14,2,1 # cft deg6 r=4
