# IGP24 class field sweep: deg6.
211,292,66834,282724,510829,689644,628436,-297948,-909626,361172,468096,-638520,235212,2636,16420,7424,-25282,7936,2006,-1052,-48,44,16,-8,1 # cft deg6 r=0
788243,640564,-778402,-425044,1511038,-1376892,484054,319256,-524020,386748,-152794,-52912,145215,-87160,-3756,36896,-14818,-3692,3916,-576,-342,132,4,-8,1 # cft deg6 r=0
21555857,-88888788,191776128,-272467740,280194429,-217882696,132289770,-65756628,29875506,-14361648,7116878,-2778616,411738,349444,-299112,106432,-10106,-7632,3420,-268,-202,44,16,-8,1 # cft deg6 r=0
1367507,9230684,17781216,2471108,-19092958,-14738380,6780288,11215848,587510,-4338924,-1247762,958560,482657,-117680,-94882,608,9962,2552,-46,-632,-118,104,4,-8,1 # cft deg6 r=0
99779,144740,89038,-1119668,113558,1240324,450902,-1439144,-230580,531900,715486,-764784,98735,71880,32196,-35232,2598,1012,1564,-352,-342,132,4,-8,1 # cft deg6 r=0
24697,124300,399614,809756,1459462,1979944,2398372,2310280,1922214,1225096,616590,153336,-15351,-33624,9698,15504,7274,-1900,-1628,-464,204,48,4,-8,1 # cft deg6 r=0
64,512,2144,5696,11312,18144,25080,30704,32404,28064,19342,8792,253,-3800,-4502,-2896,-979,188,664,556,320,132,40,8,1 # cft deg6 r=0
108032,670720,2006272,4056960,6033888,6753376,5615000,3049552,749624,-515192,-426726,-102760,173013,141240,39472,-15384,-21741,-5524,2008,948,-86,-64,12,8,1 # cft deg6 r=0
62899712,108555776,148576128,194196352,176423744,156865856,151581800,96665296,31568816,11253312,9685830,1356264,-4117273,-2148188,300608,466144,49853,-47432,-11670,2492,1036,-56,-48,0,1 # cft deg6 r=0
172544,-1136128,3683968,-7437696,9929472,-9126208,6424424,-3857392,1507232,21280,-62650,-76216,-7489,-129836,124824,5824,-13875,5544,-862,-1316,700,56,-48,0,1 # cft deg6 r=0
4153024,-8054144,11225824,-5915840,-551600,4741184,-5097576,2600080,-809124,-418600,942158,-612640,289241,-14896,-167412,83048,23883,-13860,-3536,308,742,0,-48,0,1 # cft deg6 r=0
191872192,175941248,21996864,67843328,114763936,21334208,-25187128,11340448,21315832,2589944,-2397374,984816,396313,-782712,-263466,180880,81353,-19796,-12216,1148,1036,-28,-48,0,1 # cft deg6 r=0
916889,-2647508,4999722,-5723164,6020573,-5158624,4206478,-3045612,2020387,-1191636,750668,-328520,192577,-42940,37412,164,6307,4312,948,344,-149,-48,34,12,1 # cft deg6 r=0
13954403,10407032,-12347902,23248160,48950666,-7435992,-26321168,6061976,1996002,-10863268,-17674,7237896,2405078,-1128840,-225550,591200,282633,-17636,-35720,-3560,2088,340,-60,-8,1 # cft deg6 r=0
349324697,237121896,-220767062,-245151404,-72652911,25094244,78627046,77809796,16971029,-34861592,-23609170,6306928,8670591,-273152,-1829030,-110828,252789,26472,-23562,-2864,1457,168,-54,-4,1 # cft deg6 r=0
1849,-1032,-4982,-17900,158625,-428204,593734,-494332,227757,-2376,-79818,71888,-19545,21296,7378,6996,7565,-632,4270,-848,729,168,-54,-4,1 # cft deg6 r=0
57634011,183498048,217037880,91807344,-10119249,11147868,44286426,19463328,-9414468,-6085368,5052996,4530816,-206925,-1162332,-88074,267120,66528,-31896,-13068,1728,1203,-36,-54,0,1 # cft deg6 r=0
154443,930636,3408516,8751096,17246202,27036840,34576942,36493128,31870017,22811308,13042914,5603424,1509230,11724,-206580,-92624,-10476,7308,3878,696,-42,-56,-12,0,1 # cft deg6 r=0
125403561,-176254488,-14725602,92594760,52255809,-79496304,-19484438,30963840,15502086,-13120780,-5116836,3828444,1850591,-933780,-401802,185480,78747,-23076,-9718,2112,996,-64,-48,0,1 # cft deg6 r=0
64809,105192,-180594,-386184,164259,602220,18238,-520392,-130536,281696,93354,-113988,-39985,34728,28848,-1864,-6051,-2448,812,384,24,-28,-12,0,1 # cft deg6 r=0
112347,858276,2752380,4594644,3726729,195372,-2238534,-1773036,-722592,-663336,-529362,243648,752284,547236,138414,-43560,-39252,-6696,3094,1620,150,-72,-24,0,1 # cft deg6 r=0
1256481,-7217208,26629560,-35837028,-2493171,49944204,-36144120,-12949236,29231433,-8974452,-7727298,6173472,-292709,-1334100,513522,83292,-84777,7992,5290,-960,-333,96,30,-12,1 # cft deg6 r=0
23558259,-38043828,36737100,-5417640,-12678150,9794424,7582918,-13897368,8888697,-333380,-2297238,1162464,460454,-477204,74508,98512,-16884,-8100,2774,1752,390,-56,-36,0,1 # cft deg6 r=0
2732707,-9168972,9622350,-610020,-2951322,-444636,3735054,-4871664,3706146,-1600548,-20718,804048,-665899,118560,132768,-72012,-1590,9432,-2052,-36,117,-108,54,-12,1 # cft deg6 r=0
343611,305208,2522448,1828908,2739600,-6322572,7175268,-7229952,5443713,-3967068,2633058,-1365432,664285,-320544,117462,-34564,14616,-5796,1602,-936,501,-160,54,-12,1 # cft deg6 r=0
13234393,-22101624,6698502,5020652,-4329708,12523944,-8134892,-7355112,7030338,1783712,-938364,433272,389313,814920,734754,122272,-100884,-42516,2296,4656,780,-128,-48,0,1 # cft deg6 r=0
3541771,924204,7544160,-1165716,4701684,1772172,-1859976,2440296,-454986,-226248,507132,-304680,65657,54516,-42570,2364,9750,-3420,-1152,1188,-261,-72,54,-12,1 # cft deg6 r=0
1009,-6072,18234,-20988,3018,24516,-31680,29736,64656,-61260,137664,-68808,74783,-18600,20502,-6132,9390,-6660,4122,-2052,711,-180,54,-12,1 # cft deg6 r=0
5491,8772,18414,23772,-5154,-36828,-43650,-1200,72954,99516,100458,44304,45893,10032,29376,-12,5970,-5112,756,-804,477,-156,54,-12,1 # cft deg6 r=0
212551249,225298988,-504817778,202748440,68951505,-198969368,161742726,83725380,-141602174,-26718732,65341502,4174016,-17929359,699272,3028042,-442276,-327726,87500,23058,-9104,-831,512,-6,-12,1 # cft deg6 r=4
694121,-10810304,104063090,-496783512,388152909,405488984,-279927318,-165457896,51448814,-7404716,-22672224,5369124,5080367,1450476,1396566,135744,-421373,-133460,23546,14032,252,-552,-48,8,1 # cft deg6 r=4
29641,-900916,2972122,-7684376,13513777,-19884936,22108330,-20573716,13738426,-7105948,1313482,543072,-947743,257480,-5578,-67708,24826,7900,1158,2048,529,48,38,12,1 # cft deg6 r=4
-47,500,-1890,2280,2337,-9480,-7834,20028,26274,4396,-9170,-8384,3233,6424,3562,2724,434,-492,226,528,337,160,58,12,1 # cft deg6 r=4
-132023,-841216,-2446318,-4191224,-4419091,-2423384,349722,1747096,1286302,515460,1213592,3542692,5898247,6527036,5174774,3012832,1278779,377308,65906,1328,-2452,-552,-24,8,1 # cft deg6 r=4
108156049,-627538412,1665153442,-2611801448,2576351865,-1493079848,263834330,307852180,-247152510,30300828,57152514,-36119520,4186425,4860392,-2424666,101244,298322,-113948,7694,6784,-2327,224,38,-12,1 # cft deg6 r=4
-311,-46050,678183,-3564443,8299839,-7299023,-3844792,13645652,-11005976,1468398,2795661,-1272769,98520,-65456,93204,15294,-51716,-3205,6672,754,-226,-54,-18,2,1 # cft deg6 r=8
-16921,-1743575,6366778,-3673425,-25736505,34748252,139722417,161848332,117491597,80693582,52989290,24409947,6629476,782331,-482149,-439148,-107635,16594,9956,474,-114,-34,-22,0,1 # cft deg6 r=4
14401,-28948,-96388,388362,-1027489,1654074,-1534629,1321004,-112889,580842,639731,-107445,52581,-309710,-2691,-27592,28304,22355,-7106,-3028,721,202,-38,-6,1 # cft deg6 r=8
46619,527971,-2359320,-2258539,16902508,-8605713,-23228469,9300365,11848194,6514014,5551629,-8388101,-9397207,1049267,3267768,431523,-486715,-141435,27218,15429,637,-536,-63,6,1 # cft deg6 r=8
15470249,10188127,37325091,10307440,33591511,-4981929,16751052,-9625715,8633009,-4761235,5408061,-2572189,2249392,-1410435,585907,-288148,107999,-32937,11394,-3040,666,-180,32,-4,1 # cft deg6 r=0
38069,24596,26325,728564,-274490,448615,1985737,-2931396,-402936,1179270,-222248,467592,-363256,-164120,191792,-26906,11708,-32722,19660,-5482,1294,-358,54,-4,1 # cft deg6 r=4
-68849,-426173,-1479583,9018041,-7799187,-14888134,32271455,-15891709,-12566453,19134678,-7523538,-1103832,1470474,151041,-480848,193937,-21117,-15706,11180,-2796,-258,259,-26,-6,1 # cft deg6 r=8
28611801,0,-146440494,0,280069767,0,-271268580,0,165911409,0,-69891234,0,20425291,0,-4076802,0,545997,0,-47720,0,2583,0,-78,0,1 # cft deg6 r=12
64,0,-128,0,-1792,0,768,0,6224,0,-1696,0,-6272,0,976,0,1768,0,40,0,-112,0,-8,0,1 # cft deg6 r=12
5041,0,-25116,0,216,0,62204,0,-14934,0,-51736,0,13562,0,17544,0,-3571,0,-2624,0,274,0,148,0,1 # cft deg6 r=12
-94243463,1177905696,-2366073640,1409568952,-4066307002,7899192072,-1179728716,-7170024880,3744321545,2167651168,-1620320704,-332761888,319120854,36966504,-33522196,-5580544,2798262,397224,-131892,-21480,4556,552,-84,-8,1 # cft deg6 r=12
-25748006159,175837271960,-317421044480,6214311480,209372599648,-61609680832,-24947317812,6658070184,621995490,-72709112,401979128,-114956400,-13040506,5937448,-1917892,-1065648,317873,207152,-28812,-17456,2050,608,-72,-8,1 # cft deg6 r=12
5041,0,-119332,0,623444,0,-630124,0,-1109146,0,81596,0,394022,0,93880,0,-8431,0,-3124,0,-18,0,24,0,1 # cft deg6 r=12
9409,0,-90160,0,247438,0,-98112,0,-432003,0,385812,0,190438,0,-217028,0,-16014,0,18648,0,2256,0,84,0,1 # cft deg6 r=12
41209,0,-451878,0,598829,0,961086,0,-2527420,0,1723526,0,-225253,0,-181216,0,67193,0,-5810,0,-294,0,28,0,1 # cft deg6 r=16
41209,0,434826,0,1580985,0,2099160,0,73500,0,-1386112,0,-284690,0,182994,0,30996,0,-6048,0,-224,0,28,0,1 # cft deg6 r=8
692224,0,8825856,0,42658304,0,101713664,0,136122064,0,108812340,0,53204177,0,15871895,0,2810236,0,276718,0,13104,0,208,0,1 # cft deg6 r=0
313,-3418,19623,-52204,88650,-113660,124972,-144708,166455,-137600,59992,-16700,40461,-63978,44833,-10888,-4716,2570,1173,-1010,84,88,-16,-4,1 # cft deg6 r=0
84914077,-40475798,-652684130,479322068,1923754732,-2540093440,-177942086,1210010576,716758903,-1714655184,769560620,114330858,-182844579,24040050,20574472,-6668864,-768076,593004,-24242,-25632,3035,530,-94,-4,1 # cft deg6 r=0
164821177,-1618638130,6630897207,-14249895844,16034004462,-6200883236,-5461147472,6508034076,-504252945,-2396286152,1090873360,229917748,-270101403,19070382,34322185,-8208640,-1990788,923930,4137,-45458,4596,760,-124,-4,1 # cft deg6 r=0
313,-4334,41170,-201268,682612,-852256,1268890,-1212928,1812979,-1890096,1360988,-950838,577161,-292806,192388,-100280,21248,-5076,8050,-3936,215,266,-46,-4,1 # cft deg6 r=0
1215241,2881516,-10446534,-41181968,101123870,30739292,-111618595,-44179062,67051403,40003202,-21878899,-21821158,4241437,7329642,-450935,-1506590,32867,212806,-10579,-18768,2554,504,-94,-4,1 # cft deg6 r=0
1750009,-1733204,-5951622,7843600,5913110,-12803260,596777,8818314,-2545453,-5919238,5318045,-70894,-2093819,758634,393589,-262598,-37993,49966,-1219,-5184,670,240,-46,-4,1 # cft deg6 r=0
5383561,-717452,2722923,17035068,27727912,18461436,37028518,45791398,44896509,23613984,11467856,563276,-4037593,-2560884,-37433,457502,127856,-30364,-17533,-40,1190,90,-44,-4,1 # cft deg6 r=0
5698560529,-27899275518,59608736392,-68691841960,38545059335,2780916816,-19148623544,10267982338,984877319,-3154558256,862041468,373682964,-244236838,69632,30764125,-5493552,-1907259,692368,29221,-39350,3506,716,-112,-4,1 # cft deg6 r=0
109,282,1660,-4288,4691,-40152,131116,-234038,320003,-349304,305784,-221196,135650,-70288,32365,-14952,7029,-3056,1153,-278,-34,44,-4,-4,1 # cft deg6 r=0
395010877,1696847128,3095722630,3002125282,1296317124,-501067916,-1079445046,-588263930,3301995,176402262,84810174,-895360,-15239139,-5198490,277334,692470,179462,-25052,-22450,-1688,1441,172,-56,-4,1 # cft deg6 r=0
114057637,201947040,-26924239,-150894950,143105246,208235760,-81388309,-108665530,64703764,49830644,-31938441,-18244474,9126710,4614522,-1367007,-793262,85042,107860,2375,-14604,1734,460,-82,-4,1 # cft deg6 r=0
372373,-1408340,5429775,-15185196,32898448,-57535164,83036482,-97945946,93911709,-73904184,48620696,-27401476,13802627,-6539388,2903659,-1114738,348800,-97852,28991,-6784,206,354,-56,-4,1 # cft deg6 r=0
71677,-777042,6028193,-21663326,43445587,-52298646,33878789,981260,-26162230,27862862,-14270151,1005696,4473308,-4104372,2182362,-855564,279870,-80226,17428,-1224,-779,290,-30,-4,1 # cft deg6 r=0
92236825,315896430,204710972,-285050078,-23390670,930250832,1125216090,676221034,593950681,717146178,522553882,147524626,-41523125,-22476584,16457520,11600282,808154,-931980,-185554,25420,8259,-222,-148,0,1 # cft deg6 r=0
717709,6169974,25039064,63535796,110762505,135927796,114663404,58072386,3328753,-22664790,-23109600,-14217240,-4273146,2117778,2757223,867690,-136309,-142724,-16931,7610,1902,-144,-70,0,1 # cft deg6 r=0
29499781,338070894,1711887716,4533686410,7003796598,6437263040,3147920142,349391794,-239178431,187628130,280857754,67312426,-43531529,-24774728,1120644,3404018,435014,-234516,-55978,8500,3159,-126,-88,0,1 # cft deg6 r=0
3490827709,10190827486,-812723446,-19481074652,21380166800,-10769719606,1254226239,2288234710,-1243916873,-24153024,153209113,6119444,-23842317,711992,3316267,-782432,-18029,-11022,23727,-6994,778,-100,52,-12,1 # cft deg6 r=0
32017,0,-64034,0,58701,0,7332,0,-27090,0,8220,0,15080,0,402,0,-555,0,-50,0,95,0,-10,0,1 # cft deg6 r=0
32017,0,-96051,0,415931,0,-718847,0,632442,0,-363464,0,162145,0,-58988,0,17020,0,-3582,0,476,0,-33,0,1 # cft deg6 r=0
64,0,-1152,0,8352,0,-27184,0,28772,0,25772,0,-1759,0,-5788,0,-838,0,358,0,133,0,18,0,1 # cft deg6 r=0
1,0,38,0,2063,0,2092,0,10465,0,2394,0,-2581,0,1282,0,333,0,-272,0,91,0,-14,0,1 # cft deg6 r=0
625,0,300,0,1198,0,4608,0,1093,0,2320,0,7234,0,2008,0,694,0,188,0,36,0,4,0,1 # cft deg6 r=0
64,0,448,0,1424,0,10096,0,58648,0,-10560,0,9633,0,-1350,0,1049,0,-30,0,14,0,0,0,1 # cft deg6 r=0
625,0,2050,0,11999,0,-21180,0,15069,0,2398,0,571,0,422,0,265,0,48,0,7,0,2,0,1 # cft deg6 r=0
1,0,26,0,555,0,-7528,0,24221,0,-19682,0,2479,0,3274,0,-1227,0,24,0,67,0,-14,0,1 # cft deg6 r=0
49,588,1892,-6724,-6094,7318,15977,9546,-7271,-20470,-18510,-4988,8488,14030,11455,5570,972,-864,-841,-330,-23,46,28,8,1 # cft deg6 r=0
729,0,2106,0,7803,0,7660,0,3973,0,3474,0,3223,0,-1142,0,125,0,-48,0,19,0,2,0,1 # cft deg6 r=0
64,0,-896,0,7072,0,-32624,0,53972,0,52772,0,9421,0,-2598,0,-693,0,224,0,115,0,18,0,1 # cft deg6 r=0
1867,6688,18173,34068,49036,62060,69064,75892,82573,77714,66103,50360,28296,12556,8657,7236,4100,1558,442,88,29,38,26,8,1 # cft deg6 r=0
1,0,-28,0,52,0,1860,0,17582,0,11028,0,11810,0,4208,0,2085,0,404,0,110,0,8,0,1 # cft deg6 r=0
1,0,-22,0,323,0,-2152,0,9665,0,-8670,0,10711,0,-8942,0,3513,0,-640,0,75,0,-10,0,1 # cft deg6 r=0
262144,0,0,0,32768,0,0,0,5120,0,0,0,-192,0,0,0,80,0,0,0,8,0,0,0,1 # cft deg6 r=0
1,0,14,0,3167,0,14332,0,40409,0,12074,0,-2457,0,-690,0,65,0,-20,0,39,0,-10,0,1 # cft deg6 r=0
1,0,-38,0,2063,0,-2092,0,10465,0,-2394,0,-2581,0,-1282,0,333,0,272,0,91,0,14,0,1 # cft deg6 r=0
64,0,1536,0,62112,0,19952,0,23684,0,764,0,7309,0,-1766,0,859,0,-72,0,51,0,2,0,1 # cft deg6 r=0
1163,1676,5567,2168,9942,-6084,8026,-19820,13521,-12314,3569,7964,-12950,11880,-5467,-32,2534,-2746,1888,-1016,441,-154,42,-8,1 # cft deg6 r=0
625,0,-2050,0,11999,0,21180,0,15069,0,-2398,0,571,0,-422,0,265,0,-48,0,7,0,-2,0,1 # cft deg6 r=0
1,0,-26,0,555,0,7528,0,24221,0,19682,0,2479,0,-3274,0,-1227,0,-24,0,67,0,14,0,1 # cft deg6 r=0
529,0,6854,0,31171,0,-6932,0,10385,0,-3550,0,1983,0,-510,0,345,0,-76,0,31,0,-2,0,1 # cft deg6 r=0
729,0,-810,0,4743,0,-2344,0,6853,0,1158,0,-105,0,1706,0,1413,0,500,0,103,0,14,0,1 # cft deg6 r=0
3481,0,-7012,0,12410,0,-11152,0,3521,0,3612,0,-1310,0,-636,0,450,0,364,0,108,0,16,0,1 # cft deg6 r=0
59,432,1504,2836,2468,-686,-2379,6618,30777,62082,86034,93460,85124,67454,47371,29642,16516,8152,3543,1358,471,146,40,8,1 # cft deg6 r=0
529,0,-598,0,8035,0,-21856,0,27845,0,-19014,0,6235,0,-314,0,-263,0,136,0,-5,0,-2,0,1 # cft deg6 r=0
625,0,4750,0,13723,0,17680,0,8209,0,-870,0,-989,0,-618,0,629,0,-264,0,79,0,-14,0,1 # cft deg6 r=0
10201,0,12748,0,19920,0,8650,0,5992,0,390,0,-1081,0,-632,0,-82,0,-6,0,25,0,2,0,1 # cft deg6 r=0
64,0,960,0,6032,0,15952,0,18120,0,1052,0,6041,0,570,0,817,0,90,0,54,0,4,0,1 # cft deg6 r=0
729,0,810,0,4743,0,2344,0,6853,0,-1158,0,-105,0,-1706,0,1413,0,-500,0,103,0,-14,0,1 # cft deg6 r=0
729,0,-2106,0,7803,0,-7660,0,3973,0,-3474,0,3223,0,1142,0,125,0,48,0,19,0,-2,0,1 # cft deg6 r=0
64,0,-1600,0,11360,0,-13792,0,-6700,0,9648,0,5021,0,-550,0,-455,0,126,0,90,0,16,0,1 # cft deg6 r=0
10201,0,-12748,0,19920,0,-8650,0,5992,0,-390,0,-1081,0,632,0,-82,0,6,0,25,0,-2,0,1 # cft deg6 r=0
64,0,-1344,0,8160,0,-12752,0,23972,0,-8836,0,497,0,-244,0,694,0,-366,0,97,0,-14,0,1 # cft deg6 r=0
64,0,448,0,8800,0,-2976,0,4964,0,3012,0,1905,0,1012,0,734,0,146,0,1,0,2,0,1 # cft deg6 r=0
33856,0,-54464,0,-912,0,34784,0,31196,0,6996,0,-1735,0,-536,0,530,0,26,0,-15,0,2,0,1 # cft deg6 r=0
64,0,1344,0,8160,0,12752,0,23972,0,8836,0,497,0,244,0,694,0,366,0,97,0,14,0,1 # cft deg6 r=0
173,-966,5732,-18742,44412,-76178,96387,-91168,66773,-45078,39710,-45722,50682,-47616,37349,-24718,14010,-6810,2793,-960,297,-96,32,-8,1 # cft deg6 r=0
27,-126,297,-580,1053,-1200,-358,3860,-6720,5504,1391,-11772,20107,-22562,19827,-14156,8674,-4774,2332,-1016,398,-138,40,-8,1 # cft deg6 r=0
1669,1402,3481,1434,3446,960,-2731,-15786,8398,512,13409,-17850,9208,-4994,7060,-8304,5763,-2230,341,62,-4,-38,26,-8,1 # cft deg6 r=0
173,774,4519,13482,29496,71070,159025,277060,377120,422474,410919,355798,271774,180240,102750,50174,21351,8302,3161,1232,466,156,42,8,1 # cft deg6 r=0
64,0,-448,0,8800,0,2976,0,4964,0,-3012,0,1905,0,-1012,0,734,0,-146,0,1,0,-2,0,1 # cft deg6 r=0
307,278,-1119,3208,4561,-19000,20208,-8308,-3916,12440,-13229,5464,2915,-5822,4501,-1976,130,478,-310,56,50,-54,28,-8,1 # cft deg6 r=0
3229,5346,13547,2758,4518,-15798,2859,-5580,12262,854,3291,-4270,-804,2416,-364,-398,-253,362,-161,56,4,-36,26,-8,1 # cft deg6 r=0
3481,0,6814,0,2311,0,5096,0,2969,0,-9538,0,-1889,0,2598,0,457,0,-188,0,-17,0,6,0,1 # cft deg6 r=0
625,0,-4750,0,13723,0,-17680,0,8209,0,870,0,-989,0,618,0,629,0,264,0,79,0,14,0,1 # cft deg6 r=0
64,0,-320,0,1008,0,-7584,0,22556,0,-8948,0,9649,0,8836,0,4126,0,1062,0,181,0,18,0,1 # cft deg6 r=0
64,0,4032,0,79568,0,-41040,0,3416,0,10184,0,2225,0,-630,0,217,0,310,0,106,0,16,0,1 # cft deg6 r=0
1593,-9414,30933,-71566,121066,-152448,140437,-84642,16776,25868,-30899,15782,-1452,-6594,9332,-9024,7125,-4602,2553,-1178,474,-154,42,-8,1 # cft deg6 r=0
768637,0,0,0,527528,0,62491,0,133590,0,16606,0,16240,0,3432,0,1293,0,273,0,75,0,10,0,1 # cft deg6 r=0
1728,8064,4608,-27968,-18064,61312,31776,-88832,-23336,87296,156,-55332,11953,22364,-8656,-5802,3197,1045,-805,-141,156,19,-16,-2,1 # cft deg6 r=0
31077,56844,37698,-77080,-107450,-5299,83301,31073,-31231,-11976,13779,2109,-3542,-3855,-156,1650,778,-473,-101,139,30,-35,-8,2,1 # cft deg6 r=0
2190400,0,1095200,0,5352420,0,2572055,0,4418741,0,1343364,0,1119369,0,103445,0,-1755,0,-3,0,242,0,20,0,1 # cft deg6 r=0
8003620711,8874404166,1073019352,-22446371566,10104349899,5497021608,-3817760738,-842720680,1364804443,-508631350,97927998,7057638,-21452329,8850974,-242256,-1012976,385887,-44700,-16284,7990,-1223,-26,52,-12,1 # cft deg6 r=0
28673213248,-16394642720,-6815262496,7352760856,6398107556,-5607815808,-724723607,1621238134,-276461276,-270662510,117276771,32747316,-38270762,9651032,2236644,-2282100,710706,-86268,-15392,9278,-1781,50,52,-12,1 # cft deg6 r=0
3682561,0,8677718,0,8902279,0,5417603,0,2257945,0,674891,0,135613,0,14503,0,-636,0,-584,0,-80,0,3,0,1 # cft deg6 r=0
1163,3861,7638,7228,957,-5470,-6455,-1817,1611,-2934,1086,3050,-1699,589,975,-653,-131,191,-41,-83,35,13,-4,-2,1 # cft deg6 r=0
347,1373,-845,-2423,8197,-5561,18704,-22518,31956,-27685,28808,-20685,17691,-9372,8497,-2151,2756,-373,505,-4,72,18,7,2,1 # cft deg6 r=0
463,-2194,5698,-9435,11049,-13951,12847,-2343,9476,-931,9718,-4613,7363,-1683,2647,44,382,146,-13,107,-16,11,4,-2,1 # cft deg6 r=0
64,448,448,-2432,-5392,1360,23920,16576,-13744,15216,22364,-3076,7675,6407,3897,851,1478,921,182,120,71,25,1,0,1 # cft deg6 r=0
5227,-4923,-10015,31555,8589,-10854,34251,-27415,-17715,25324,-24021,7826,6695,-8680,6876,-2785,797,-55,-14,52,-13,21,1,0,1 # cft deg6 r=0
9203,-71444,251852,-516370,678198,-543286,198866,82088,-197728,155522,-16057,-109512,174807,-178656,141513,-93152,52332,-25362,10712,-3890,1221,-316,67,-10,1 # cft deg6 r=0
829,-11460,68995,-217142,410628,-523898,508777,-426912,342321,-275894,208675,-131224,79418,-59816,54046,-44968,31532,-18014,8664,-3430,1150,-308,67,-10,1 # cft deg6 r=0
10927,77378,259634,536188,769133,818814,659312,360682,34992,-197650,-278055,-241512,-149178,-55496,2465,24030,23873,15620,8094,3346,1146,310,67,10,1 # cft deg6 r=0
1,0,-24,0,198,0,-268,0,1681,0,52,0,-546,0,-72,0,70,0,12,0,-8,0,0,0,1 # cft deg6 r=0
882901,0,0,0,-85882,0,131238,0,57447,0,-25852,0,17801,0,-4980,0,3237,0,-1141,0,255,0,-26,0,1 # cft deg6 r=0
7744,30976,83088,-227664,342980,-583998,400523,-383394,262851,-100294,244268,-114704,216477,-138002,116293,-72110,38427,-18864,7433,-2678,820,-214,48,-8,1 # cft deg6 r=0
2887,23699,98536,131631,215592,143005,166940,61982,85839,-148057,535504,-549163,371198,-98286,-23724,38563,-17186,2810,1016,-993,398,-131,32,-6,1 # cft deg6 r=0
529,0,529,0,-2047,0,2438,0,14660,0,14211,0,9184,0,4207,0,1647,0,523,0,118,0,16,0,1 # cft deg6 r=0
4363,19780,83027,330464,1013404,2589076,5958635,11908584,19485434,25579514,27158634,23738360,17385297,10823362,5789607,2679052,1075766,374648,112676,29000,6293,1122,158,16,1 # cft deg6 r=0
28697,-69374,616610,-1198332,2229530,-2551332,2629017,-1834966,1116083,-296924,-25267,210226,-140072,97422,-26985,11194,3680,-1514,2320,-580,401,-58,33,-2,1 # cft deg6 r=0
39047,34258,89545,1560,27487,-72726,-16094,-26321,19094,7081,10973,-4254,2845,-304,-1697,897,-994,459,326,-199,32,23,-10,0,1 # cft deg6 r=0
625,0,3125,0,2475,0,-5340,0,-1309,0,3196,0,-451,0,-815,0,1083,0,-367,0,101,0,-15,0,1 # cft deg6 r=0
13457,-19354,71158,36630,165359,128674,224503,215328,146122,-22766,-127000,-104094,-15910,36024,38267,19234,6545,1492,157,66,122,86,35,8,1 # cft deg6 r=0
7291,27255,78006,155181,235547,268074,233406,151462,70220,17682,-1412,-5543,254,-110,3114,99,809,-353,246,-37,0,3,8,0,1 # cft deg6 r=0
33289,12628,2700,2476,3713,4403,-13475,10645,5773,-3697,23234,-12530,10083,-4193,1333,1065,-511,582,-203,33,-13,-19,6,-2,1 # cft deg6 r=0
8123,-87772,434920,-1277673,2473047,-3368803,3493361,-3124085,2692150,-2200959,1619772,-1086347,644233,-308649,131275,-59328,29734,-13476,4885,-1283,254,-51,20,-6,1 # cft deg6 r=0
1175877,0,391959,0,55404,0,-48303,0,131805,0,42396,0,27889,0,5888,0,1482,0,497,0,32,0,0,0,1 # cft deg6 r=0
1175877,0,-2351754,0,2845611,0,-2148552,0,1201851,0,-576237,0,247343,0,-88241,0,23504,0,-4306,0,505,0,-34,0,1 # cft deg6 r=0
5779831075,-4881094580,5908951894,-2267973912,1750682438,-1001741750,834968271,-567347066,332785561,-157097752,62831767,-19394314,5527710,-1689076,957938,-577580,304205,-127314,43634,-12612,3063,-616,102,-12,1 # cft deg6 r=0
23577439,-105901544,268450736,-512642264,782556306,-925884188,925752272,-803982266,545085271,-293790870,156375983,-85390068,41001425,-16100542,5613149,-1971434,676968,-200672,50969,-11910,2808,-588,102,-12,1 # cft deg6 r=0
10298857747,2335082404,9715454777,-925414378,4792477400,-2112984444,2089446175,-1122334520,704974215,-341374170,167842142,-72935246,31789860,-12875650,5080783,-1859158,640076,-201484,57809,-14862,3348,-644,102,-12,1 # cft deg6 r=0
4580249,0,-4716296,0,909474,0,1019851,0,-758415,0,193753,0,17380,0,-30018,0,11195,0,-2398,0,323,0,-26,0,1 # cft deg6 r=0
4580249,0,-2494195,0,2135983,0,-958058,0,362645,0,-92261,0,22405,0,-2664,0,211,0,-21,0,33,0,-7,0,1 # cft deg6 r=0
307,1838,7909,14892,36030,20706,58664,24738,44774,16166,28345,-860,14631,-3100,3827,-1098,1128,-654,442,-182,76,-28,13,-4,1 # cft deg6 r=0
64,0,384,832,1816,-2606,2211,334,5,-588,1542,-338,-355,30,80,-328,-143,44,12,-24,17,24,7,-2,1 # cft deg6 r=0
1086037,0,-1086037,0,722430,0,-76498,0,6421,0,-27578,0,11559,0,10974,0,2448,0,541,0,117,0,10,0,1 # cft deg6 r=0
235706557,568486870,288351990,-113224332,153582816,123434690,-1786253,-31258002,22295775,-3886060,9376685,-5211032,1154419,-1184716,1154031,-531512,152691,-60234,26799,-8282,1890,-376,76,-12,1 # cft deg6 r=0
518806256,-835767808,69892560,748778976,-523588720,-92518264,245455336,-82824584,-20936124,24224592,-7447824,-154558,1150047,-449398,63936,7320,-11785,4812,-184,-222,-27,34,0,-4,1 # cft deg6 r=0
594210211,-1135248674,-1361476826,2508653810,2405866393,-1086723382,-2001156256,-148511480,885390336,34295590,-203597958,38310246,22848441,-5851114,-337568,-226400,112916,63210,-10986,-4902,1053,190,-36,-4,1 # cft deg6 r=0
1,0,-2,0,11,0,-20,0,46,0,-54,0,71,0,-40,0,10,0,10,0,15,0,4,0,1 # cft deg6 r=0
1,0,-6,0,11,0,0,0,22,0,-154,0,351,0,-448,0,362,0,-190,0,63,0,-12,0,1 # cft deg6 r=0
1,0,2,0,11,0,24,0,22,0,-6,0,-9,0,-20,0,26,0,-2,0,-1,0,4,0,1 # cft deg6 r=0
516112,0,1032224,0,656448,0,-2312,0,-159364,0,-36668,0,22469,0,17511,0,6618,0,1507,0,234,0,23,0,1 # cft deg6 r=0
33641,0,201846,0,527829,0,788890,0,743826,0,462270,0,193389,0,55254,0,10978,0,1554,0,165,0,14,0,1 # cft deg6 r=0
1707557,0,690289,0,1569741,0,1037851,0,833105,0,361974,0,145955,0,36712,0,8395,0,1133,0,154,0,8,0,1 # cft deg6 r=0
1707557,0,435972,0,-274066,0,-532383,0,208399,0,5976,0,-5265,0,-5330,0,3025,0,-357,0,-15,0,9,0,1 # cft deg6 r=0
588688,0,1177376,0,693488,0,-24232,0,-128896,0,-10232,0,17521,0,5858,0,1159,0,316,0,55,0,2,0,1 # cft deg6 r=0
595984,0,1191968,0,932576,0,285640,0,-36228,0,-45268,0,-4359,0,3683,0,802,0,-125,0,-38,0,3,0,1 # cft deg6 r=0
6413,0,0,0,3190,0,4048,0,3755,0,4004,0,2696,0,2164,0,951,0,12,0,-46,0,-4,0,1 # cft deg6 r=0
6413,0,0,0,-2398,0,4928,0,2291,0,-2836,0,-1272,0,1036,0,911,0,180,0,70,0,4,0,1 # cft deg6 r=0
6413,0,0,0,-5082,0,-7436,0,-549,0,2148,0,3176,0,1836,0,1015,0,140,0,-14,0,0,0,1 # cft deg6 r=0
1498176,0,-6367248,0,8331768,0,-1339821,0,-2588031,0,-859734,0,754572,0,500367,0,76789,0,1419,0,129,0,-3,0,1 # cft deg6 r=0
80565691,202012720,-60906769,-481402832,1122124650,-1355588882,1070722152,-534669596,189842670,-15470890,-628696,-1197124,4848261,-1794192,357578,57132,63192,-45526,9484,1000,-491,-60,58,-12,1 # cft deg6 r=0
131,6,-1352,902,6537,-19526,31099,-25838,484,12726,-5562,-982,5478,-2064,537,2196,-71,-80,283,16,-4,22,-1,-2,1 # cft deg6 r=0
1,0,50,0,445,0,-5030,0,16470,0,-24120,0,19815,0,-7294,0,1928,0,-334,0,60,0,-8,0,1 # cft deg6 r=0
5184,0,9792,0,2768,0,-8848,0,-3048,0,3836,0,2633,0,-2806,0,597,0,18,0,6,0,-8,0,1 # cft deg6 r=0
607,-4032,15685,-16022,292,-13016,18160,11558,-3232,-13642,5374,-3526,-463,1562,872,-92,-12,156,69,-72,-19,22,-1,-2,1 # cft deg6 r=0
17161,0,36126,0,24637,0,8010,0,5910,0,4256,0,1087,0,-58,0,144,0,86,0,-12,0,-4,0,1 # cft deg6 r=0
4489,0,-666,0,8395,0,104,0,5709,0,-1182,0,2315,0,-1550,0,321,0,-156,0,31,0,2,0,1 # cft deg6 r=0
64,0,832,0,4576,0,13280,0,21252,0,18424,0,9061,0,1750,0,813,0,-30,0,42,0,-4,0,1 # cft deg6 r=0
1,0,-40,0,510,0,-120,0,-3203,0,4140,0,10346,0,-1452,0,670,0,-216,0,36,0,-4,0,1 # cft deg6 r=0
5184,0,576,0,-22448,0,11920,0,52936,0,9792,0,-4431,0,506,0,933,0,-10,0,-50,0,0,0,1 # cft deg6 r=0
5184,0,-576,0,-22448,0,-11920,0,52936,0,-9792,0,-4431,0,-506,0,933,0,10,0,-50,0,0,0,1 # cft deg6 r=0
51529,0,67806,0,68737,0,35470,0,9022,0,-2808,0,-2737,0,-798,0,280,0,118,0,16,0,-12,0,1 # cft deg6 r=0
2209,0,-1016,0,5176,0,-6360,0,11306,0,2932,0,1966,0,-3384,0,245,0,388,0,-14,0,-12,0,1 # cft deg6 r=0
29929,0,32964,0,17042,0,1648,0,-2695,0,76,0,-318,0,-300,0,90,0,20,0,12,0,-8,0,1 # cft deg6 r=0
262144,0,0,0,16384,0,0,0,10240,0,0,0,1088,0,0,0,160,0,0,0,4,0,0,0,1 # cft deg6 r=0
961,0,-3658,0,3047,0,-1060,0,2845,0,3110,0,3963,0,2618,0,2353,0,384,0,-29,0,-2,0,1 # cft deg6 r=0
1,0,-4,0,12,0,2196,0,11278,0,1788,0,7898,0,2136,0,1261,0,228,0,78,0,8,0,1 # cft deg6 r=0
64,0,-1600,0,25168,0,-21488,0,42168,0,-19488,0,17657,0,-1922,0,1537,0,-166,0,54,0,-4,0,1 # cft deg6 r=0
64,0,1600,0,25168,0,21488,0,42168,0,19488,0,17657,0,1922,0,1537,0,166,0,54,0,4,0,1 # cft deg6 r=0
2209,0,-9144,0,17456,0,13324,0,1610,0,-8132,0,-2226,0,1404,0,501,0,-88,0,-30,0,4,0,1 # cft deg6 r=0
64,384,1152,1536,-1152,160,12208,-12624,7236,3392,1832,-1888,2161,1180,199,772,43,158,47,48,17,0,7,-2,1 # cft deg6 r=0
81,0,396,0,1478,0,2920,0,5381,0,4264,0,8970,0,3624,0,1406,0,292,0,60,0,4,0,1 # cft deg6 r=0
4489,0,-18516,0,24850,0,-15480,0,11217,0,-4516,0,-2342,0,1628,0,186,0,-172,0,-12,0,8,0,1 # cft deg6 r=0
1,0,-240,0,14068,0,54146,0,77364,0,46290,0,10739,0,-524,0,-486,0,90,0,73,0,14,0,1 # cft deg6 r=0
131,480,1501,-4910,10124,-4122,4092,-4550,6801,-6488,5385,-5160,2648,-1732,1405,-952,911,-536,282,-170,56,-18,7,-2,1 # cft deg6 r=0
22201,0,1336,0,26844,0,18708,0,-4270,0,-3420,0,898,0,748,0,105,0,-32,0,-6,0,4,0,1 # cft deg6 r=0
1,0,-20,0,220,0,-1504,0,6678,0,-9932,0,9682,0,388,0,381,0,96,0,54,0,8,0,1 # cft deg6 r=0
64,0,128,0,592,0,368,0,3576,0,952,0,5873,0,6880,0,2982,0,626,0,97,0,14,0,1 # cft deg6 r=0
2209,0,9144,0,17456,0,-13324,0,1610,0,8132,0,-2226,0,-1404,0,501,0,88,0,-30,0,-4,0,1 # cft deg6 r=0
81,0,-396,0,1478,0,-2920,0,5381,0,-4264,0,8970,0,-3624,0,1406,0,-292,0,60,0,-4,0,1 # cft deg6 r=0
1,0,4,0,12,0,-2196,0,11278,0,-1788,0,7898,0,-2136,0,1261,0,-228,0,78,0,-8,0,1 # cft deg6 r=0
141376,0,132608,0,79440,0,28192,0,3080,0,3404,0,-855,0,58,0,317,0,-94,0,30,0,-8,0,1 # cft deg6 r=0
15625,0,-57500,0,122850,0,-136104,0,54777,0,11140,0,-9358,0,388,0,90,0,60,0,12,0,-8,0,1 # cft deg6 r=0
8,-40,652,-1088,1064,-980,-4681,3532,5022,-1328,1999,4014,1275,2388,2485,-312,-484,440,142,-126,9,28,-5,-2,1 # cft deg6 r=0
2209,0,4310,0,-2997,0,-9812,0,109,0,10462,0,6607,0,-246,0,-227,0,-124,0,7,0,2,0,1 # cft deg6 r=0
125,400,-205,1758,8632,-29270,37952,-29438,15820,-3108,-9850,14218,-7979,1186,884,-664,898,-378,255,-52,43,2,9,-2,1 # cft deg6 r=0
6561,0,6804,0,7930,0,2404,0,-2331,0,3208,0,2070,0,276,0,1122,0,280,0,-48,0,-8,0,1 # cft deg6 r=0
81,0,126,0,2099,0,-1808,0,13125,0,3318,0,-273,0,-594,0,397,0,300,0,103,0,14,0,1 # cft deg6 r=0
67,-156,185,-422,574,-324,1292,-1482,1422,-530,-1830,2290,1401,2102,612,180,266,-84,125,0,57,-2,7,-2,1 # cft deg6 r=0
17161,0,-36126,0,24637,0,-8010,0,5910,0,-4256,0,1087,0,58,0,144,0,-86,0,-12,0,4,0,1 # cft deg6 r=0
1,0,-50,0,445,0,5030,0,16470,0,24120,0,19815,0,7294,0,1928,0,334,0,60,0,8,0,1 # cft deg6 r=0
64,0,-832,0,4576,0,-13280,0,21252,0,-18424,0,9061,0,-1750,0,813,0,30,0,42,0,4,0,1 # cft deg6 r=0
29929,0,-32964,0,17042,0,-1648,0,-2695,0,-76,0,-318,0,300,0,90,0,-20,0,12,0,8,0,1 # cft deg6 r=0
1,0,40,0,510,0,120,0,-3203,0,-4140,0,10346,0,1452,0,670,0,216,0,36,0,4,0,1 # cft deg6 r=0
5184,0,-9792,0,2768,0,8848,0,-3048,0,-3836,0,2633,0,2806,0,597,0,-18,0,6,0,8,0,1 # cft deg6 r=0
1984,23808,91904,87680,19152,-15200,47456,84112,61176,-3696,11732,18076,15435,7488,3997,2360,1107,608,496,426,272,122,39,8,1 # cft deg6 r=0
31,-31,679,218,2995,9318,13521,4613,38065,-11378,13242,-2139,-2277,1346,-3,172,-167,-121,-32,-63,37,13,-8,0,1 # cft deg6 r=0
31,-217,466,2443,8119,22454,43176,55464,44102,13744,-12906,-20939,-14408,-4616,1970,4653,4709,3463,2032,959,394,137,40,8,1 # cft deg6 r=0
1,0,-9,0,140,0,-994,0,2472,0,832,0,-775,0,-252,0,102,0,13,0,-9,0,1,0,1 # cft deg6 r=0
7499,34482,83016,135155,158346,129831,60859,-16194,-69718,-87932,-77873,-52641,-23473,1043,15330,18715,15058,9301,4655,1925,669,193,46,8,1 # cft deg6 r=0
15872,7936,-37120,15936,24896,-30272,38976,2496,-20160,-368,-8016,-2164,4484,1648,756,113,-465,-72,35,3,25,1,-8,0,1 # cft deg6 r=0
9730125,0,12973500,0,8928000,0,5024325,0,2432590,0,925800,0,282533,0,65020,0,12845,0,1829,0,224,0,15,0,1 # cft deg6 r=0
9730125,0,0,0,125550,0,-113925,0,49585,0,178560,0,-6312,0,-5463,0,2560,0,-177,0,-19,0,6,0,1 # cft deg6 r=0
9730125,0,-12973500,0,8383950,0,-2673750,0,129295,0,201480,0,-70787,0,6096,0,3185,0,-549,0,-53,0,10,0,1 # cft deg6 r=0
158689,-411556,-344363,1264644,-706021,911454,897687,-3930078,256432,4971874,205663,-11385412,16814112,-14627726,9423352,-4795608,1972660,-666834,185192,-42542,8135,-1210,156,-12,1 # cft deg6 r=0
5393206883,-16688172254,29830335830,-39263838200,41302681269,-36199182032,27551056310,-18288440306,10915094849,-5806480160,2824844384,-1235632000,498426202,-180649468,60603517,-18096776,5010673,-1209324,271343,-50914,8954,-1204,156,-12,1 # cft deg6 r=0
699787721,-675339614,5710627012,-7462013964,11806148958,-11173061952,10841928779,-7970433498,5701812713,-3357392366,1878150191,-895030768,400154509,-154369218,55468921,-17196712,4947127,-1213020,275865,-51810,9080,-1216,156,-12,1 # cft deg6 r=0
10387729,0,-16060209,0,9771828,0,-938465,0,-605721,0,157172,0,224052,0,72683,0,15744,0,2467,0,272,0,16,0,1 # cft deg6 r=0
10387729,0,-7586942,0,7396477,0,-2485186,0,-471598,0,148780,0,192967,0,-77050,0,5568,0,442,0,16,0,7,0,1 # cft deg6 r=0
106929,0,106929,0,167751,0,-355776,0,90645,0,24339,0,34834,0,14091,0,-2739,0,-1300,0,435,0,-27,0,1 # cft deg6 r=0
1710864,0,1710864,0,5619168,0,2445960,0,2740308,0,1326960,0,92461,0,-82878,0,17643,0,-1636,0,195,0,-6,0,1 # cft deg6 r=0
567271741,-1226571522,1772735229,-1896369718,1086446061,53283558,-713676118,598796790,44644647,-381837748,161354889,65739300,-53176782,-6214770,11057439,-788838,-1191693,216450,66102,-19362,-1239,752,-21,-12,1 # cft deg6 r=0
3897,0,-15588,0,12978,0,14424,0,-13269,0,-11724,0,2584,0,4908,0,2283,0,592,0,102,0,12,0,1 # cft deg6 r=0
433,0,2598,0,10389,0,27722,0,46218,0,48486,0,33393,0,15510,0,4962,0,1118,0,177,0,18,0,1 # cft deg6 r=0
109,0,-654,0,1689,0,-3034,0,4422,0,-3222,0,1517,0,-786,0,246,0,-26,0,21,0,-6,0,1 # cft deg6 r=0
139525,-202620,620892,-1921208,3676878,-4815216,4975528,-4625076,4107723,-3385592,2514444,-1687080,1050792,-614640,334884,-167152,75951,-31836,12520,-4560,1482,-400,84,-12,1 # cft deg6 r=0
109,0,-654,0,2421,0,-5930,0,9450,0,-9450,0,6341,0,-2886,0,942,0,-226,0,45,0,-6,0,1 # cft deg6 r=0
1349008,4617312,10158432,16281088,21587712,24494112,24594880,22183872,18154800,13613776,9379392,5981232,3527064,1929528,977448,456728,196836,77016,27388,8544,2340,524,96,12,1 # cft deg6 r=0
28069,-85164,125166,-137720,163446,-139620,110158,-69708,77487,-51920,45156,-40992,34836,-19728,14868,-8680,3819,-2100,2014,-1608,870,-316,78,-12,1 # cft deg6 r=0
109,0,0,0,-186,0,-748,0,2715,0,-1836,0,824,0,-660,0,279,0,28,0,-30,0,0,0,1 # cft deg6 r=0
114534626273,-514995653532,1055331834965,-1275782825932,974037536967,-445949048940,71358072836,53409275072,-43749982471,13579861892,-96695921,-1624517264,627692102,-62411288,-33398657,14227940,-1487679,-464528,167796,-11164,-3977,844,-11,-12,1 # cft deg6 r=0
1357133,0,2027524,0,1453602,0,764809,0,429639,0,250580,0,119087,0,40334,0,9253,0,1451,0,173,0,17,0,1 # cft deg6 r=0
1357133,0,-2027524,0,1506698,0,-680367,0,156135,0,-3792,0,-10449,0,3230,0,817,0,-649,0,161,0,-19,0,1 # cft deg6 r=0
10201,0,-5126,0,-7515,0,9326,0,-1926,0,-894,0,1797,0,-2022,0,1386,0,-538,0,117,0,-14,0,1 # cft deg6 r=0
81,0,306,0,-2059,0,-4450,0,23570,0,-15398,0,10901,0,-2358,0,290,0,158,0,-27,0,2,0,1 # cft deg6 r=0
4761,16284,-11392,-61708,49770,118052,-146920,-56012,209015,-139816,-40096,124456,-33532,-86440,111376,-71336,30495,-8404,448,676,-142,-92,56,-12,1 # cft deg6 r=0
6561,0,-18954,0,18225,0,-1422,0,-5158,0,-1346,0,2265,0,970,0,-642,0,-26,0,69,0,-14,0,1 # cft deg6 r=0
234161,-214828,1023022,2361944,5998061,9510168,12379050,13560828,12042226,8958700,5790518,3367008,1876013,994008,515678,254708,119042,50484,19202,6416,1853,448,86,12,1 # cft deg6 r=0
10201,0,5126,0,-7515,0,-9326,0,-1926,0,894,0,1797,0,2022,0,1386,0,538,0,117,0,14,0,1 # cft deg6 r=0
39241,143188,334458,711192,894537,279296,-994546,-1977172,-1496386,-193780,741762,929352,677305,352224,131486,29900,2166,84,794,792,545,248,70,12,1 # cft deg6 r=0
44433,245076,746662,1588984,2595821,3250408,3334074,3029052,2560722,2052876,1517038,1035136,672285,404648,224238,118452,57618,23988,8090,2224,653,240,70,12,1 # cft deg6 r=0
24649,0,24766,0,15801,0,-7662,0,-15158,0,-1722,0,4009,0,1098,0,-290,0,-114,0,-3,0,2,0,1 # cft deg6 r=0
1,0,22,0,269,0,1218,0,42950,0,-11594,0,7025,0,146,0,602,0,78,0,33,0,2,0,1 # cft deg6 r=0
147456,-786432,2932736,-8896512,20467712,-32702464,34398208,-22745088,8979456,-2875392,2621952,-2661888,1571584,-579072,226944,-170496,120160,-54528,13984,-1056,-352,16,44,-12,1 # cft deg6 r=0
425104,4089344,18092480,47904256,83595232,99237472,78617312,36490464,3053456,-7446368,-3420656,1545264,2345688,984928,3136,-150192,-33304,19976,12632,2168,-112,0,44,12,1 # cft deg6 r=0
1,0,-22,0,269,0,-1218,0,42950,0,11594,0,7025,0,-146,0,602,0,-78,0,33,0,-2,0,1 # cft deg6 r=0
48089,-82156,-201070,-52640,492665,956136,688734,215092,742822,2340564,3802914,4084672,3240825,1998016,964518,352876,86470,5276,-6630,-3256,-615,48,54,12,1 # cft deg6 r=0
6561,0,-17010,0,8797,0,5906,0,-2238,0,-2970,0,1501,0,-42,0,-206,0,18,0,45,0,-2,0,1 # cft deg6 r=0
5966608,34055296,87131264,128047232,115075648,61813856,19699520,11254752,18465344,21390752,17238880,10829424,5463720,2136320,616720,136560,32048,8872,896,-584,-124,96,56,12,1 # cft deg6 r=0
15857,-63908,68386,183936,15165,145784,226678,111924,974490,2457684,2857498,2067880,1136417,535680,222910,90436,42882,23172,11834,4992,1685,440,86,12,1 # cft deg6 r=0
1,0,-138,0,8033,0,-22718,0,34474,0,-28250,0,19265,0,-6958,0,2086,0,-482,0,93,0,-14,0,1 # cft deg6 r=0
10609,3708,-44714,-24392,194645,238184,-111974,-496980,-339054,180692,454286,244608,-71627,-184872,-113538,-15148,29058,27468,13562,4480,1157,288,70,12,1 # cft deg6 r=0
4096,24576,57344,73728,91136,151552,225280,234496,217088,199168,143360,79360,72640,86784,78080,63040,45664,23008,6592,832,92,112,56,12,1 # cft deg6 r=0
531017,3779572,12332956,23272908,27433746,19487836,4612620,-7287956,-10758473,-7691576,-2899048,478456,1680020,1373416,678248,242824,79983,25572,4396,-1028,-646,-36,44,12,1 # cft deg6 r=0
9,-240,934,8532,29001,57960,77806,71856,42494,6432,-13150,-4252,15981,16168,-1570,-10208,-3902,1928,1806,148,-267,-88,10,8,1 # cft deg6 r=0
1,0,-10,0,50,0,-134,0,143,0,164,0,188,0,-164,0,143,0,134,0,50,0,10,0,1 # cft deg6 r=0
1,0,-14,0,71,0,-76,0,-126,0,-46,0,247,0,472,0,342,0,94,0,59,0,8,0,1 # cft deg6 r=0
1,0,-8,0,59,0,-94,0,342,0,-472,0,247,0,46,0,-126,0,76,0,71,0,14,0,1 # cft deg6 r=0
1,0,10,0,50,0,134,0,143,0,-164,0,188,0,164,0,143,0,-134,0,50,0,-10,0,1 # cft deg6 r=0
1901,-3468,18766,-28292,37633,-10780,25694,4944,-5810,-2156,38014,30276,1945,-17620,-10614,2640,6566,2812,-6,-516,-167,12,26,8,1 # cft deg6 r=0
26533,119444,361050,735916,1106273,1265480,1103522,765624,438758,210868,110270,83084,64417,43064,25382,13336,6306,2652,1086,436,133,48,26,8,1 # cft deg6 r=0
1,0,18,0,119,0,352,0,346,0,-626,0,215,0,-144,0,62,0,10,0,-5,0,4,0,1 # cft deg6 r=0
1,0,-2,0,15,0,-16,0,-46,0,186,0,15,0,60,0,758,0,-310,0,75,0,-8,0,1 # cft deg6 r=0
3754512,-11397888,7206336,8879136,-9958816,-2119456,3292944,1668224,-359840,-1457232,138960,443664,36392,-78688,-49584,19064,11512,-2712,-1188,-240,248,20,-12,-4,1 # cft deg6 r=0
1,0,4,0,-5,0,10,0,62,0,-144,0,215,0,-626,0,346,0,352,0,119,0,18,0,1 # cft deg6 r=0
29200,0,-21900,0,17445,0,21380,0,19584,0,-143352,0,122280,0,-28035,0,576,0,236,0,300,0,24,0,1 # cft deg6 r=0
467200,0,700800,0,15780720,0,-967480,0,2342349,0,-362565,0,213582,0,-18072,0,-1899,0,-88,0,138,0,15,0,1 # cft deg6 r=0
467200,0,1752000,0,5774880,0,9529760,0,11174949,0,6425703,0,2170398,0,1944,0,81,0,-3688,0,138,0,15,0,1 # cft deg6 r=0
13421,190468,2323442,-2677328,-1492847,6662544,-5530678,282764,3268838,-3869836,3727610,-3742312,3299977,-2276584,1239398,-565156,234070,-90868,32206,-9824,2529,-536,94,-12,1 # cft deg6 r=0
2677424,-1937312,2370272,-5500672,12108448,-4621784,9332232,-9019400,12628600,-8943776,5270668,-1532594,145927,194878,-38560,-55728,74067,-46852,22172,-7962,2333,-530,96,-12,1 # cft deg6 r=0
187489,0,190520,0,71282,0,94480,0,125663,0,100800,0,55020,0,19440,0,4447,0,520,0,2,0,0,0,1 # cft deg6 r=0
247009,0,-445312,0,706034,0,-710136,0,429055,0,-178768,0,54668,0,-13056,0,2879,0,-560,0,98,0,-8,0,1 # cft deg6 r=0
-13579,-37481,-17538,107189,321307,537287,665164,640228,459847,221195,62862,28544,46510,41692,12712,-7472,-8236,-2043,963,730,81,-66,-20,2,1 # cft deg6 r=4
-139,703,1136,-2249,-169,5729,-2794,-5636,6141,2537,-5064,-658,3220,-170,-1592,512,436,-157,-57,26,23,8,-8,-2,1 # cft deg6 r=4
169,845,5934,19971,51131,104827,160602,186786,168045,102019,23060,-17176,-22800,-23104,-13036,5070,9160,1359,-2123,-594,273,78,-22,-4,1 # cft deg6 r=0
-72109,639626,-2825070,7883154,-14901592,19000318,-14630879,2954420,6878639,-7570268,2070804,1845732,-1620427,129950,358708,-133514,-31507,27192,-787,-2822,419,158,-35,-4,1 # cft deg6 r=4
1,-1,-30,165,1191,1393,100,1104,-3023,-5959,-444,7794,2600,236,-4472,-3134,3064,699,-935,166,157,-58,-18,4,1 # cft deg6 r=8
1038338077,-7311215772,26106804946,-58798963296,90601341673,-103337461680,93863041826,-67977197052,41764778062,-21973934340,10225607458,-4208263704,1564967489,-522279696,159190678,-43353444,10745350,-2325180,457286,-76008,11713,-1416,166,-12,1 # cft deg6 r=0
2144606815657,-4840112823852,5466265567354,-4734295023504,3486355612441,-1891126983960,1054348309082,-409641865452,177023472202,-50530891716,17034559594,-3499846920,1009685321,-164627784,58951414,-9507108,3318154,-415164,105926,-11208,3337,-528,118,-12,1 # cft deg6 r=0
3713,55944,356186,91204,743301,-64928,944390,-101628,849174,-176828,405154,-152196,152385,-41308,38430,-16744,-758,2876,-242,-352,85,8,-14,0,1 # cft deg6 r=0
589761,-974754,-7903462,-3326924,35987105,79475492,65594600,21669304,33352362,82010586,84170174,41295780,7747325,-1736340,-1727156,-827264,-227106,25054,38862,8724,-603,-472,-32,8,1 # cft deg6 r=0
354803,1492840,3703594,8471600,16697985,24935700,30671080,39752756,57039352,72017804,67739666,43424580,16111269,531796,-2936500,-1537444,-246544,83304,48558,7072,-1035,-448,-24,8,1 # cft deg6 r=0
80656,-236288,410128,-71680,225536,-883008,574736,178160,311520,142480,75664,173536,237912,136448,-6468,-42304,-14268,4496,4048,452,-360,-112,8,8,1 # cft deg6 r=0
184840675,-1005711270,2481461662,-3961585002,4832565181,-4418361798,3403662668,-2279729136,1557647764,-1027877862,667392850,-383434974,195650729,-86844786,33969208,-11584416,3522256,-925986,219674,-43722,7945,-1122,148,-12,1 # cft deg6 r=0
9360391600,32035587360,56096793136,45506362848,42848219824,3738355752,11605883624,-5248760256,3901901956,-1168888896,298001848,68182782,-25853737,6781062,-49616,-697872,73255,8724,-5008,1518,253,-210,64,-12,1 # cft deg6 r=0
10161,0,60966,0,360789,0,1030530,0,2604166,0,3593782,0,2989201,0,1304074,0,574622,0,92094,0,7181,0,154,0,1 # cft deg6 r=0
602213,0,-1949537,0,3088230,0,2519818,0,-1059045,0,-609226,0,127999,0,21562,0,-2041,0,934,0,202,0,11,0,1 # cft deg6 r=0
602213,0,-2327196,0,3756898,0,-2873139,0,1020375,0,-13032,0,-177041,0,77166,0,3945,0,-3741,0,577,0,-39,0,1 # cft deg6 r=0
