# IGP24 class field sweep: deg6.
97,723,2531,6853,3173,-53214,96494,-106949,58641,-54865,96029,-53989,69806,221,18399,9270,4895,3303,1183,622,303,110,40,10,1 # cft deg6 r=0
-1319,9067,12975,-12456,-87682,-157497,-158590,-174923,-154608,-85561,-16076,12177,21057,39048,40364,22314,8342,3071,888,-117,-216,-50,14,8,1 # cft deg6 r=4
663717,193950,1678716,-228006,533516,-839424,428550,-1861866,-253576,-1043372,86596,-587676,60043,-71578,46763,-7946,-4077,-230,665,1406,682,248,61,10,1 # cft deg6 r=4
661976677,3597420360,9705877522,16184471584,17691438505,12636133748,5150520055,160972706,-1212452754,-751688844,-159585584,53769412,47273495,11032108,-1869495,-1808346,-345654,64098,41018,4384,-1454,-422,-5,10,1 # cft deg6 r=4
-2408487,-18786402,-35182404,-13046406,52723979,88557780,53201019,-3880420,-21035281,-7600990,3256258,2571088,-1091289,-2254876,-1409700,-466620,-38543,48354,33170,12058,3309,646,103,10,1 # cft deg6 r=4
-8969,-8872,-17684,129081,171115,609533,612294,963608,804572,752704,517977,324231,136936,26446,-26912,-38390,-15337,-3826,2298,2138,125,-205,-29,6,1 # cft deg6 r=8
-177575,840405,-1298509,323983,1028867,-700055,-427993,362752,274748,-179923,-168975,88079,79831,-35252,-29246,10264,8376,-2108,-1754,250,259,-15,-23,0,1 # cft deg6 r=4
53,2821,-8535,2751,50230,-228453,572333,-969499,1155967,-849796,134884,412192,-401751,105787,58999,-45733,3681,4870,-296,-1002,214,89,-30,-2,1 # cft deg6 r=8
137,18,1558,-1360,9147,-11090,43324,-59340,114182,-157602,195491,-172674,101282,-38214,1300,8636,-5632,1892,279,-626,142,60,-22,-2,1 # cft deg6 r=0
23409,-75735,157479,-43248,406549,-461368,-17623,60611,38103,50428,-5875,17793,-35599,-9343,11213,998,533,-1049,-209,232,-11,8,-2,-4,1 # cft deg6 r=0
2027,-1775,-32865,74517,-54727,-64440,94958,-5637,-75127,45619,51633,-24461,-4442,23085,-6463,-17260,2983,10237,2691,-1700,-1107,-162,32,12,1 # cft deg6 r=8
1,-66,739,-2432,5781,-10932,14331,-13612,8576,-2357,867,-2288,3359,-2245,-417,705,104,-422,254,195,-85,-70,6,8,1 # cft deg6 r=8
-571,-7537,16952,73767,-339570,547254,-290940,-382399,815226,-545211,-78699,401606,-266045,11275,83819,-43199,-2888,9983,-2266,-961,455,36,-35,0,1 # cft deg6 r=8
-224767351,1285357462,-2664875915,1677452078,2680656979,-6732434486,6755199576,-3638212798,679176680,478320096,-406479647,111711546,16773248,-23727396,7130224,58752,-719356,242048,-32754,-2086,2163,-632,101,-10,1 # cft deg6 r=8
-119961,1564884,-8169833,25055432,-55447215,102112418,-161290943,203137936,-184629961,108707470,-30263390,-10137324,15064735,-6946676,1069576,427868,-356211,118644,-18205,288,772,-330,76,-12,1 # cft deg6 r=4
-5571,-11844,-124740,-369042,-559363,-186869,476671,879194,775677,250863,-174148,-240384,-143678,-19670,32992,18288,1273,-4202,-2647,108,440,28,-32,-2,1 # cft deg6 r=4
-293,1537,154,-6042,-6947,8795,18421,16685,29987,44636,19663,-27305,-51567,-58455,-58267,-40892,-15681,-318,2811,1288,102,-104,-28,2,1 # cft deg6 r=4
9930579,29693850,41966082,42258594,40812163,20755330,770157,1421328,728508,-3583426,-152910,2604502,451950,-722422,-123359,107876,6749,-5476,2419,-1094,-367,210,3,-10,1 # cft deg6 r=4
-347,687,-3047,5888,-13405,15330,-2416,-25541,46747,-41673,8244,22357,-21805,8625,3141,-10182,492,918,-1327,-308,132,66,32,10,1 # cft deg6 r=4
17141,-27272,-40943,-57284,981311,-2099669,3538522,-4236841,4179112,-3263078,2152854,-990195,371258,-89299,-1209,1984,-1591,808,-177,324,-96,0,4,-4,1 # cft deg6 r=0
75,3480,-24678,52422,-123232,108481,-45297,39163,30612,-58926,80427,-86246,29290,-23903,12101,3597,2760,464,-903,-541,-83,25,24,8,1 # cft deg6 r=8
-469271987,545012984,1786042370,-2863603756,645189610,2123169374,-1262319875,-823922336,883381409,186214600,-374042033,2879876,98420258,-9545076,-16514033,2056266,1722236,-147566,-96471,-3632,1391,630,125,10,1 # cft deg6 r=4
1849,-6751,3125,7727,14124,-30850,-20909,24710,31168,2045,-18548,-72,15197,2161,-5942,-103,1368,-513,-80,271,-1,-55,-1,6,1 # cft deg6 r=0
431,974,-4729,-6757,13352,35055,2890,-49368,-26067,33836,26463,-15393,-12683,6196,2444,-2457,537,760,-420,-105,100,-7,-14,2,1 # cft deg6 r=8
163117,624733,575067,-805846,-1315742,381045,1181816,18327,-606025,-123599,203181,88249,-46774,-40187,8667,12730,-326,-4575,782,922,-394,-20,48,-12,1 # cft deg6 r=0
122231,-188418,-56334,69857,44351,28045,84927,45091,-124241,-49222,29121,33262,-18908,-5664,6254,3814,-2169,-706,723,496,47,-85,-20,4,1 # cft deg6 r=4
-9594789,-18990858,49096539,-2599230,-71414473,235225340,-277596747,170205282,-56263713,-957730,7454343,-2238934,-359598,796610,-399445,89478,26,-14578,9101,-3330,1097,-272,51,-10,1 # cft deg6 r=8
-1143957,-1951140,7654986,35824578,74339110,101781290,104309532,89031732,69687200,52166148,36308374,22096168,10974075,4035604,864372,-65330,-147971,-69266,-18900,-2816,126,204,59,10,1 # cft deg6 r=8
54274527,60077496,-11493160,-81075818,3547866,34845780,5200848,-14875660,1695026,4319896,-2059641,-1280006,1328640,14232,-352660,81048,67015,-63138,29961,-9622,2302,-484,90,-12,1 # cft deg6 r=0
43950831,170529006,314535898,339967352,297094444,140091472,12169434,-56235570,-44612356,-14613546,5386609,7547622,3404160,573424,-244160,-157396,-40219,-13920,-8735,-4668,-1514,-198,28,12,1 # cft deg6 r=4
16254975025,0,-18339200290,0,-37538886009,0,38011394430,0,-17902159497,0,1950026406,0,166895852,0,-11869338,0,-751465,0,1240,0,734,0,32,0,1 # cft deg6 r=8
-11163,-19497,-11016,-113157,-479867,-873002,-936660,-671326,-266284,140615,355922,297742,92410,-46484,-57438,-14782,9916,8500,1349,-1320,-868,-194,2,8,1 # cft deg6 r=4
1,-74,1749,-12256,42745,-84778,122136,-142345,121848,-44147,-45814,87548,-71638,31113,-404,-9685,7286,-2613,96,408,-225,52,5,-6,1 # cft deg6 r=4
25,75,-370,-55,2819,-2600,10473,-995,9268,1029,16195,-1239,10086,5076,4922,1775,3159,308,727,188,6,23,-9,-4,1 # cft deg6 r=0
867,13260,47336,-50451,-175032,-38728,108114,80545,92984,125145,99331,86773,62492,18853,10815,14420,5163,-1297,-767,72,87,-12,-12,0,1 # cft deg6 r=0
-11443,-84283,-283465,-574071,-731446,-475691,197897,924161,1275498,1136170,732510,346069,109768,16103,-3883,-5552,-5719,-4759,-2879,-1192,-299,-26,12,6,1 # cft deg6 r=4
25,-35,-217,-3140,-7419,-13707,-25483,-26400,-9304,8433,17087,15329,10520,11368,10090,2054,-3200,-2024,114,456,118,-30,-19,0,1 # cft deg6 r=4
225,-3285,19296,-68976,180741,-373899,622002,-845676,966112,-951411,815562,-607903,401371,-252146,163824,-106907,61428,-27416,8368,-1200,-241,159,-26,-2,1 # cft deg6 r=4
33489,420534,2266362,6887988,12951597,15088236,9200577,-1037574,-7522238,-6590481,-1975685,1219281,1572415,641676,-40492,-168306,-70534,-3807,9418,3690,-68,-282,-32,6,1 # cft deg6 r=4
447,-47994,464352,-1809384,470452,8143502,-2793923,-1705482,5426296,-3412046,-532230,1364590,-668062,90614,111629,-71688,6717,9324,-5084,980,211,-186,55,-10,1 # cft deg6 r=8
-16691,39030,110210,571997,1372655,835872,-1531729,-3453053,-3325069,-2173872,-1280741,-620511,12993,358159,316015,140014,31792,-706,-4726,-2920,-991,-134,22,10,1 # cft deg6 r=8
5560071,23959188,23198698,-33772748,-103620309,-118268700,-54216100,5380832,24449182,15589516,2217695,-1761488,-1177992,-215246,109042,51380,-2596,-6888,-1291,1132,914,330,76,12,1 # cft deg6 r=4
2799,4401,12051,13095,28041,21540,13014,-5955,-9271,-88,14042,18623,9192,-3393,-5651,-1086,1688,1006,3,-194,-78,-2,13,6,1 # cft deg6 r=0
-58363904,326825984,-833615872,1070244864,-350932736,-1175327360,2484091328,-2743485760,2062820960,-1115773768,422729988,-93668942,-1621965,9075982,-2311016,-632660,714603,-296338,80043,-17246,3294,-524,71,-10,1 # cft deg6 r=4
116825189209,0,118122483936,0,41162585154,0,12074358660,0,2201355467,0,265938234,0,34129080,0,6494398,0,933239,0,77666,0,3687,0,94,0,1 # cft deg6 r=0
8102693,33557184,30061098,-50369384,-152995977,-204656688,-142611224,-34554564,43781152,59671790,36333759,12376022,656392,-1064052,-90404,386448,301198,105786,15573,-2578,-1998,-396,10,12,1 # cft deg6 r=8
43639,8670,94000,-160937,33086,-14630,226185,118981,-171122,-398059,545064,-234523,-37487,125395,-82817,18948,9138,-9863,3117,532,-633,114,22,-10,1 # cft deg6 r=4
-5273,13843,96838,22939,-357778,-361045,428503,889260,201115,-612895,-511544,25286,199004,68997,-12001,-5591,1396,-1770,-943,566,257,-51,-25,2,1 # cft deg6 r=8
-9549,-45243,98559,143046,-199410,-161241,186411,110760,-135932,-44324,134476,28612,-61564,-29067,21394,14588,-2816,-4051,-272,461,129,3,-18,-2,1 # cft deg6 r=4
68861,-113370,71459,-30952,66653,-88321,13390,3648,79799,-73496,2830,1457,24278,-11269,-11254,10296,281,-3531,1411,152,-250,43,17,-8,1 # cft deg6 r=0
449,-35,1386,664,1000,-1272,1667,-122,1833,-279,893,-307,1524,-700,274,-10,352,-50,126,-16,8,-4,3,-4,1 # cft deg6 r=0
-139,-4768,8272,-13835,24328,-40637,55265,-58407,39570,-8069,-14077,26233,-22804,15381,-7065,2502,-383,-48,76,-4,19,-24,18,-6,1 # cft deg6 r=4
-283389,-4044030,-21913951,-67223534,-141199709,-226224190,-291865744,-314137964,-286706093,-221851314,-144644155,-77372298,-32705302,-9650580,-1067728,848248,670074,296772,93173,23542,4772,792,118,12,1 # cft deg6 r=4
-831851,26870322,-10895416,-32526602,3059062,57251486,-88014702,55109996,-828722,-19536088,11981713,-628170,-3224786,1600124,-108156,-193600,103233,-16380,-6179,3538,-708,0,46,-12,1 # cft deg6 r=4
8123,23654,59872,85413,92401,9723,-2317,-75791,-31243,-62375,-39162,-20773,-17465,10769,-6693,6634,-2099,2952,-1527,108,-146,84,6,-8,1 # cft deg6 r=4
18984212677,-3640560924,-2819279215,3813747746,7628204140,7737088624,4219619742,1910343778,1424849683,1199755528,952109143,590248206,296026780,125648908,46124904,14846212,4356723,1111770,261109,51212,9156,1254,160,12,1 # cft deg6 r=0
-2025,3375,-12636,19449,-23030,21819,2137,-27984,47522,-40691,12804,4810,-9261,2446,2386,-1810,937,402,-514,-26,90,-20,-14,2,1 # cft deg6 r=4
9,279,369,-900,-303,531,-4959,3975,7033,875,-12358,1067,4789,101,4419,-7928,3430,-755,524,-6,-132,2,-4,2,1 # cft deg6 r=8
-13,39,-55,-46,199,-429,86,393,-1233,375,164,-1884,463,876,318,1524,1220,596,453,162,9,-17,-14,0,1 # cft deg6 r=4
-36816687,63249012,36941832,58257792,-31827888,-92839662,-160653762,-150837000,-63596396,2764702,28636601,15934810,3409078,-1534664,-1271670,-315748,21076,43790,11606,-184,-808,-210,-4,8,1 # cft deg6 r=8
9,117,1686,5364,18538,-2287,55129,-43402,77500,-60326,61668,-37516,32747,-19973,14467,-5491,2370,1248,-1770,124,335,-37,-28,2,1 # cft deg6 r=0
1,0,15,0,-10,0,-630,0,-133,0,2221,0,2768,0,4154,0,4407,0,1235,0,-202,0,-12,0,1 # cft deg6 r=8
7286358325,-53323597150,104203751960,-20965289790,-107797109143,79985730418,3592878180,-20440432406,9965075714,-4623135444,1775037038,-224579454,-90931971,32129102,1267466,-288622,-668613,-7842,53830,2374,-1278,-284,-16,8,1 # cft deg6 r=8
3379377,-22826388,80099667,-170709834,242531081,-241424252,172467138,-91703818,42089138,-24264992,18104586,-12134884,5946269,-1923626,237664,131670,-96768,33296,-6189,834,374,-22,46,0,1 # cft deg6 r=4
2529,4086,6660,594,1878,-11574,18021,-20148,33827,-37924,35987,-34216,32342,-26208,21272,-17422,13145,-8690,5106,-2526,981,-294,70,-12,1 # cft deg6 r=0
-163,-803,-3248,-5748,-8913,764,704,38373,28269,-15183,-21777,-22265,7030,19655,-677,-5360,-761,10,528,390,-113,-100,2,8,1 # cft deg6 r=8
6096225,31645650,-58894785,44248530,2484896,-37941974,30032530,-4115090,-10428140,8360228,-794712,-2259688,1278990,102392,-409902,75530,64358,-21096,-5424,1974,301,24,-37,-2,1 # cft deg6 r=8
-1608573,-5719680,19196628,-32195670,71411206,-90539496,101647747,-91267996,68966464,-27390456,2670317,6551004,-4627459,2516650,-744145,193862,44705,-2964,20122,-748,1878,-18,72,0,1 # cft deg6 r=4
27,216,819,2070,2082,-2346,-3375,-672,6110,-342,-2794,-1958,2873,144,-495,-392,176,8,178,-134,-11,30,-2,-4,1 # cft deg6 r=0
25999,-153564,453957,-887843,1297040,-1517052,1487684,-1257656,921414,-574936,306693,-166566,129340,-121656,94710,-52248,18203,-2347,-1186,710,-102,-50,32,-8,1 # cft deg6 r=0
-1609,-10904,-23785,-15372,12962,-13387,-160766,-335863,-363452,-207200,10048,127794,96638,22497,-5804,-6616,-6744,-3676,479,1094,201,-89,-28,2,1 # cft deg6 r=8
-139,-1386,-4436,-4172,4700,21608,39692,19252,-55179,-82165,-4777,51072,10192,-29228,-10277,12167,7673,-1452,-2165,-205,283,59,-21,-4,1 # cft deg6 r=12
293,-4278,23369,-95991,230376,-356239,280443,-87582,30128,50377,-76039,-20110,25015,18852,-7080,1368,-2801,-3479,1863,1068,-305,-160,10,10,1 # cft deg6 r=8
-15529,-99935,262301,386305,-1177107,-72063,1657928,-736053,-1184520,1082302,444001,-740367,-31339,294799,-47261,-74072,21257,11991,-4635,-1254,573,78,-38,-2,1 # cft deg6 r=4
-9046483,68254370,-196946130,307865066,-313968249,322099626,-437173416,530772906,-491819660,315347216,-140552277,48898226,-21441562,15801596,-10830380,4965516,-1553522,301134,-12135,-11112,3452,-770,116,-12,1 # cft deg6 r=4
-9511,5725,28476,-28656,-37273,58881,42323,-51494,-49206,18662,47409,-11834,-38267,15214,24370,-7306,-10048,400,1954,577,-123,-139,-6,8,1 # cft deg6 r=8
-291,2658,165,-20124,4054,34722,-29553,3982,33039,-57901,24405,20881,-27558,17645,-11344,5367,-729,-487,402,-306,166,-54,17,-6,1 # cft deg6 r=8
25,2840,17179,31775,27432,-4586,-51904,-81915,-75148,-39485,-3311,10449,4615,-3266,-3573,174,2216,1550,255,-270,-189,-38,9,6,1 # cft deg6 r=8
1093921877,3887276022,1610440393,-5398947454,-6701145635,-621181330,3223353234,1726431100,-303769366,-606738048,-114776421,108558458,66687607,9331734,-5160224,-4018162,-1334154,-205960,-12273,10090,3360,654,114,8,1 # cft deg6 r=8
-482439,794160,-2216832,-5844252,10758451,-3790804,-7030505,10880946,-8850389,5577334,-1691991,-41480,572216,-656278,404195,-226920,103629,-43218,18130,-6022,1768,-438,73,-10,1 # cft deg6 r=8
7159,15251,37642,49635,67489,35860,76495,125443,89347,78180,50347,16781,16293,5957,3265,2840,517,480,274,48,55,14,-2,2,1 # cft deg6 r=0
269,286,452,1126,5355,10697,15989,22348,20125,18751,17164,4508,-1076,3712,1376,-3046,-1707,404,485,106,-24,-34,-10,2,1 # cft deg6 r=4
53,-494,1745,-2858,1598,4139,-14297,16371,-11820,12171,-3385,-7237,6752,-6765,6395,-3326,1357,629,-1427,130,283,-34,-26,2,1 # cft deg6 r=8
-40197,887934,-1552251,-1214238,5564332,-2711336,-1399906,-7136246,18629805,-17039410,4613031,4724878,-4483422,743432,703336,-405084,64975,24408,-18387,4268,66,-242,68,-12,1 # cft deg6 r=8
3923,-85298,304553,-565908,752716,-878048,959168,-917193,737493,-559608,460912,-358071,209834,-91951,47223,-34958,18688,-2373,-3943,2974,-957,106,26,-10,1 # cft deg6 r=4
-1701709,-18605782,-12606178,7759084,48330037,57777316,38580072,-23072826,4257740,1128180,1984460,3256656,220522,489250,61628,-40746,16778,-3230,-430,1060,50,60,26,0,1 # cft deg6 r=4
772063,3829874,8829743,9289102,2684172,-6558720,-6477568,396626,4815542,1548230,-1618997,-1137736,374311,361864,-31895,-75104,2021,4652,1363,172,-207,-52,12,0,1 # cft deg6 r=0
-6290841,51441768,-169185230,317394774,-358510925,217450370,-11103741,-97088368,70703900,-15737874,-13316886,9690714,-1063567,-1211690,540010,98832,-113249,-3036,17279,-2182,-1214,308,18,-12,1 # cft deg6 r=4
121,-1023,4975,-14456,25960,-41278,91190,-166106,133731,57717,-179652,72282,66326,-53180,-9068,14824,1030,-1583,-92,96,100,66,36,10,1 # cft deg6 r=0
-511121,-744238,784385,2130736,561170,-1797986,-1165816,1301902,1873422,383472,-652726,-362674,170961,214494,24644,-53910,-24775,3849,6137,1473,-247,-169,-13,6,1 # cft deg6 r=4
-148859,-382375,-277647,-37185,30848,102827,90893,76535,74124,-99405,-123843,44701,80359,17385,-7521,843,2885,-2661,-2521,40,414,51,-29,-4,1 # cft deg6 r=4
139627,869927,2746151,5372927,6832565,5925488,4405673,4549306,5631320,5327155,3289657,1159600,105418,-68604,9835,41449,23135,4242,-1812,-1473,-419,-21,24,8,1 # cft deg6 r=0
74813,132733,-235761,-423400,1551221,-1737893,422821,1031614,-977399,162308,133982,-6502,-2850,-23004,-1815,3660,9120,-6764,2186,-1134,450,14,-33,0,1 # cft deg6 r=0
4112,-27456,130364,-403928,914077,-1515758,1895140,-1722417,1016427,-164021,-350396,376102,-137387,-50948,74393,-20424,-10601,7728,-125,-1117,211,76,-24,-2,1 # cft deg6 r=0
334139,-2828322,10442955,-7843806,14618101,-1746046,8111483,-1551886,1047344,-880446,702178,-135060,153077,-157182,40690,-3104,8577,-4698,1221,-786,240,52,-31,0,1 # cft deg6 r=0
-30319,-62043,631743,-5327437,15965795,-38372570,42714570,-27957243,-1293308,12013769,-8158433,736930,2084000,-866292,254705,330298,-124321,-68155,14958,8094,-506,-481,-21,10,1 # cft deg6 r=4
-102736,-237248,-318872,-58040,515967,564506,663639,-148616,69683,-249357,108337,-129285,71386,-47868,57702,-11038,-1509,-7886,4227,242,-428,-6,48,-12,1 # cft deg6 r=4
5876,12748,4761,-39286,191212,-499138,613016,-530642,368173,-18650,-212220,147656,-66503,19623,43647,-41775,-2532,13245,-2122,-1849,500,114,-41,-2,1 # cft deg6 r=4
-4612,-8890,53975,102237,-99304,-96349,104495,-47602,74947,-133353,69487,21444,12220,-54201,37366,-16897,6067,951,-2024,777,-173,17,17,-8,1 # cft deg6 r=8
32987,-101364,-1735629,-6278193,-12635486,-16525556,-14284719,-6751765,753124,3611445,2138372,-223,-602375,-213525,74587,67242,5775,-7753,-2051,450,241,-10,-18,0,1 # cft deg6 r=4
95899,435502,887185,953177,160877,-1196651,-1767843,-659628,1020272,1563716,919631,209069,-4126,40735,58787,28890,6496,-182,-748,-285,-83,-7,7,2,1 # cft deg6 r=0
-336349,-1710725,-3879870,-2987309,-2058313,376746,76138,-596517,137125,330525,183745,-72521,49203,50579,-919,-9641,5099,1144,-1500,-290,228,11,-24,-2,1 # cft deg6 r=4
530153,1185483,-917520,-4048526,-982558,4080302,1841929,-2956617,-1650826,2002380,810469,-1123100,-120735,410874,-51589,-86476,25668,10171,-5169,-517,589,-16,-36,2,1 # cft deg6 r=8
103,792,-10110,50985,-135572,193830,-108299,-85770,194469,-127132,-7088,72145,-48085,-658,22636,-16639,3994,2376,-2629,1099,-158,-66,42,-10,1 # cft deg6 r=4
-1422884,1966900,1789464,-4494940,-842793,5922857,-1251299,-4583452,2134297,2271188,-1518314,-759639,684600,171607,-210960,-24047,45946,1470,-6924,136,681,-33,-39,2,1 # cft deg6 r=4
1861,-3434,6350,-17625,37040,-49572,75768,-81572,85326,-43873,20237,-2467,4751,-3414,1411,-531,463,-319,-80,77,66,-18,-10,0,1 # cft deg6 r=0
88909,363637,759377,475138,345656,182252,203017,344634,146450,44780,29016,8955,64244,50259,-12612,-17234,2063,3080,-560,-259,153,10,-18,0,1 # cft deg6 r=0
-262,628,-1397,1162,4220,-8087,-7930,22557,-675,-19393,-7877,23732,2268,-15925,1491,4192,-2059,-983,868,274,-149,-39,23,10,1 # cft deg6 r=4
2347,-3001,-23055,7275,92576,4402,-239520,-105609,376693,316491,-333198,-511992,-12262,299220,128366,-62655,-55296,-355,9602,1917,-676,-252,4,10,1 # cft deg6 r=8
108797,151402,278680,395021,433945,433595,315169,286086,128950,131093,57006,5618,18230,32517,12817,-4097,321,3580,1364,-30,-170,-71,-2,6,1 # cft deg6 r=4
10592,81344,-31456,-89540,228724,143131,-266589,-27542,288270,1176,-180771,17128,85311,-16910,-35327,6331,11920,-615,-2640,-126,358,33,-28,-2,1 # cft deg6 r=4
2996,-8312,23795,11185,17530,98581,14956,-36882,62255,5204,-25916,17405,18,-10325,6549,1368,-2465,603,368,-257,11,38,-8,-2,1 # cft deg6 r=0
106261,-108315,-1594595,-3669600,-658890,3787880,3029860,-238927,-1446731,-619610,117316,182622,34295,-32913,-5004,17136,5148,-5347,-2676,651,492,-25,-37,0,1 # cft deg6 r=8
-919,128856,1291958,4785994,10947037,17849454,21480829,18865276,12148594,5436920,1498217,367488,365302,288558,104512,8492,-3225,3808,3644,806,-107,-22,28,10,1 # cft deg6 r=4
797,-713,17637,14465,56395,21591,-50880,20028,223115,131820,-101611,-26745,83992,11750,-30014,-4691,4662,1398,717,147,-139,-32,7,2,1 # cft deg6 r=0
-35516,8852,413732,-621264,-374471,1014211,24135,-567489,8342,56428,17151,115571,-33642,-58168,43396,8472,-30009,-7884,4914,1450,-542,-214,7,10,1 # cft deg6 r=8
875221,2280452,884612,-2112990,-2306610,-2284512,8656013,1543697,-6766513,-732033,2746672,183587,-274268,-300216,35260,52024,17022,-8620,-3483,530,429,-6,-32,0,1 # cft deg6 r=0
50957,3194391,19489113,29377742,1726091,-54373508,-82991507,-48351091,7376798,27412663,10488355,-6401697,-6141983,-151437,1475000,401148,-155921,-80784,4417,7354,473,-331,-42,6,1 # cft deg6 r=8
2566,-46160,133331,-39522,-298511,276446,307566,-461175,-166926,476055,-48150,-262444,91267,89545,-49021,-20586,15446,3107,-3144,-292,413,14,-32,0,1 # cft deg6 r=4
1,-18,-13,90,518,973,524,-1445,-3373,-2006,2300,4538,752,-3111,-744,2771,1308,-1205,-821,260,217,-35,-25,2,1 # cft deg6 r=8
-469,-2115,1541,14759,16814,7346,51873,157752,170440,8930,-132398,-84199,28091,45408,4484,-12447,-3935,2237,1073,-289,-196,40,26,-10,1 # cft deg6 r=4
5792,11200,26197,53894,86787,117336,158049,155076,130433,131407,106277,74209,56104,20370,-9473,-13690,-4079,2663,2140,-5,-403,-92,21,10,1 # cft deg6 r=0
571,5415,31551,-134397,-28814,278649,-129832,98713,-45859,-361487,249687,284492,-217303,-130538,104578,39255,-30906,-8361,5677,1383,-602,-168,27,12,1 # cft deg6 r=8
-20531,46893,-32289,-64384,162055,-142417,-35880,232365,-294838,213379,-97908,39836,-12289,-4662,20950,-13085,2339,4207,-1484,-120,459,10,-41,-2,1 # cft deg6 r=4
38108,-132548,165480,-104632,164023,-318061,175795,209885,-280929,-17801,181409,-54965,-67664,43256,11065,-15914,1097,3342,-898,-407,193,23,-21,0,1 # cft deg6 r=4
1671679,-1237798,-1678466,462348,2138810,236930,-1990721,-555434,1548889,291460,-827574,-95332,325020,18160,-93555,-2156,20218,52,-3204,14,365,-4,-26,0,1 # cft deg6 r=0
21596,-4100,2240,11188,-4989,-30557,21505,1104,14506,22596,45517,28768,26483,25199,14719,3424,-498,79,168,-185,-31,116,68,14,1 # cft deg6 r=0
14126087,37922583,-10480448,-118322579,-77951657,95277944,109016811,-25638013,-61380499,-3092716,19189887,5156679,-2363902,-1350646,-198909,18997,29674,16808,4506,-552,-820,-187,13,10,1 # cft deg6 r=8
-4924,2816,20256,-41992,24517,32160,-96583,103814,-15874,-84320,85503,-8987,-41686,28173,3049,-10851,3200,1354,-1090,141,164,-53,-17,4,1 # cft deg6 r=8
-18982,-148248,120449,986976,-1450177,-76751,901861,98214,-880321,462104,93510,-132582,7191,14632,7962,-7894,-1446,2759,-383,-406,147,22,-20,0,1 # cft deg6 r=4
337,-1839,6531,-15704,24449,-29363,20428,5591,-51315,70909,-55461,25823,-1418,-4767,84,3121,-2385,583,308,-249,59,-25,22,-8,1 # cft deg6 r=4
188,336,809,-813,3098,-7345,20459,-42320,70753,-97269,114541,-115936,101911,-78676,54200,-33714,19502,-10777,5669,-2650,1033,-318,74,-12,1 # cft deg6 r=0
33328,-408176,1832800,-3558048,2363179,1193537,-3638284,3617287,-962785,-1794586,1763875,-178049,-481177,206691,13364,-38376,21871,-1096,-5221,1219,533,-146,-30,6,1 # cft deg6 r=8
47,270,1652,3218,3234,-7300,-19673,-45538,-14057,63096,80560,103310,7630,-78435,-82969,-56915,-9515,17527,9847,-87,-1206,-238,25,12,1 # cft deg6 r=4
-479861,548488,2893552,-1193892,-2954701,-1882547,1370319,3342506,1461530,-958816,-1314371,-535811,137537,297354,115862,-34789,-39977,-5256,4898,1714,-177,-165,-12,6,1 # cft deg6 r=4
-292,-1728,-4780,-12076,-22877,-34120,-35214,-13201,31411,76244,101766,96308,61178,27433,5341,-2800,-1277,260,489,427,132,-35,-23,0,1 # cft deg6 r=4
18208,-101232,280648,-521184,670518,-577603,311373,-48431,-8647,-62383,97428,-45678,-18045,22353,896,-8229,1756,983,-304,132,25,-46,-1,6,1 # cft deg6 r=0
-95189,292431,-363065,251257,-366392,782497,-979626,751491,-468650,161975,265253,-518885,503836,-414336,302317,-168266,72596,-28033,7800,319,-1178,343,-15,-8,1 # cft deg6 r=4
820507,-3694056,1378879,4047554,-7513955,7766832,-4758293,4056977,-3426232,231485,881331,-108843,184221,-347449,-5923,148186,-22579,-28762,6234,2939,-556,-218,13,10,1 # cft deg6 r=4
305809,0,11256868,0,18805340,0,14593727,0,6821850,0,2146773,0,511274,0,104524,0,18372,0,2544,0,273,0,22,0,1 # cft deg6 r=0
-4,-26,-157,-399,-500,1165,1171,-609,3494,-5826,1170,-10230,20500,-5714,-12437,12252,-5375,1839,-592,136,-9,-22,8,0,1 # cft deg6 r=4
-20347,-5233,70700,146281,111786,-268083,-935420,-459367,1268413,1318128,-646335,-1322949,-136943,584588,244353,-104720,-87998,-1437,13334,2957,-688,-325,-16,8,1 # cft deg6 r=8
-79,-617,47,3576,-10292,1506,23600,-42141,12293,32862,-42559,-1025,25562,-13630,-7855,6191,-869,-1665,1239,454,-320,-121,15,10,1 # cft deg6 r=8
749,-4614,-6012,-28155,-63692,-67683,-44782,23609,68895,57878,14807,-23391,-20833,-2790,2648,3057,1596,-698,-730,45,144,12,-16,-2,1 # cft deg6 r=4
87734,1148208,2152747,3651116,3190849,2119289,876,-1147423,-1503694,-1018874,-503565,-148077,-52652,-44115,-46718,-33391,-12124,-2034,-486,-636,-324,-25,30,10,1 # cft deg6 r=4
6904,9560,42295,63557,134905,207915,276525,304884,215870,132916,36683,-1926,-545,1301,12923,7196,6181,1406,749,-146,4,-47,3,-2,1 # cft deg6 r=0
283924,483442,-346629,-1371639,-405414,1779825,1123068,-1342009,-789240,683269,458693,-390041,24096,-30508,56812,-12327,4225,-7127,2395,35,62,-26,-21,2,1 # cft deg6 r=0
1264,6972,-4577,26296,21057,8130,82145,115223,-23308,93612,-15251,-325523,-40777,268234,31952,-112661,-4303,26643,-1458,-3403,455,205,-40,-4,1 # cft deg6 r=8
-62812,-92742,514709,-73857,-1025524,379810,3621690,1946990,-2237228,-2336650,320608,1194977,137474,-346800,-61172,58800,9954,-4750,-1034,-81,147,43,-19,-2,1 # cft deg6 r=4
4160956,-7426342,7389407,-3134412,-2375848,4711174,-1353137,-1891977,1485866,298936,-600653,208876,227682,-208373,-37306,75938,-2950,-13328,1781,1156,-173,-36,-2,0,1 # cft deg6 r=0
-1537213,-7712428,-13365346,-5305929,12309928,15661141,471749,-9792919,-4504867,2393749,1874704,-526706,-460997,241756,159961,-68644,-53233,7676,11815,1306,-1121,-370,-17,8,1 # cft deg6 r=8
4,36,480,-9516,-6535,187509,64381,-418636,498117,803384,728228,225785,-843522,-671865,184046,298017,23434,-52962,-11300,4320,1275,-157,-59,2,1 # cft deg6 r=8
19804,81080,-3128792,16620860,-41672909,57257018,-36519235,-12215843,45973686,-39205550,10914566,7554155,-8181600,2162654,1165837,-1186163,403018,-20467,-33401,12460,-1367,-304,127,-18,1 # cft deg6 r=4
-1965731,3033937,1977223,-7994013,289904,12381839,-2011857,-10864478,1420367,5640204,-107247,-1885924,-352346,490195,206974,-125279,-51909,28591,5556,-4202,-14,296,-33,-6,1 # cft deg6 r=4
12685363,8879654,25669127,13779596,27688594,9474310,15550318,1066280,5266953,-735168,1621189,-442212,315393,-178476,63468,-32658,18151,-8158,3751,-1676,631,-186,49,-10,1 # cft deg6 r=0
509,-10366,83238,-380375,1145652,-2432635,3714609,-3957413,2507752,-19853,-1882606,2134859,-1159051,118087,322383,-275068,106541,-10236,-11215,6564,-1640,120,42,-12,1 # cft deg6 r=8
-118537,274430,2294327,-5218580,4367316,-2635601,3603003,-5478759,5515461,-3768698,1883249,-778905,279205,-41211,-36347,20164,3172,-5290,885,468,-100,-98,56,-12,1 # cft deg6 r=4
115261,-420375,569483,382607,-2057323,1404580,2937379,-6630905,5639502,-2251524,427354,-433437,611022,-436563,217111,-97118,43899,-18554,7423,-3098,1086,-298,68,-10,1 # cft deg6 r=4
19084,-79978,-35135,-48042,30264,-5957,-185746,301106,251684,-393981,-124320,199727,-14270,-38496,39338,-1266,-14319,1352,1673,-238,68,39,-22,-2,1 # cft deg6 r=4
815216,-1162672,2540052,-1231516,-1637337,3668463,-3456501,-657178,4475363,-2037054,-2341228,2094407,461932,-1005864,157373,212968,-80807,-21325,17377,-1676,-1082,289,6,-10,1 # cft deg6 r=0
1419349,-7254829,15796608,-17468287,13820904,-10521331,5920336,-2753947,974606,-751013,847982,-556663,283934,-84526,-5416,13735,-10523,3458,294,-412,211,-11,-26,2,1 # cft deg6 r=4
-150497,998014,-1796041,-99854,2931165,-1682623,-1303285,1490357,-316586,-405609,494753,-61914,-168893,68550,16354,-18584,2754,1515,-914,249,156,-17,9,8,1 # cft deg6 r=8
-2918,-5388,18989,-456,-87234,123529,125960,-416651,119995,491893,-413667,-251902,486966,-141265,-128251,85430,11501,-20325,526,2876,-135,-247,-3,10,1 # cft deg6 r=4
-128,-5056,-352,22336,21240,-27832,-44074,9521,42830,6909,-24177,-11865,10084,5827,-1932,-2944,776,637,-53,-217,53,36,-14,-2,1 # cft deg6 r=4
99856,0,24648,0,-66239,0,-32574,0,36869,0,47667,0,28276,0,12389,0,4124,0,1003,0,165,0,18,0,1 # cft deg6 r=0
-30197,2526,215410,1522602,-2763410,-8939352,9496911,14196150,-14348474,-11707042,14009989,4054566,-8327525,737646,2437324,-816240,-293452,203654,-13098,-14002,2847,236,-94,0,1 # cft deg6 r=4
546275,2537030,237717,-11212840,-7353265,17173843,15036440,-12520762,-14589342,4274061,8375764,-111262,-3002410,-480476,656400,199539,-78533,-40462,3355,4575,228,-268,-30,6,1 # cft deg6 r=8
-832,-17344,-140968,-681128,-2225397,-5262905,-9161394,-11634893,-10008892,-4384848,1456274,3440533,1435940,-1070691,-1588498,-777511,-101460,77543,45718,8793,-606,-496,-48,6,1 # cft deg6 r=4
12596,355264,2473008,3489504,-7449231,8901180,-17425401,20327826,-15903500,11889750,-5547580,-2560468,7190710,-8065904,7020230,-4752114,2284523,-709442,114241,3374,-5388,890,-10,-12,1 # cft deg6 r=4
4,92,968,5520,17041,29657,47092,74435,97461,99800,84698,64836,47516,33745,21899,11495,4207,843,44,87,150,108,44,10,1 # cft deg6 r=0
128881,-1924240,4825222,-5793622,2687527,1097114,-2122138,1527317,-693078,-231663,742121,-454901,-120997,269572,-53783,-65646,25368,8984,-4651,-842,491,58,-32,-2,1 # cft deg6 r=4
-164,-1476,-2072,-8096,-3057,4885,1370,-39255,160172,-143749,17815,-16013,-41732,11148,15209,2536,866,1267,-1125,-425,155,73,-18,-4,1 # cft deg6 r=4
426409,0,1950511,0,3187550,0,2252558,0,640367,0,31492,0,-3915,0,9432,0,4789,0,1024,0,187,0,22,0,1 # cft deg6 r=0
-331,3599,-2846,-30817,73815,-5079,-170440,190772,61149,-268372,148886,99983,-155419,36642,46746,-33236,-367,7620,-1878,-804,380,32,-32,0,1 # cft deg6 r=8
-289252,-81256,507920,-510276,105651,69258,-244055,303295,33280,-240061,-14467,209196,-58930,-52939,26440,16090,-14529,921,2467,-831,-41,102,-17,-4,1 # cft deg6 r=4
-120092,2856304,-8086240,7811996,143793,-5110996,2933251,-1620535,3723641,-3621668,361502,1691275,-1123286,64880,192204,-46076,-25563,11326,1348,-1235,4,63,10,-8,1 # cft deg6 r=4
751,-13331,120241,245511,-21219,-372438,-128559,244250,126263,-120781,-95821,8752,38349,25862,-1839,-11076,-3090,1215,803,193,-39,-57,-9,4,1 # cft deg6 r=4
196159,-199396,-482236,308957,544950,985,-161196,-338193,-290155,368996,345831,-262722,-162733,147336,37039,-54289,593,12036,-1711,-1621,369,123,-31,-4,1 # cft deg6 r=0
53456,-70192,258848,-382664,603975,-664121,244077,-15064,-128855,37237,154094,73642,-114968,-117772,97095,27053,-30200,-320,5034,-1227,-228,158,-12,-6,1 # cft deg6 r=4
-331,-1875,19673,185885,491024,256047,-725592,-725998,481899,598528,-210736,-287106,78905,105782,-39280,-24660,14414,2596,-2841,-112,354,2,-28,0,1 # cft deg6 r=8
916,2352916,-12435265,26216198,-24638036,-1136575,29510853,-32307787,11214918,8202697,-10873257,4197950,454149,-978022,238901,89954,-57575,217,6728,-1151,-288,33,41,-12,1 # cft deg6 r=4
14618,-5036,273299,-553266,-327964,587477,344750,-520698,154090,194948,-78355,-60903,-92590,5302,53190,8803,-7126,-3178,-797,405,299,-18,-29,0,1 # cft deg6 r=4
47,2873,66445,285279,790927,1565476,2432763,3030006,3089201,2564180,1710636,873704,301851,34684,-29412,-17056,-3,4009,1886,182,-106,-12,20,8,1 # cft deg6 r=0
-26281,176423,-984469,-1405032,7086826,-8073887,4565257,14205229,-50299175,59885482,-26779893,-7382253,13771981,-4950873,-1030478,1351508,-269049,-103602,52249,-1978,-2913,533,24,-14,1 # cft deg6 r=8
288704,1533928,3297191,5364594,8029998,10057517,3281965,-5568421,-7622368,-272044,2667521,1488728,-246028,-594335,-106714,113680,44942,-12725,-7609,656,761,-6,-44,0,1 # cft deg6 r=4
1927,-35383,-65659,-130434,300681,-601077,1029908,174302,-1755567,151817,1126586,-54169,-219832,-19592,-51105,33028,29543,-16324,-3359,3615,-582,-165,83,-14,1 # cft deg6 r=4
-887,10245,23036,-45862,-82588,59814,99522,9032,-62687,-67618,42745,35514,7236,-24173,-4997,6292,1301,185,-522,-337,164,49,-22,-2,1 # cft deg6 r=8
2096,3968,-30340,105468,-110837,81973,-72543,24316,79060,-84058,-30822,63330,-1872,-31141,3707,9461,-1410,-2605,96,560,76,-61,-18,2,1 # cft deg6 r=4
4891,-37781,132432,-308164,559267,-771414,705713,-247901,-380471,745024,-607198,192719,94038,-124794,46871,4868,-12085,4048,485,-706,145,37,-21,0,1 # cft deg6 r=4
8039,-503145,-1126686,-761347,-199451,-45885,96121,-608079,102816,336166,-56207,115889,-66379,-45572,-214,11441,8178,-1113,-3198,136,486,-11,-34,0,1 # cft deg6 r=8
761542,-2972110,4713005,-2624362,-1136981,1907213,369455,-744113,-1103379,1253829,350235,-1108698,452176,240663,-220993,-16573,55034,-4950,-7715,1109,721,-114,-37,4,1 # cft deg6 r=0
12652,21786,11297,-3450,48814,107857,65577,38416,234108,262180,-362551,-341174,343147,278549,-178736,-115850,59220,27670,-12980,-3052,1431,148,-66,-2,1 # cft deg6 r=4
-2188,-26956,-73780,-80704,-59847,317583,646021,-58079,-445023,-52666,135647,61356,-21660,-7863,7488,-294,-2995,109,1386,497,-111,-102,-13,4,1 # cft deg6 r=8
-16328,61984,-142860,221148,-221523,104702,131253,-365186,524593,-550748,469056,-355746,239931,-150252,77143,-25684,158,7404,-5977,2716,-788,120,10,-8,1 # cft deg6 r=8
107,39,-1189,-5273,10123,3616,-10968,9686,-4926,-1407,-6795,8401,-404,-2826,1009,221,169,466,-53,-85,110,6,-24,0,1 # cft deg6 r=8
-15484,-304976,-2308180,-9564100,-25376143,-47483616,-67312196,-75889063,-68476070,-46192307,-18103088,2232966,8091644,4638000,591010,-631288,-324717,-18198,28534,7317,-569,-430,-28,8,1 # cft deg6 r=8
4,-32,-312,1240,1265,-10322,11026,10901,-26122,-5661,27739,960,-14789,1248,4190,-1766,-588,839,-32,-167,59,20,-16,-2,1 # cft deg6 r=8
3727,-32344,97335,-105400,9756,90228,-221273,485412,-739205,716370,-430005,88964,180922,-304872,271348,-164928,70968,-19408,1642,1074,-483,50,27,-10,1 # cft deg6 r=8
2591,-76749,304380,-504279,427920,-127378,-250144,520348,-421477,-17539,315382,-188657,-58401,104300,-14797,-28715,10892,4456,-2755,-379,390,12,-30,0,1 # cft deg6 r=8
428,-1108,-4720,11956,9443,-31323,-6990,28110,-4519,-21915,6320,10867,-8793,-4722,3649,758,-2346,-91,636,42,-90,35,9,-8,1 # cft deg6 r=8
-157,-2708,-16574,-37348,-25210,57508,111329,74058,7753,3548,5847,1914,-3364,2958,3007,-1488,821,-306,-202,202,-74,24,-5,-2,1 # cft deg6 r=4
64,0,1040,0,1569,0,-6579,0,11903,0,-12769,0,7730,0,-2487,0,149,0,188,0,-45,0,-3,0,1 # cft deg6 r=8
-109,-465,805,-1140,1759,-2099,1337,6908,12356,23627,17138,10944,1986,-2660,157,-1794,-791,612,81,-30,20,-7,-12,0,1 # cft deg6 r=8
-13876,215028,-946516,1228652,869139,-3504217,3037973,-787296,-212607,-27627,459662,-594280,390130,-112588,-16619,9913,7996,-1038,-2350,33,406,-10,-30,0,1 # cft deg6 r=12
-1151,-10610,-13214,-3690,-7366,-30792,-35948,-7262,23596,34634,36388,960,-27244,-16844,6141,9066,1216,-2187,-916,244,208,-7,-23,0,1 # cft deg6 r=4
-4122301,5174116,23088261,-1587350,-29924756,861310,27155450,-634102,-19912069,-2513243,9269210,2217011,-2962193,-1026599,623759,287989,-79860,-50103,5098,5278,22,-307,-22,8,1 # cft deg6 r=4
70283,784234,3277795,6249008,5317820,-89898,-4157696,-3160297,-8499,1433099,821196,-158230,-394300,-116181,75335,57094,349,-11295,-2764,1043,481,-36,-35,0,1 # cft deg6 r=4
-950459,4672296,-10262945,14464826,-14878948,11212806,-6069390,2271486,-662979,118328,278714,-525468,442965,-214076,68799,-29894,21486,-10516,1989,492,-288,-6,35,-10,1 # cft deg6 r=4
1,26,124,-670,863,993,4521,1342,-1940,-3116,3556,1478,520,-400,-448,-397,7,-6,93,-15,-6,0,-2,2,1 # cft deg6 r=0
169,1521,4134,3848,9424,8346,6572,5768,433,-3170,97,-2868,-714,815,879,-156,-223,-135,46,37,10,-5,-4,0,1 # cft deg6 r=0
1798471,8083061,19046863,7900694,-7057245,-7968370,1793913,3229842,-209693,-1505714,18080,476676,110797,-136970,-34450,17967,10588,-3027,-1170,154,188,-24,-11,0,1 # cft deg6 r=0
-21463,99061,-308924,863303,-1786066,2450090,-2398094,2181230,-2116561,1657319,-800938,231421,-75671,-22143,134279,-139436,62421,-3221,-10860,5888,-1363,58,48,-12,1 # cft deg6 r=4
-41,-164,6944,3372,-21344,-48743,2075,74032,37891,-73447,-51672,40930,37415,-12671,-17853,392,6058,1182,-1644,-350,318,30,-32,0,1 # cft deg6 r=8
-412,-920,-1137,-2072,-6846,-6099,10676,33877,39590,6320,-62036,-52013,50196,62294,-25459,-34175,7568,12669,-1824,-2603,432,248,-41,-6,1 # cft deg6 r=4
-50236012,-79601146,46275229,13796908,-166061353,-96724829,64463992,51807539,-9384195,-9395190,74905,-1266165,-514489,574169,50243,-104572,42381,23238,-9274,-2869,927,177,-47,-4,1 # cft deg6 r=4
22409,-91627,-185800,1565194,-3274800,1633299,4230201,-7251157,3034426,1769438,-922451,-2146475,2488569,-824015,-229572,247683,-37059,-26100,10973,245,-947,135,35,-12,1 # cft deg6 r=4
-971,-9050,-47062,-132196,-124680,163380,418689,-34082,-625940,37452,677321,-388292,-228732,399258,-218448,45178,9048,-5660,-1136,1576,-451,-8,38,-10,1 # cft deg6 r=4
-353971,2942868,-10131463,17805195,-13574281,-6318264,23881517,-20047417,1546772,10091488,-7622094,746254,2020005,-1154381,33608,207378,-76242,-5013,10246,-2057,-379,210,-15,-6,1 # cft deg6 r=8
42172,-31290,65521,-178469,83639,-12309,187524,-190552,-48847,64991,102964,-66328,-68627,50851,26944,-25877,-5049,7732,344,-1441,81,144,-17,-6,1 # cft deg6 r=0
4,-38,1,226,290,-186,-1431,-1031,487,604,-292,-1202,1150,502,-1521,-350,996,69,-351,-50,92,18,-20,0,1 # cft deg6 r=8
39866951,-102573579,110370298,-7941926,-131523540,120800921,29923929,-93035808,19752675,34005320,-14880799,-7593808,4673618,1447933,-1081006,-221147,194432,18635,-22826,-698,1612,7,-62,0,1 # cft deg6 r=4
-331,-2349,-2941,5040,2038,-20720,-189,39442,-7372,-47221,13846,35103,-15528,-16017,10982,3549,-4807,352,1133,-417,-83,83,-11,-4,1 # cft deg6 r=8
4814407,3747215,32642828,68177759,86363331,71003461,36042541,3905987,-9413273,-7330550,-1348892,1399474,1131449,214482,-152147,-111240,-17468,10414,5760,529,-384,-128,-1,6,1 # cft deg6 r=0
-123968,629952,-1687464,2808336,-1313027,-5583024,14776083,-16869137,8516230,975378,-3361928,884234,1037821,-938561,214408,78995,-25035,-31731,21668,-3954,-663,329,-16,-8,1 # cft deg6 r=4
-11323,78689,-183247,122815,272409,-918595,725737,743206,-1452624,315532,697816,-399730,-142159,162122,4264,-39016,5137,6514,-1704,-704,287,36,-26,0,1 # cft deg6 r=4
-542578,315158,23736291,-47158557,2190066,53222682,-26289975,-23224065,19192015,4551332,-7012877,-140641,1658179,-141533,-292820,42216,41630,-7616,-4699,1037,410,-95,-27,4,1 # cft deg6 r=8
-1871,-8670,30269,-47180,76452,-109017,111269,-91143,67395,-33490,-6741,32573,-40867,41447,-36451,25336,-12892,4314,-409,-614,516,-234,68,-12,1 # cft deg6 r=4
13952,-51200,139008,-208128,263096,-284340,380432,-589715,631161,-307741,-105036,248693,-148000,33689,9070,-16270,12886,-5144,-114,1023,-396,31,22,-8,1 # cft deg6 r=0
-176588,196222,-64451,1524972,1374934,2114373,3101001,-1498167,820723,2429715,1875730,1523553,146386,-171051,-171559,-67618,7355,10899,3999,489,-351,-167,-4,8,1 # cft deg6 r=4
174637,-1105484,4375117,-11319429,20535276,-26287579,23649120,-13590305,2643748,3216744,-3415320,1343764,139436,-435322,188931,5733,-28832,1624,5540,-1212,-508,189,10,-10,1 # cft deg6 r=0
2704,32240,167248,540104,1244211,2186341,2983024,3109779,2389468,1320140,602643,356943,191118,-72304,-226329,-159003,-26958,26636,16946,2371,-1019,-401,-24,8,1 # cft deg6 r=8
-4087,53624,145812,-200588,-235583,646064,-70725,-698051,491471,321695,-483655,28886,237285,-99385,-49419,43914,2788,-9662,943,1392,-207,-147,11,10,1 # cft deg6 r=8
1,-4,-17,38,107,283,784,1773,1734,164,-1636,-1812,-478,809,599,179,15,26,-4,-11,-2,-8,0,-2,1 # cft deg6 r=4
-53338,379544,-1479013,3179140,-4641790,3678324,-514966,-3284609,4278376,-2352463,-284058,1338232,-751342,-16537,212094,-79998,-15031,17907,-2423,-1662,544,62,-40,0,1 # cft deg6 r=4
4,-44,279,-1340,5183,-16089,39806,-78499,123748,-156017,156339,-122145,70974,-26919,3373,2060,465,-2991,3176,-2042,928,-308,74,-12,1 # cft deg6 r=0
732736,0,1974792,0,-1561759,0,-899204,0,1639618,0,-539131,0,-48619,0,39357,0,-3153,0,-647,0,105,0,-7,0,1 # cft deg6 r=4
-32,1600,-9848,6624,100123,-311757,119441,1116081,-2489871,1577982,1747690,-3643193,1755952,868817,-1053824,24375,241626,-26188,-29732,2906,2024,-127,-71,2,1 # cft deg6 r=12
433,-4272,14820,-41701,79374,-134478,162392,-176450,126780,-88185,49367,-37631,40115,-11394,569,1539,1805,-8069,5282,-221,-780,212,10,-10,1 # cft deg6 r=4
469,1824,4412,10425,16397,12666,-965,-9141,-3782,4153,7681,237,940,-3531,1812,-1685,1690,-887,634,-422,167,-69,36,-10,1 # cft deg6 r=0
32279200,-57955040,12743768,59467960,-45443821,-18728836,30423876,-243742,-9765617,1033939,1573145,15531,22964,-71266,-70375,17064,12411,-2727,-842,294,186,-61,-17,2,1 # cft deg6 r=0
-677,-7096,45993,-126955,183127,-93497,-69244,-23561,423780,-622488,289056,167049,-253921,67148,55186,-39340,-556,7982,-1724,-795,326,35,-28,0,1 # cft deg6 r=4
-8549,17014,-58578,159324,-267355,303508,-212265,-143857,757970,-1238184,1219066,-801285,335366,-37405,-80939,91748,-61532,29871,-11068,3154,-560,-30,50,-12,1 # cft deg6 r=4
385372,939638,2378539,3826442,5239805,5711534,5171208,3681250,2040810,605855,-61279,-293748,-175757,-70698,884,13596,9763,2713,297,-322,-125,-28,10,4,1 # cft deg6 r=0
-1604,4736,-103445,-103033,284898,-401606,47095,1011856,453295,-92396,-32261,-184070,-124709,135006,88602,-49775,-29173,12294,5237,-2153,-448,231,4,-10,1 # cft deg6 r=4
-4,-6,159,-208,-1296,3725,-615,-8779,8747,6827,-14580,2764,7597,-3603,-2209,1056,989,-190,-467,38,130,-6,-18,0,1 # cft deg6 r=8
-3837296,33882816,-113216304,127930808,52244159,-198648712,117561081,21294616,-59616127,32302698,-6728208,-1982710,2425197,-1059376,122197,95440,-30846,-11466,8385,-1118,-351,84,23,-10,1 # cft deg6 r=8
-134800,-1569440,-5440384,-6120064,5675879,18402870,5360847,-19560154,-13859609,10791790,11916185,-2903018,-5576687,88068,1547932,169252,-257530,-49838,24476,6628,-1107,-442,4,12,1 # cft deg6 r=12
134161,235192,599174,1296152,679664,-652110,-44959,1022780,917,-869534,72116,680392,99130,-283860,-84498,70118,29647,-10346,-5791,854,658,-30,-40,0,1 # cft deg6 r=4
1876,-11380,48240,-147436,352989,-692551,1134442,-1559294,1803989,-1753100,1423084,-955555,520344,-218620,60335,-1446,-9436,5906,-1877,114,230,-145,49,-10,1 # cft deg6 r=0
2854496,-24846080,70216712,-58332432,-22837817,41353317,1941734,-8782876,-2923695,135415,1038898,765355,-134843,-258434,-565,35132,5782,-6747,22,818,172,-83,-21,2,1 # cft deg6 r=0
-770309,4564821,-10144414,5613272,18539384,-41916105,30303736,9304925,-30727087,10682388,26773742,-45224427,34672630,-13597811,957340,1452852,-469503,-76474,72005,-11436,-1614,653,-27,-10,1 # cft deg6 r=8
6079,-93890,374144,972108,-4233472,-8273214,4297403,17367015,6550923,-11383691,-10972069,467393,5125844,2111726,-685660,-765803,-112282,90026,38212,361,-2729,-543,6,12,1 # cft deg6 r=8
-6528976,14180144,-38752112,60275232,-7301301,-62941069,37893936,40804950,-63293584,17527407,24260220,-20510010,-20490,5738860,-1433319,-760681,327516,51076,-36236,-1249,2244,-36,-74,2,1 # cft deg6 r=4
469,1416,-14604,57354,-140283,233599,-286864,309763,-356582,406198,-358109,174638,53744,-199941,213955,-142105,61401,-14093,-1326,2338,-798,79,28,-10,1 # cft deg6 r=4
188579,-703329,1034303,-1007454,2071491,-4807354,6630896,-5760933,4768188,-6189937,8103397,-7487636,4710732,-2163603,929242,-503235,275513,-105402,20152,1484,-1738,321,8,-10,1 # cft deg6 r=0
-820153,-3955685,-635106,1324894,8854670,2868898,-3622611,-4811434,-2392870,1846581,600020,125369,-144944,-146660,-5491,26386,12403,3293,-1442,-907,-242,-5,24,8,1 # cft deg6 r=4
1171,17343,116288,456701,1163080,2025673,2408940,1847496,817737,280567,387443,465996,196718,-87700,-129122,-43111,8415,10309,2477,-231,-300,-95,-9,4,1 # cft deg6 r=4
