# IGP24 class field sweep: deg4.
13901,178247,742727,1221485,1642955,2482745,4268927,4868849,2943576,1524929,946361,605663,437366,277695,194714,77183,52780,11946,8479,1069,797,53,42,1,1 # cft deg4 r=0
474631,-187777,-1026573,-1889133,-293796,2918895,4585080,4551140,2714586,1230306,807640,707060,726023,603538,388459,214293,98130,37369,13465,3526,1076,179,49,4,1 # cft deg4 r=0
50394451,-19384996,-50214971,-6931582,20983851,11853590,962829,-1040927,-1366966,-1633084,-762248,79469,224633,107266,41909,17184,2108,-2801,-1476,-311,-87,-20,12,7,1 # cft deg4 r=0
1536581,-3032939,4245760,-540827,1150876,-4074444,-1622396,239286,1820110,1243430,-60177,-470286,-290671,-26011,83058,22862,5307,-2249,-3373,-280,112,68,38,5,1 # cft deg4 r=0
1071071,-2836663,4237460,-5441125,5316860,-3733886,1598446,283440,-311752,-442700,154633,212266,11259,-102973,-4676,12562,12209,-1801,-3847,266,598,-42,-36,1,1 # cft deg4 r=0
513871,690624,3752892,3700044,8154267,11184017,12628738,8641455,4698406,-842230,-841837,-945180,-600589,17071,241922,70992,-29770,-19087,418,2273,365,-110,-33,1,1 # cft deg4 r=0
35648191,-78295327,129115174,-125926384,99279371,-66205202,53021397,-28811804,17279467,-8440386,5651903,-1922520,1309778,-386679,288058,-59109,46939,-8783,6631,-700,669,-63,37,-3,1 # cft deg4 r=0
324871,-742225,-648685,4447673,-78165,-826024,1122590,-6013730,9321786,-3333382,3691911,-3242151,2701569,-1605711,1225371,-333012,268682,-35374,31612,-2104,2067,-69,71,-1,1 # cft deg4 r=0
474097201,-1276765485,2264790220,-2647932627,2643160105,-2086951979,1448718540,-830165515,407798966,-157668757,46858336,-5358891,-2537536,2684214,-1059179,343283,-49403,-2569,5207,-1919,302,6,11,-1,1 # cft deg4 r=0
71941901,47794499,130391114,33795867,32970907,26130063,-3312714,10858671,9835493,3201611,3820652,2287294,573446,438518,370268,185530,102297,53642,15470,575,-984,-263,-5,8,1 # cft deg4 r=0
131619581,-375260361,483801935,-609265610,879324535,-1014229597,894759724,-638614535,395661973,-224248425,106417887,-43136642,18285039,-6250191,1782751,-744769,145789,-32747,18372,1178,1423,201,71,8,1 # cft deg4 r=0
361125221,-754425955,1294418032,-1544513763,1568175012,-1247317355,1009045532,-634134556,440661485,-214707788,112910743,-25041075,16947634,1722579,3536341,909456,533076,125379,44077,8907,2457,360,85,6,1 # cft deg4 r=0
53890231,81779791,157230611,222396256,230377515,207420836,149932905,75921344,26620709,6129650,433343,-281329,-305081,4249,202809,60032,-22308,-6628,588,-389,-86,47,19,6,1 # cft deg4 r=0
33641,-162126,-258223,1698910,-355181,-4575842,10690730,-2602809,7503246,-13940305,26962784,-23809919,17449618,-9305966,4591996,-1749936,649985,-184834,54803,-11231,2791,-367,80,-5,1 # cft deg4 r=0
582451,-2647768,6677993,6923545,13772295,1369141,16240492,-13723116,366565,-6004726,2801338,1980053,237286,-792635,-138673,101580,63606,-14730,-9203,1011,897,-57,-47,2,1 # cft deg4 r=0
1978855,6594175,66829140,-133263735,266940321,-303482870,342631523,-277908969,224776157,-137685275,87464951,-41139863,21925268,-7983610,3814171,-1075927,483110,-101548,42871,-5982,2397,-179,75,-2,1 # cft deg4 r=0
13277071,120648921,137420448,-625284154,536920652,-136772966,181181867,-140794950,-44463224,67839084,647327,-430313,-1385447,-787216,25553,17082,50176,1140,683,-1108,-88,-53,12,3,1 # cft deg4 r=0
842807591,-281819572,-630171229,36926784,238451055,55259321,-106649994,26335086,14252555,-17694240,10258027,-5145787,2567354,-1234784,492213,-176755,61620,-21043,6714,-1352,360,-77,24,-1,1 # cft deg4 r=0
309025625,-400858125,119515500,94033125,21208655,35591620,72838845,37409400,8981496,863378,1641211,-76223,-830435,-635602,-182197,-26449,4913,2534,2408,1089,424,86,22,4,1 # cft deg4 r=0
255776711,-727274919,936690353,-635792589,14676587,483909789,-582390553,395507505,-157867899,562699,60006537,-60965543,41001683,-21809036,9665083,-3660593,1197841,-339250,84358,-17923,3432,-528,82,-7,1 # cft deg4 r=0
437305,-181575,689750,366360,5539096,11383720,15107918,12014954,4678767,-741745,-2704874,-2383217,-910822,-497505,223066,-4023,112515,10288,17956,1487,1452,89,60,2,1 # cft deg4 r=0
8223525,7537050,433572750,392707050,193893685,26099370,9091400,23942735,28250721,15588397,4074881,-203887,-129120,377842,342858,160284,63508,29966,14183,5286,1484,334,67,11,1 # cft deg4 r=0
23459341,-42285741,81505429,-130839388,176450789,-205545995,149233742,-114589103,97598080,-56650427,41646864,-15521516,8761371,-3431491,1478834,-424642,147155,-43723,10157,-2250,404,-143,14,-1,1 # cft deg4 r=0
3199801,9017138,3721496,-15076856,-18167840,-3130795,12096566,13579556,4171687,-2359046,-1938575,-159779,327086,122537,-81056,-43382,19940,7999,-3196,-531,381,2,-25,2,1 # cft deg4 r=0
18901,113905,258511,289842,-17923,-711202,-505354,1026508,1257441,-398741,-1021213,-34010,466732,76549,-140886,-30010,31527,5495,-4915,-589,522,34,-33,-1,1 # cft deg4 r=0
1801,-2002,2824,-3926,6749,-7212,6414,-1957,1457,-1020,1780,-554,-40,748,344,-269,-133,136,108,8,-9,5,5,3,1 # cft deg4 r=0
241,1308,3274,4889,4729,3063,1179,98,142,465,415,126,310,283,89,-184,-198,-99,-17,13,16,10,5,3,1 # cft deg4 r=0
151,937,3519,10426,23434,41522,62254,69187,47047,14290,-870,1799,4725,1362,-2096,-1976,-433,219,83,-53,-24,20,20,7,1 # cft deg4 r=0
941,-5663,10509,-2199,-4251,-18778,11389,32367,24847,625,-3550,1069,470,-788,-1221,4,837,744,398,142,56,35,20,7,1 # cft deg4 r=0
81,432,1404,2526,2824,3892,9269,7487,3822,2160,4020,2519,510,582,909,309,47,239,243,57,-24,0,15,7,1 # cft deg4 r=0
1,-6,-3,60,37,22,93,368,2766,4687,4625,5848,7837,8903,8595,6834,4776,2798,1479,655,268,86,26,5,1 # cft deg4 r=0
71,-346,1552,-2590,5332,-8233,5078,-7757,3816,-3423,7900,7493,12752,13408,12590,10654,7206,4463,2244,990,373,111,31,5,1 # cft deg4 r=0
15191,3216,65109,-101752,240589,-602823,1270756,-1493059,1391653,-1024953,641799,-317303,141737,-15584,-841,12594,-3680,1583,305,-248,185,46,-3,3,1 # cft deg4 r=0
12841,-32259,74369,-103127,130894,-135903,130906,-110609,81308,-47648,32829,-11858,8667,-4049,3154,-681,450,688,-170,-3,110,11,-3,3,1 # cft deg4 r=0
3280,17000,62400,171200,384185,693495,1030340,1264060,1317736,1201709,1002173,784068,578961,393599,241250,130794,62739,26498,9930,3237,926,221,47,7,1 # cft deg4 r=0
76880,612000,2322800,5679950,10173135,14334480,16674675,16610695,14567081,11460539,8175183,5312368,3152541,1711684,851510,387169,160289,59488,19695,5652,1441,301,57,7,1 # cft deg4 r=0
11,-4,575,-426,7126,-11423,52986,-75807,197195,-235046,294316,-248081,229231,-132157,105735,-38932,30742,-6257,5669,-490,635,-8,39,1,1 # cft deg4 r=0
101,516,7340,-4781,14311,-17318,40031,-27847,30085,-13871,29896,-9421,38871,-10257,29420,-5432,12037,-1242,2909,-100,420,7,34,1,1 # cft deg4 r=0
367355,1178605,1298125,2195,-1458140,-1316660,171685,1322225,1294146,580905,30207,-97790,-12457,34365,23379,3245,-2685,-395,589,185,-52,-35,2,5,1 # cft deg4 r=0
42605,31045,747865,3092545,6038390,6321450,3164125,-670665,-2163604,-1187693,5087,314966,130371,8427,-15985,-12117,639,-1091,925,69,76,-47,-2,-1,1 # cft deg4 r=0
42603671,-98993474,116813690,-90580717,46044957,26342796,-79297148,73946472,-16339477,-24536276,39923149,-28067134,14626065,-4889860,1362080,-177845,39475,2518,3438,80,459,-29,31,-1,1 # cft deg4 r=0
2773441,12018611,25883835,22362113,12646732,-18792889,27197022,-10222618,-1322427,-715816,2325734,-1385979,-47255,295420,-143745,-10070,40815,-21747,7513,-1255,314,1,21,-1,1 # cft deg4 r=0
3190671,-21982482,90604530,-133896324,77890097,-32002487,28958523,-13384391,1222178,-1325248,1212001,-67793,-160600,52175,-25335,-28765,23245,1874,1127,120,-231,3,19,-7,1 # cft deg4 r=0
57745501,231822974,577956609,752468584,380283138,-182213193,-350808640,-152038960,30069382,57827058,23258480,761964,-3146904,-1531943,-354430,-18128,31402,23966,11249,3376,651,38,-3,-1,1 # cft deg4 r=0
230476741,692558612,890357644,696067874,341515860,70915894,-4124580,-3781934,16072330,12732931,7925871,2075278,753519,10078,87136,14836,30645,8311,5805,1204,595,84,34,2,1 # cft deg4 r=0
357911,1079768,2292996,1162069,1724346,1444270,5343121,2767279,2743184,-40938,204743,2470942,742148,-553378,64566,222182,-19612,-47822,-1094,5097,458,-275,-37,6,1 # cft deg4 r=0
10766471,-2946345,25335144,-10886178,37227586,-21088391,34815269,-21584255,21958684,-14739312,10411265,-4334019,1856745,-446549,-660,11905,-66450,40711,223,-5175,789,226,-51,-3,1 # cft deg4 r=0
4485281,2886856,131324636,-26130876,11961456,95431693,-29000327,-22729549,29839261,12379230,-537194,-118535,-78586,370381,410998,145098,15960,-17108,-8039,784,688,-57,-34,3,1 # cft deg4 r=0
90235871,56658954,19323551,-56935819,-22832369,3610769,9665302,12676244,-2103220,-6414093,-1104046,825008,1376662,349948,-594579,-180581,135992,38147,-17790,-4376,1324,260,-53,-6,1 # cft deg4 r=0
12878261,-55427821,109090592,-102632301,886157,71719207,-13239802,-32355895,-5714374,9556290,8356118,3028375,791616,605911,448297,174782,36560,4683,2448,1838,510,20,2,6,1 # cft deg4 r=0
191,-2104,9594,-17057,-19708,203867,-442589,-29026,1680588,-1718831,-591688,2590206,1861596,-1291268,-815962,314370,172992,-41867,-21200,3110,1526,-122,-60,2,1 # cft deg4 r=0
13061411,-12709266,37708806,20321776,15310666,-27250766,-8939978,-8476026,10009605,2071032,1477384,-1698427,-448188,-45852,169621,44654,-13668,-12573,-2350,1234,669,110,12,4,1 # cft deg4 r=0
84821,-3065711,41518681,-104691714,208909421,-194557426,117081697,-20716761,-6194590,-269843,4229884,-923702,290047,135738,-94314,-52826,24092,6537,-3470,-996,394,95,-18,-6,1 # cft deg4 r=0
15971,75098,-80639,-387481,2402878,-2721050,-672509,4718325,-940416,-3262550,1623142,1221185,-1109861,-101992,371511,-80008,-56483,25158,3490,-3320,91,221,-25,-6,1 # cft deg4 r=0
1886861,292300,405701,430972,1551775,-277191,1871815,483577,1596240,-278693,456318,-237702,258602,-15494,126410,15764,35891,4439,6148,469,641,19,38,0,1 # cft deg4 r=0
5106931,9563509,17779055,17516895,17879120,13146104,11791586,8037748,6215042,3703845,2663468,1464607,896141,447124,240674,104171,50030,17707,7448,1910,691,121,39,4,1 # cft deg4 r=0
903271,5585067,13967111,16889388,5762595,-12477028,-20200089,-9565609,6384851,10139636,2521217,-3150678,-2039639,394371,641867,42100,-112610,-22362,11770,3684,-593,-299,-1,10,1 # cft deg4 r=0
61951,-2214754,28491466,-135494791,328502136,-459744204,392946522,-224103924,111886895,-60878847,26926009,-7979568,2897177,-1377593,298176,-12494,26427,-14727,-335,866,289,-90,-18,1,1 # cft deg4 r=0
418511,-1825248,1760151,2979503,-6227302,73171,7124300,-3695645,-3898323,3880424,916485,-2045292,109431,661326,-138135,-138391,43657,19113,-7539,-1703,761,89,-42,-2,1 # cft deg4 r=0
107792921,49179882,-25499964,45462153,97106043,46323071,809495,2122185,8235707,5143889,2325295,1346903,414766,-81539,-51425,18489,11282,1453,926,397,-84,-46,13,8,1 # cft deg4 r=0
58441,-56700,352211,-593506,608317,-1630023,791077,-1154357,1431921,197978,1607573,657854,982344,374047,352463,107914,78430,18011,11024,1753,957,92,47,2,1 # cft deg4 r=0
7854401,-46626255,138528755,-273962076,404657500,-458465633,396055480,-255060250,116760576,-19591029,-19747151,23071892,-13774346,4962673,-763701,-377676,373347,-184253,66568,-18922,4407,-818,124,-13,1 # cft deg4 r=0
35317601,178138112,226887304,-180011831,-314491099,144210897,223752152,-118120266,-81082148,54352736,10840148,-8727090,-1201057,39619,745688,-255806,31334,-882,321,-545,144,-22,17,-7,1 # cft deg4 r=0
30257621,-53447104,125276108,-86637521,29138729,72568719,-93592882,26606659,35203972,-32091038,10679785,8455011,-5509850,-1662895,1233184,515703,-14663,-49117,-5756,3442,546,-190,-29,6,1 # cft deg4 r=0
5995541,-8838520,-8473600,24655774,5482822,-24195878,2753175,11589926,-4151865,-1929731,1351816,-191190,41068,15136,-40505,12051,3064,-617,363,-373,120,40,-14,-3,1 # cft deg4 r=0
2525,-10225,-7400,6525,114185,232455,468405,450725,321911,120100,-39850,-31090,-21219,5655,9370,2270,2841,-970,505,-255,136,-15,20,0,1 # cft deg4 r=0
2740525,-3393650,13975150,-3479925,4619760,10621805,-9499870,-2788705,6515801,-396753,-2071899,788113,578690,-188333,-51427,59244,10013,-7394,-747,756,-26,-106,-8,6,1 # cft deg4 r=0
461,5100,25140,77469,179937,341167,521110,639701,623720,421229,190971,60765,6608,-9934,8015,-4539,6024,-2072,1443,-583,210,-70,21,-3,1 # cft deg4 r=0
24240025,-26592675,48354875,-36221950,48199735,-30820830,27965385,-15843165,11300296,-5881069,3313879,-1511859,803520,-329439,149287,-57242,22918,-8347,2767,-888,279,-68,23,-3,1 # cft deg4 r=0
10021,-51616,74973,-37376,84725,-17272,12823,-47020,1918,-17513,13775,2967,4141,-3341,958,-455,167,-222,121,-53,18,-1,5,-3,1 # cft deg4 r=0
352421,791650,1427094,482510,374367,328940,-115935,-603630,646859,744800,-842207,-348740,605361,106030,-243321,-19700,60701,1880,-9544,-60,911,0,-47,0,1 # cft deg4 r=0
49201,21175,-7791,-59975,56032,26730,18823,-23570,-35132,-715,7818,905,913,325,228,255,153,-20,-37,10,22,5,-1,0,1 # cft deg4 r=0
15451,-28353,11925,2455,35771,-79782,63369,-33399,35300,-45389,31024,-9786,-1338,4461,-1476,-445,913,183,-26,33,58,10,-1,2,1 # cft deg4 r=0
4370231,13755320,21725534,25853852,-6966538,-37621731,15637313,10778649,6850961,2666456,-5020603,216412,1070769,-72646,-29063,-47248,-3925,15117,-354,-2066,272,124,-22,-4,1 # cft deg4 r=0
961,3844,-3844,-14291,19530,-12710,36429,6777,-11687,-7756,-1833,-6772,12552,-4866,1815,-1500,513,-142,240,-218,51,35,-17,-1,1 # cft deg4 r=0
1137421,2219837,404255,-2930565,4519081,8504068,366069,-8300959,-2196085,2993616,2804394,309499,-795148,-407734,49909,106420,23083,-16637,-5366,1428,633,-85,-36,2,1 # cft deg4 r=0
25091,-66293,111867,-42948,-74171,162913,-57593,-53533,72092,-46326,-5790,29758,-17745,2835,2181,-1301,507,-694,676,-364,136,-55,24,-7,1 # cft deg4 r=0
264191,1216767,1127463,-3569232,-6360348,1616866,12369967,2244410,-9505954,-5818840,5912027,2045085,-1324519,-310302,75543,1704,14080,2614,-418,-254,-140,-10,-2,2,1 # cft deg4 r=0
241,-501,1246,304,-3125,-2081,5835,3201,-396,6475,-5697,-12996,10674,11731,-9271,-5987,4792,1723,-1497,-296,274,28,-26,-1,1 # cft deg4 r=0
35149801,-28757757,66691596,-40694371,55207221,-27925895,29169171,-13482011,11678014,-5071023,3801228,-1602648,1047628,-411573,222446,-76558,36383,-11317,4651,-1228,438,-90,28,-4,1 # cft deg4 r=0
25252861,-8794668,-26284734,424778,15137238,15270181,-9473235,-12921625,6553132,4614184,-3117775,-923247,883446,134511,-156025,-18836,20957,2453,-2564,-228,221,19,-12,-2,1 # cft deg4 r=0
61,-198,1661,-3127,12283,-15374,40980,-31645,75462,-39586,81850,-31142,67196,-16204,40395,-6816,15547,-2237,3581,-443,471,-46,33,-2,1 # cft deg4 r=0
710491,-6877563,18662214,-9707379,9398004,-2484348,10129564,-6142393,5280097,-2130170,1485475,-949156,684150,-412718,180704,-83266,36982,-19146,10088,-3838,1381,-315,70,-8,1 # cft deg4 r=0
241,-2726,14387,-44840,92717,-145128,203798,-268622,307811,-310858,294175,-253862,195607,-140267,92115,-53726,29781,-13467,5999,-1985,688,-154,41,-5,1 # cft deg4 r=0
18648391,-63533773,171056583,-215998712,173807441,-123407264,75501709,-28153634,5227994,-1669704,2184762,-1857591,792640,-118256,93954,-80624,-5254,21285,-3139,-2398,678,97,-44,-1,1 # cft deg4 r=0
23976371,-16076898,21250466,1164224,5429062,383684,6451379,-5255508,5838988,-4413697,3392028,-2128392,1310261,-671291,337482,-149770,63987,-22804,7930,-2200,606,-124,30,-4,1 # cft deg4 r=0
331,-17603,272110,-306720,369105,-365286,211971,-144535,76003,-41620,13658,7411,-716,-2058,3294,-943,244,-1,248,-184,73,-17,9,-4,1 # cft deg4 r=0
451,1099,-1287,2144,9610,-10277,3968,20115,-12007,-15258,33285,-16958,-13954,19254,-1502,-6495,1617,1368,-294,-353,78,54,-15,-3,1 # cft deg4 r=0
41,-971,11052,-30121,10924,57243,-56450,-29951,51810,-14679,2503,13323,-8889,8295,-78,471,1575,-606,700,-191,154,-22,18,-1,1 # cft deg4 r=0
2527061,15181554,14461917,-41193516,-9563081,64534313,-1957760,-40855001,14652795,1227246,1301868,-1853802,630951,-301820,177432,-68524,33450,-13316,2625,-801,474,-92,-2,-1,1 # cft deg4 r=0
63125,-30625,-65125,12500,51525,91675,-33680,-72785,-20349,13555,43520,-750,-4384,-11415,-370,2560,1501,20,-190,-240,-34,0,15,5,1 # cft deg4 r=0
2809355,1283745,-6139650,-844545,13798871,11586645,-2180742,-4875179,-115088,1202380,544526,94227,-260892,-148665,75151,43738,-17730,-8853,2286,1168,-148,-94,10,8,1 # cft deg4 r=0
61877141,-9409700,32488445,-13408543,13138927,-1823396,9803265,-2506747,2058450,-1155912,631534,-208230,239253,-39258,46670,-5422,5894,346,697,-19,75,25,19,6,1 # cft deg4 r=0
4157021,21380010,61153315,121691241,179217502,204062828,187855815,144218459,94620100,54459916,27614151,12333180,4860943,1645404,484490,115199,24959,5002,1623,583,260,70,26,3,1 # cft deg4 r=0
5531,-4653,6142,-19878,12344,-5227,13812,-21348,38062,-36481,11870,-5127,11505,-12685,9801,-3586,-283,-644,1371,-489,-94,70,4,-7,1 # cft deg4 r=0
61781,-10221,-7859,-11521,16850,66710,-55986,-22543,38128,-26,3282,-21182,11537,5129,-4735,-695,1338,3,-160,-43,56,0,-2,-1,1 # cft deg4 r=0
61,-824,4722,-13650,21774,-35558,79425,65554,-70409,-12080,24299,-1976,2703,-12034,-189,5196,440,-2081,-7,466,56,-58,-5,5,1 # cft deg4 r=0
9309271,28748820,76499739,82962987,93009097,19466344,64257178,-24413441,53486366,-34066149,27859332,-12522688,5806344,-1479086,393792,2367,-10475,13097,-2654,1029,2,-11,23,-4,1 # cft deg4 r=0
7775,-20050,35935,-27675,-3259,42368,-40981,12727,18782,-16612,10554,-1718,-1768,4633,-371,1502,922,398,524,147,142,28,19,2,1 # cft deg4 r=0
961,-961,1922,-7316,24769,-59117,122765,-181261,220355,-221579,180658,-118412,70551,-40050,19472,-7049,2390,-876,180,-6,29,-17,3,-1,1 # cft deg4 r=0
10775,-14125,56925,175,56335,28445,-8370,-19180,-7909,-12796,-2026,-5111,1840,7764,2977,-328,-1577,-1313,47,463,89,-62,-17,3,1 # cft deg4 r=0
468251681,308763697,634690912,464947190,355942562,198533107,79946375,24181881,7225378,933632,1418795,-586149,92518,-152363,21765,186,108,-173,-100,196,67,-15,3,1,1 # cft deg4 r=0
1594111,6089612,12193007,1307810,24212047,-16970638,34143700,-16336234,22745973,-6039158,8179585,-465929,2527668,279592,680910,87921,140423,15192,19335,1361,1542,60,63,1,1 # cft deg4 r=0
468251681,-128123158,-348729853,-134091145,311250352,35841227,-58589750,-36103749,5816238,9799322,997495,-771324,-416462,-49733,26950,17951,4703,-1173,-460,276,132,5,-2,1,1 # cft deg4 r=0
87081025,-35652600,-150732450,41583200,89991035,286935,-20527170,-7815120,187811,1935696,-1247682,-1783621,1113668,223346,466660,-32240,64991,5280,9730,164,643,56,43,4,1 # cft deg4 r=0
34831,-159950,959401,6613359,5542537,-11004669,-8472915,8522081,4437624,-3616213,-1009368,972385,329677,-407132,-48421,73695,20475,-12155,-2195,1380,338,-100,-27,2,1 # cft deg4 r=0
6099721,-5429330,-4092044,6495064,6704322,-10709534,-1246255,6449556,1001594,-3449643,224857,859845,94857,-180567,-17526,25990,8830,-485,330,440,178,10,8,2,1 # cft deg4 r=0
1825015291,542738240,442378321,-559037434,653002876,-334749737,147130521,-128354075,125029354,-87935304,40517095,-13006172,3281410,-770853,266420,-117910,45910,-10658,1217,-275,119,-48,16,-4,1 # cft deg4 r=0
1201563191,-687952431,-23072974,72363527,108590015,-144022337,49168415,7452793,-7289620,-2402658,171999,717064,-5741,-119439,66724,-9037,11620,-5398,1980,-278,220,-32,16,1,1 # cft deg4 r=0
1691701,6804556,11193347,1153582,15686903,-3764523,1447709,-14510151,10517313,4005940,3435651,5529810,1951480,2011053,980856,472410,243259,71673,31512,6264,2174,281,75,5,1 # cft deg4 r=0
237723541,-22054345,-307786444,133795491,-24639363,-121614082,141466652,-80470208,68662401,-24451923,14661433,-3991234,2016694,-152782,92853,-11664,28595,-6,1289,367,297,38,7,3,1 # cft deg4 r=0
18329741,13198328,135948905,338247680,524117176,1132399677,2171183379,2247099859,1149266650,245313234,24789279,2395236,314402,1674949,946624,392200,198318,69992,21899,5897,1283,290,54,8,1 # cft deg4 r=0
1735261,4571885,29769991,73667368,148130975,168866586,142223230,77314218,50872090,37264038,36386818,24428792,14923952,6633239,2932155,988051,381716,104111,35898,7486,2186,306,73,5,1 # cft deg4 r=0
2137576541,-533800127,1534446432,-416178455,1032735875,-248204395,378130212,-87855584,125799381,-27219159,26398406,-4255958,4597286,-515800,351994,117652,-12710,15389,2249,-244,407,42,-8,4,1 # cft deg4 r=0
424586576,10046248,543293140,65996602,293490679,51396660,106573598,20374796,31078847,6167854,6943182,907162,1113006,51512,143467,-8046,12171,-5956,-74,-632,161,-18,7,-2,1 # cft deg4 r=0
32381,130823,239959,147681,185933,727444,1367305,219511,-863712,-631742,409974,93889,-239474,57815,47731,-25409,7735,4974,-2773,-173,110,-2,30,-11,1 # cft deg4 r=0
191921,2197007,6200804,-2236687,-9158145,-9099168,-1713180,3921722,6762319,6115495,4371682,2486723,1252454,508978,185821,52346,13727,1679,402,-2,89,14,16,3,1 # cft deg4 r=0
1176011,-924798,1203769,-7265522,2681495,6801772,489595,-2879263,-1558011,-1034570,8552,740978,731194,425668,188926,50111,7852,-901,-738,-347,24,9,21,3,1 # cft deg4 r=0
644816,1448568,496884,-1152214,-715827,1039244,483960,-753284,955048,-159322,341614,-725791,199161,36640,75701,-23319,-11610,-1391,1927,847,295,23,30,-1,1 # cft deg4 r=0
187280,142920,-338440,-139420,465401,-31586,167306,-321841,-307773,787354,-23624,-544016,191977,178154,-114034,-28611,34022,2434,-5989,-191,652,19,-39,-1,1 # cft deg4 r=0
222811,-1454026,4092505,-4994455,-21695,4918478,-574916,-4211340,579693,1903485,226867,-714857,-134586,138384,99321,-12184,-18641,-6267,2937,1253,-17,-129,-14,3,1 # cft deg4 r=0
290816,1210368,648704,-835264,2964208,-555176,808300,-2294094,1123423,60698,291664,-369331,-12594,-24340,50181,4711,4790,-3921,317,-463,110,-2,30,-11,1 # cft deg4 r=0
224883056,-224360424,567751332,-707116334,287232759,-51364088,54780050,-61295299,39227275,-23270626,23112163,-15407798,7966646,-3965835,1999002,-848956,307460,-111459,35615,-9964,2409,-488,88,-9,1 # cft deg4 r=0
38899376,-217544800,451321840,-537726986,611195267,-449051818,275864945,-132344824,39253920,-981516,-3351929,3278845,-2005367,264851,118135,-12979,11139,-14227,903,1452,-135,-40,1,-3,1 # cft deg4 r=0
2494981,-13344883,38855595,-79846984,115297872,-87871101,-8645630,71412088,-32464437,-23668837,17536222,5568508,-4471403,-1203137,573466,182215,5472,-14541,-9333,424,1030,14,-50,-1,1 # cft deg4 r=0
110145211,-134404336,748663111,390502762,441109206,29967234,30428988,-15997393,28243002,8065252,3615452,169520,1187313,548113,194557,22637,5239,1961,639,295,64,21,8,4,1 # cft deg4 r=0
49524701,-93720496,140489081,-106517154,91693566,-46158378,45521598,-15796421,19361586,-2074250,8426066,373560,3360029,438639,1013633,153937,204245,28423,25441,2631,1798,117,66,2,1 # cft deg4 r=0
2340701,-3967394,25290153,-26535779,24669984,-31325730,30034350,10568675,-13807834,4667037,5690295,-1859510,-2028677,497601,936641,223869,-100290,-50792,4035,5343,231,-287,-29,7,1 # cft deg4 r=0
8266841,1745975,20235654,25262337,8068261,25107159,-23468556,-19360140,-4233186,5601903,18163905,-12640544,2468025,-2215659,2122760,-761125,150405,-51549,20833,-4940,994,-229,44,-8,1 # cft deg4 r=0
359201,280796,170257,-654620,338597,-125452,-95287,-542343,238891,232828,-29785,-76508,85542,56112,-43190,-16964,14881,3867,-2696,-400,348,29,-24,0,1 # cft deg4 r=0
340871,482188,1076195,381598,448250,3854327,4580597,719123,1256773,1375801,449205,405640,180133,-160046,-75919,38441,14607,-7072,-1985,974,226,-83,-18,4,1 # cft deg4 r=0
148802896,259030904,-55155472,-247184528,55929527,167762221,-10347687,-54562939,-19085,12017048,2205305,-2738010,73262,79386,179599,-86841,16986,-6766,4189,-1278,309,-73,26,-4,1 # cft deg4 r=0
22224191,47662813,83163382,165142318,112752464,-63624918,-91720183,4782193,30751767,-4714799,2413205,-4541183,1383150,-393815,681486,-492094,194802,-53556,10766,-1491,126,-15,19,-8,1 # cft deg4 r=0
1201091,3056313,3581290,4409698,3508290,1121507,991872,15363,-487882,5166,-107325,-28680,161743,20679,-36224,15476,9662,-6057,-1935,1079,286,-93,-23,4,1 # cft deg4 r=0
24151481,31645082,-9245766,-26939119,-2650096,8634952,-58446,-2654988,979192,1289310,-101225,-224211,59985,34357,-28731,-12336,3032,874,-662,-48,136,20,-5,2,1 # cft deg4 r=0
1231,18301,116301,416961,1053490,2657530,7479894,17911393,31062053,38432096,35308342,25652662,15612212,8178836,3730415,1449360,536203,154757,47745,10048,2586,370,78,6,1 # cft deg4 r=0
63942911,-126058705,192490289,-268266977,323264597,-305355769,233746368,-145826444,79019326,-38539391,16561792,-6526842,2362009,-915564,359557,-109582,33540,-9122,4416,-1004,297,-54,28,-6,1 # cft deg4 r=0
6821275,-25381600,98046110,-194643945,206840836,32306759,-65102961,66720921,68820137,-40437026,-12592488,13318691,1002124,-2744591,-196003,286529,40079,-2124,-1853,-981,277,71,-26,-1,1 # cft deg4 r=0
2126981,7418799,-15779596,-66543008,-41627706,99015325,759445882,1517033137,1836554970,1518553633,953166534,478004774,202854846,74392559,24296984,7065523,1887905,456867,103537,20720,3929,617,89,9,1 # cft deg4 r=0
62702981,18167674,-130229208,-33023819,127914252,-9357125,-52292993,26873572,16722503,-5564971,-2450403,313278,176325,-51962,16596,-47556,60091,18881,16847,3874,1573,248,66,6,1 # cft deg4 r=0
874569775,396258325,-726839035,-267310290,253645221,33598548,-68555615,10562731,17786767,-3597172,-3184229,1002532,429385,-232307,-53754,23025,4613,-4603,-179,510,107,-14,8,5,1 # cft deg4 r=0
184571,123377,-269135,157567,776116,-761316,-1359216,1302449,1430335,-1353442,-973106,891382,449381,-371089,-147030,97749,34702,-16169,-5649,1630,580,-96,-34,3,1 # cft deg4 r=0
25219141,65609089,111330527,127015283,115190736,77591502,42665044,21697617,9965414,5294616,2592917,416716,-23202,106500,43914,-6178,-5037,-346,1171,387,-67,-21,-3,0,1 # cft deg4 r=0
109961,-685537,1388651,287971,-3756556,3154391,1760084,-4228993,2242723,-174,-351109,124439,41062,-116897,17521,31533,-90,-3711,-2345,334,485,-27,-37,1,1 # cft deg4 r=0
25621,130268,231110,262923,1080591,3463481,4261109,-163304,-4349015,-1620993,2364404,1178668,-964834,-546446,259895,171991,-39038,-33881,2361,3965,115,-254,-24,7,1 # cft deg4 r=0
33251,1893,373115,188268,-602469,3330486,7259874,-1593504,-7806300,840132,5075999,-1137,-1674149,-279241,225805,84471,6722,-4886,-3189,-835,-120,46,31,7,1 # cft deg4 r=0
1985261,-6308424,12342672,-13651028,7575786,-3981357,2193149,-1301947,1071189,-164846,360247,-12101,104358,40390,29769,10503,7283,3151,1386,543,208,86,27,5,1 # cft deg4 r=0
24803281,-25329564,-32246153,28318472,25833341,-16123052,-12540691,6874788,3765859,-2947571,-1056853,1015614,349768,-199480,-60536,35158,5858,-7149,-1119,883,168,-59,-8,5,1 # cft deg4 r=0
1723721,3401324,4431468,6647305,5862035,1249070,-1573817,-2102768,-1745384,195738,1581824,563664,-601834,-357290,127831,108789,-15910,-19943,1081,2332,-18,-179,-7,8,1 # cft deg4 r=0
271861,-785688,2358147,-896543,-146041,-932782,3934647,-4318403,473807,1811889,-976145,-61912,254195,-106675,-27154,34329,2212,-6779,-39,1091,-14,-120,-1,8,1 # cft deg4 r=0
3385351,-959436,9702418,17084880,5567030,5587530,-3479762,-16454483,-4681279,7643803,4516584,-1496981,-1541214,46085,320876,43499,-40635,-11248,3426,1552,-158,-129,3,8,1 # cft deg4 r=0
56979031,-66692060,72879214,-68164628,58937206,-44257316,28732089,-18516910,10548244,-5964807,2918675,-1399844,620170,-249189,103920,-30870,14855,-1984,2138,115,274,31,24,2,1 # cft deg4 r=0
21017861,100181757,188718757,139928572,-63390891,-211040037,-152983828,-5847668,61681857,42498409,11104740,-1361277,-2718915,-1455490,-333079,65339,64847,16296,751,-749,-389,-90,9,8,1 # cft deg4 r=0
4681,-125280,1341806,-7151198,20839525,-32614476,20233445,13489042,-28427070,8993977,9977163,-6982662,-1375888,2148166,-15375,-434141,50031,61349,-8752,-5211,821,244,-42,-5,1 # cft deg4 r=0
3631,-55002,141424,392997,3170745,-4303860,-4764034,-6545854,24747213,-17649152,4400848,5761734,-772543,46628,846470,10490,-191637,-33469,16025,5291,-319,-320,-23,7,1 # cft deg4 r=0
6380441,8487008,46425344,12519157,91544985,-33183390,89815826,-43934874,38950003,-25745967,16417248,-6801726,3887977,-1728552,464720,-239470,88048,-22019,7755,-2379,526,-105,32,-8,1 # cft deg4 r=0
647431,1373158,2054012,1528043,858269,1809242,604792,-3611757,-1789123,536766,998415,909777,-76755,-544335,-126959,149696,52927,-24001,-9374,2184,901,-105,-46,2,1 # cft deg4 r=0
14944816,72121328,121999888,73697522,-788413,1479424,26386977,10639415,-4150809,5388905,8021202,-839185,-3441194,-206108,955583,174846,-167470,-52129,13732,6749,-215,-385,-27,8,1 # cft deg4 r=0
39258896,34801752,66020052,56359754,55683119,42695597,32017161,21850398,14184955,8444604,4958812,2536796,1353921,588024,281072,104616,43995,14367,5381,1618,529,146,42,8,1 # cft deg4 r=0
1728071,-1740461,-3648644,4404992,4664536,-8269656,503633,4121192,-1665343,-509818,993827,-525560,-342342,409123,80697,-140528,-10211,28141,-216,-3355,249,216,-27,-6,1 # cft deg4 r=0
8189921,-11008365,45923357,-31474962,52327067,-30682825,30383497,-14469569,10946580,-4373407,2625448,-982855,555629,-197184,107451,-42171,21876,-7539,3097,-797,282,-75,30,-6,1 # cft deg4 r=0
19631401,65378946,56934018,39559545,62048660,15987230,36484183,3507158,13556551,1823502,2877754,826041,596476,186560,105806,51091,11520,9083,2006,873,297,49,28,2,1 # cft deg4 r=0
7144231,12122504,-804214,-14249834,157071,13605267,-2176272,-11774491,1983401,6436985,-848189,-1909740,282999,229479,-86502,22832,22220,-11287,-4044,1471,493,-88,-34,2,1 # cft deg4 r=0
2186416,-7074968,22101548,-30183650,46817575,-31812069,36535937,-6290286,7889850,4187089,-1176312,1179168,827486,333215,528622,179690,-69784,-37220,4707,4051,-53,-267,-22,7,1 # cft deg4 r=0
119591,-1411890,7581544,-11668300,646593,10483130,28513388,-55971245,18549600,30832810,-24870604,-5065045,11064453,-719020,-2899146,348915,479370,-41915,-47038,2120,2638,-40,-79,0,1 # cft deg4 r=0
9159391,25150463,763890633,872239287,1461312507,1104422324,818789772,346153530,78451476,-29048660,-35687183,-14500435,-2150819,1270267,822733,187246,-14090,-22624,-5608,-326,165,45,3,3,1 # cft deg4 r=0
6703631,34273062,31158281,-191248344,160203155,-117351356,-20402839,-72451631,156357130,104323985,30442272,-16319213,-11487681,131979,847718,170785,-9040,-8627,944,-423,-90,22,-11,1,1 # cft deg4 r=0
821158736,-2920707832,5986816036,-8438448734,9121386257,-7648233839,5118885954,-2739627872,1184790608,-405386833,109090373,-24081698,6214711,-2519589,1253792,-488130,178767,-43826,9310,-995,176,69,15,-1,1 # cft deg4 r=0
214517861,-158104352,-198484202,-298911927,560092767,353969041,-313907984,-251981072,117267202,39632787,-34146911,11462563,8937718,-1904849,181289,427303,-86817,-13419,9943,-1687,-176,212,-15,-5,1 # cft deg4 r=0
444466931,-95085938,161349653,-443720040,167562735,-134607934,159455052,-53602006,17167465,-8532946,-2756357,3436708,-1870219,899940,-238988,23010,27571,-25310,11727,-4524,1342,-312,63,-8,1 # cft deg4 r=0
701,-20260,243250,-1573773,6086472,-14756651,22713915,-21266122,9289640,3453623,-7273676,3638710,645918,-1718228,763790,734898,-109806,-132179,-1728,10786,990,-410,-56,6,1 # cft deg4 r=0
976321,-6685727,20780462,-36716876,58757721,-83185217,92515983,-8100595,-35399247,27153941,4334725,-12917711,994543,2844017,-543035,-405724,129784,42939,-15673,-3669,1108,202,-47,-5,1 # cft deg4 r=0
319079281,-363417963,-235639384,535104503,-13339217,-285090699,102391140,96933310,-39453543,-19392031,7972290,8085358,5215506,1915786,397630,150274,33602,1873,3961,922,-9,64,8,-2,1 # cft deg4 r=0
349128631,373454333,1266941008,704517842,880914804,427093916,232547385,63849947,29709860,11651427,2859482,-2421861,-1413254,-346350,248048,74253,14000,-14657,-1350,-153,384,-29,-3,-3,1 # cft deg4 r=0
1794291271,-158876274,-979464262,-845999245,903173525,596242720,-124826822,-362688897,-26506059,95314522,36132014,-17510199,-8987929,1031050,1476571,-18654,-90820,-5967,3756,-1207,317,69,-27,2,1 # cft deg4 r=0
625958821,691858110,831456047,732467383,557450922,451562805,308386367,191746991,117130910,61575128,27166193,12237735,4173949,1186271,364621,24104,-3129,-6994,-3288,-727,82,110,60,9,1 # cft deg4 r=0
6094411,-29688689,62690078,49891361,-47323318,7935079,47666097,-31521295,3914606,6115314,-12936533,5699417,1431673,-1665606,729003,-132363,-130139,65445,5863,-7338,327,362,-38,-7,1 # cft deg4 r=0
88046141,384957438,361961071,105124437,3008262620,97206683,-1708225759,9771399,519930006,78293504,-43977513,-12225967,-2430729,1203699,2087107,763310,105035,18102,6340,691,22,4,4,5,1 # cft deg4 r=0
9410071,-90784325,325269076,-578989782,614756785,-352118679,97531380,26416243,-53253165,9959768,7263453,-3070513,1068297,709504,-89255,-86934,-14804,4796,1603,-709,106,86,-17,-5,1 # cft deg4 r=0
240251,-1370343,4322657,-8891914,11996437,-11031250,8360200,-6111161,1465163,4692787,-5285624,176124,2570030,-790182,-694782,282968,143180,-39153,-17475,2807,1264,-94,-51,1,1 # cft deg4 r=0
11416921,9325882,2514380,61443249,80066916,-11511403,-56488714,-14934772,13722865,5204665,-2256973,-825863,476044,125583,-68783,-9124,13322,687,-1662,-5,207,1,-13,0,1 # cft deg4 r=0
16753981,85958542,238768018,448835207,631928622,697682337,621567116,451808404,268113895,127910529,47289501,12251005,1534620,-199489,-19551,101990,65576,18689,1580,-687,-209,7,21,6,1 # cft deg4 r=0
1021,-30683,296158,-968155,840329,444699,2374325,-9188203,10195636,-4299100,575531,-701783,938053,-383433,-15651,9888,21570,-1727,-993,-927,271,59,-10,-5,1 # cft deg4 r=0
77223691,295779629,684290485,969336505,877638151,488245061,172376856,46993428,15817615,10652032,10044986,5448517,1384402,352202,202641,49775,6718,6881,1531,-436,-67,-10,-14,1,1 # cft deg4 r=0
169051,103312,1221690,2122226,6629062,8837309,5166685,4510848,522518,-3034787,633947,1317363,-759548,-171572,347906,-56095,-67928,24969,5552,-3686,5,244,-25,-6,1 # cft deg4 r=0
470681,114104,175677,1695651,2439502,4040579,2440789,-1409058,174695,183618,-2102956,157565,1584985,-138203,-567499,61100,119791,-13742,-15375,1709,1186,-111,-51,3,1 # cft deg4 r=0
69091,478286,1708422,2662916,950833,-3716400,-5743618,989094,7518982,1488897,-5353907,-1574173,2399217,743597,-699940,-201678,135239,32099,-16882,-2956,1293,146,-55,-3,1 # cft deg4 r=0
1,2,8,23,86,26,429,201,634,506,1327,-291,-130,654,244,-999,-94,465,-44,-123,38,17,-9,-1,1 # cft deg4 r=0
31,-198,613,-1542,3151,-4609,5999,-6664,5119,-3254,2187,-586,-220,-586,724,31,-169,20,-29,-18,33,7,-9,-1,1 # cft deg4 r=0
421,2312,5553,3758,-149,816,-831,-10899,6844,-6264,1792,2294,-115,859,-16,66,-239,-80,96,-13,-2,12,-4,-1,1 # cft deg4 r=0
1,12,153,1023,4406,4291,9359,-1019,3974,-6359,-3583,2274,-1165,-1641,949,526,-399,130,196,-83,-12,22,-4,-1,1 # cft deg4 r=0
2039240851,-3109867882,2482515019,-722983557,-231668624,506301759,-246064098,67470457,-6873279,8968030,-11568751,2888545,1722844,-2061192,964987,-252974,69005,-18879,9309,-2207,563,-56,24,-4,1 # cft deg4 r=0
11029241,-26039694,47227563,-30360576,10464889,37438249,-29623497,-8762701,38379002,-32980138,12746340,1108391,-3018285,1167430,8869,-154002,31782,15058,-4591,-2068,566,155,-39,-4,1 # cft deg4 r=0
28143751,-1849434,-73680546,-10771554,96666788,73508653,3921900,-5625015,6841357,3427162,-1532535,-534444,358221,-13917,-112070,448,16362,-371,-1401,324,191,7,7,6,1 # cft deg4 r=0
2898881,3315149,2770537,4434220,4468324,3870123,4232015,2762286,2378661,1801835,1038869,822456,354698,229669,109526,41339,28845,4731,5523,309,646,8,40,0,1 # cft deg4 r=0
28359041,18482830,-33134221,-25917649,21458880,16467403,-10068190,-6917549,3374020,2015904,-752138,-446181,103657,85762,-9230,-11788,1806,598,-338,107,61,-17,-8,0,1 # cft deg4 r=0
41752381,-30375532,-52396045,40699359,27982082,-25897684,-5804080,9779892,-902832,-2445048,1022207,471137,-369198,-84448,85811,18130,-14148,-3764,1822,651,-160,-89,0,6,1 # cft deg4 r=0
3167131,-2110063,-8310910,4363260,13085965,-3223278,-10638911,1010096,5433742,-326290,-1875063,148279,487716,-55068,-90224,14717,13410,-2849,-1723,275,151,-27,-9,3,1 # cft deg4 r=0
271789991,101652658,-327635560,-172231581,149816232,103689311,-37572325,-31245688,9788778,7637417,-2241803,-1794383,96867,135172,-22389,9730,15897,3386,757,741,235,21,10,6,1 # cft deg4 r=0
58493081,14908238,-82777705,-42593245,47520901,33535457,-11107601,-10163236,3133665,2412869,-823151,-549339,132772,82899,-26566,-13285,4608,2057,-356,-38,108,15,-1,3,1 # cft deg4 r=0
97061,754509,2413052,4632784,7404998,10973555,13205592,13669086,13397137,10895918,7946323,5363368,3058222,1620258,772205,314603,129579,39841,14728,3161,1113,144,50,3,1 # cft deg4 r=0
10351,20344,28360,15228,49878,32190,55409,-5258,59297,-17700,16442,9570,391,262,4366,-1272,891,-8,151,-66,57,-8,7,-2,1 # cft deg4 r=0
38371,54649,50960,85661,50461,51233,69976,3352,56985,6921,23236,10286,5926,3372,980,1092,792,317,279,100,65,18,14,4,1 # cft deg4 r=0
34831,-65077,72958,-84841,51451,-11301,5016,1566,4809,-13113,10048,-7032,4918,-2400,716,-1284,448,-337,389,-34,123,-2,18,0,1 # cft deg4 r=0
2981,-16271,43520,-74587,262813,-332155,533954,-381688,414327,-226225,291812,-199450,205996,-111778,73016,-31312,20506,-12293,8181,-3986,1577,-438,92,-12,1 # cft deg4 r=0
961,-2792,10022,926,17715,18132,18285,18863,7790,1014,7974,16,-2818,-1248,-1406,-3,233,-414,-4,217,69,-27,-16,1,1 # cft deg4 r=0
1531,-5542,16204,-10893,15835,8620,-8934,23761,-8807,4463,9388,-10181,5442,-1737,-1965,2250,-292,-554,280,-29,-44,30,-3,-3,1 # cft deg4 r=0
61,67,167,-39,67,-485,-1395,-1256,2328,4722,-119,-3861,-1935,-77,978,1423,260,-683,-305,162,104,-19,-16,1,1 # cft deg4 r=0
81,-108,432,-309,487,-110,-425,-351,213,287,1366,3714,3715,2448,-1082,-2027,1015,587,-475,-53,124,-4,-16,1,1 # cft deg4 r=0
101,-611,1870,-2500,-170,3474,-2214,303,822,-2495,1213,1297,-709,204,109,-299,0,27,18,-15,26,6,4,-1,1 # cft deg4 r=0
41,128,269,32,100,1025,1191,2511,3313,708,1593,1654,737,1478,635,-195,-102,266,180,-104,-19,35,-3,-3,1 # cft deg4 r=0
631,3652,11792,18551,24722,18825,-4710,-17511,-11392,-2818,5331,9159,6370,2343,-152,-342,460,222,-130,22,69,-4,-11,1,1 # cft deg4 r=0
401,489,3810,495,5770,-15416,3536,-12587,20472,-7770,11438,-10278,4491,-4581,1969,-1019,640,82,228,50,41,11,9,-1,1 # cft deg4 r=0
1,-12,69,-258,770,-1720,2731,-2169,418,2383,-3892,3874,-1893,-497,2955,-2580,-167,1021,-120,-224,36,35,-8,-3,1 # cft deg4 r=0
101,-888,2812,-2819,1492,-5290,2740,5644,-1217,527,-909,-4586,425,363,1208,898,-115,-153,-255,12,109,-4,-16,1,1 # cft deg4 r=0
24781,5194,6700,1110,-2945,-806,14696,13163,13952,11055,5253,997,701,-231,-171,276,290,127,158,75,26,11,9,-1,1 # cft deg4 r=0
61,228,144,-488,-855,-20,1791,7451,11598,6213,7238,1694,1947,-752,525,-500,178,-169,120,-49,41,-15,12,-3,1 # cft deg4 r=0
6191,-1863,19082,-21729,17987,-1885,29270,-17906,6463,-3328,8571,-5221,60,-812,948,-582,65,-63,35,-8,19,-4,-1,1,1 # cft deg4 r=0
151,1942,11072,32256,52202,57535,66810,80224,69303,38367,10671,729,1030,-262,-647,-1107,-275,-183,10,-38,9,-4,4,1,1 # cft deg4 r=0
81,-486,1980,-5595,13135,-23521,36631,-44792,51037,-46995,47258,-36838,32286,-18731,14844,-6179,4990,-1323,1308,-190,236,-19,24,-1,1 # cft deg4 r=0
10995391,9002642,39033456,907283,6379823,-5828779,20064415,-14125650,10385132,-6127251,3881850,-1841422,874941,-410124,177060,-71831,25272,-8932,2811,-1063,251,-61,18,-2,1 # cft deg4 r=0
4783031,10339353,-3388050,-22380710,-8465165,20155146,16280686,-8479890,-11160357,1356570,3537068,583889,-329646,-466417,-36261,124323,31039,-20849,-6492,2479,718,-158,-41,4,1 # cft deg4 r=0
6191,20361,-24796,-346172,620404,-679763,-222974,3538596,-1801827,-591088,2682609,-3408683,2844487,-1785909,1017459,-402156,190080,-49197,21225,-3433,1450,-129,57,-2,1 # cft deg4 r=0
21489761,3734399,20916930,16345951,15238801,7953983,14919701,1572027,6082955,2461936,993471,1194211,318871,212667,148845,17852,32592,2677,4194,510,390,48,24,4,1 # cft deg4 r=0
534041,-3075346,4279659,422488,12183350,6069910,17785644,3675117,16099932,-796658,9725870,-1720363,3935116,-796299,1039036,-178744,175575,-21298,19126,-1392,1341,-49,55,-1,1 # cft deg4 r=0
2044031,8532750,16319537,2467736,2581168,8071338,-4472659,935236,3420703,-907172,-219051,437420,91143,-614671,606832,-437806,227899,-97732,34789,-10042,2561,-488,87,-9,1 # cft deg4 r=0
216230881,-173301822,294897361,-172751660,203674417,-132114112,96779738,-57525638,33680613,-17615452,9118613,-4267842,1973687,-814117,323923,-117472,42538,-13738,4878,-1607,517,-135,36,-7,1 # cft deg4 r=0
580110305,1395583560,682075145,-619571740,444092935,-145408530,33823050,-52493080,22783271,-7978328,1840757,-374774,523761,-126183,72505,-45582,18184,-8406,2050,-881,271,-57,18,-1,1 # cft deg4 r=0
13281481,-48231462,265590191,-80078080,82123532,-77744542,-25947362,48388687,4460928,-17159137,610488,2500173,-444778,87788,142243,-80992,-22947,9047,1398,-77,102,-55,-19,3,1 # cft deg4 r=0
26662921,10404798,335659783,214647462,1039378504,666826996,795876320,315551752,329467485,75416177,66261582,18571574,10562086,3322645,1119563,409278,158100,47838,18110,5427,1449,361,62,7,1 # cft deg4 r=0
24461,-271823,1178833,-1618948,-871813,4674987,-2555489,-4386901,4719240,1800464,-3596649,-193080,1619855,-113904,-478161,51755,95151,-9656,-12545,948,1041,-48,-49,1,1 # cft deg4 r=0
517571,-1342228,3708759,-4744979,8052679,-6443303,9511199,-4385183,7777077,-1322265,4728045,171869,2079595,283137,629444,100699,126422,18244,16283,1827,1276,95,55,2,1 # cft deg4 r=0
292421,544476,2948780,13506657,34938992,9634232,-13658090,9521111,20040318,4434349,-1623097,1190636,748007,-179821,33414,54800,-14908,-568,2953,-462,-20,92,-10,-2,1 # cft deg4 r=0
27585581,-7030404,-62429700,-142385,63780116,11761939,-34577979,-10358618,12705575,4674693,-3500479,-1472307,792522,340163,-147759,-60480,23378,8014,-3044,-784,323,50,-24,-1,1 # cft deg4 r=0
196841,155192,-422215,-785321,80122,2499382,403553,-3668844,38228,2888308,-102319,-1646637,155085,657660,-110165,-166920,37155,26156,-6798,-2485,714,132,-41,-3,1 # cft deg4 r=0
18556921,25668418,35882910,35343508,38318985,27381127,30591222,17433413,17654908,8503741,7118450,2950910,2049098,736974,431376,133736,67277,17818,7815,1714,656,112,37,4,1 # cft deg4 r=0
12966431,257741,11050742,-11093865,2207872,-12473517,1284363,-5814813,3039536,-1072672,2496290,143927,1092717,126117,302435,32106,56691,4497,7344,360,648,14,36,0,1 # cft deg4 r=0
32005936,5907840,13421652,32661624,-353337,11658187,15320966,-2850791,6441368,2424582,-292341,1341155,278683,-106609,283687,-89129,57719,-11953,6379,-1048,516,-47,22,-1,1 # cft deg4 r=0
254221,-1183685,2385042,-2860046,2275048,-199773,-2398179,2118464,26648,469262,-1272066,97590,204158,-50354,361497,-42889,110524,-10618,16434,-1163,1336,-57,57,-1,1 # cft deg4 r=0
217591,1280792,4594256,9965046,7249330,-9236680,-16339089,-5118566,7729182,6574186,-62130,-2447586,-818329,404598,369874,30452,-50970,-13014,5349,2576,-74,-152,0,8,1 # cft deg4 r=0
5538041,-2718518,19550880,-6723579,45013193,3145435,47093536,12788689,26577682,11741640,10167608,6079505,3299221,2023831,908844,440866,177926,61796,21679,5438,1557,271,63,6,1 # cft deg4 r=0
87029981,120574703,224876911,256016586,259850314,236028746,166242244,116871417,62546173,31296931,13706276,4179954,2048457,189093,305026,-32082,46235,-9781,5865,-1341,535,-117,28,-4,1 # cft deg4 r=0
810751,-556562,9722247,-9544199,17283340,-20146343,20002945,-21772352,17575795,-15235466,12316559,-8027034,5596552,-2691298,1539989,-551603,265428,-69949,28951,-5368,1919,-227,69,-4,1 # cft deg4 r=0
1541215601,2552548832,842433557,340141649,1629841102,1110786993,319882907,308659032,310461790,169561309,69389200,33931940,17883082,7806558,3060541,1234103,484771,168237,51621,13924,3274,626,99,12,1 # cft deg4 r=0
173741,404102,893009,-1201153,-1593028,887181,833044,2619494,-775790,-3500142,1303321,93037,233935,458421,-358501,-151154,115755,22252,-17689,-1708,1427,66,-59,-1,1 # cft deg4 r=0
20180611,61400640,123524580,195456357,268904062,311257969,304673970,255354148,190801745,128367973,77218369,40395675,18508698,7661027,3019335,1112168,359704,97291,23142,5401,1235,225,29,6,1 # cft deg4 r=0
333751,2959937,16481269,76619047,141130712,-48024759,-98925536,19702474,41095825,-5895687,-11943064,1544797,2805220,-287644,-501681,41966,71135,-4058,-7489,227,582,-4,-29,-1,1 # cft deg4 r=0
165931,-580338,903509,-835561,339176,154457,681427,-403681,-791068,455646,56283,-261065,187213,157879,-82557,-69146,14339,17378,-1334,-2485,144,198,-18,-7,1 # cft deg4 r=0
3856,4680,22444,86738,50217,-152319,-115422,161726,201746,-39861,-141988,-5817,85664,27906,-33943,-18272,14030,15533,4116,-889,-748,-124,18,9,1 # cft deg4 r=0
35141,-26871,-33855,122483,-74533,-67342,108100,-19796,21678,-34154,10383,29019,-13893,2971,-1941,1350,542,-882,288,-188,125,-17,15,-3,1 # cft deg4 r=0
295601,608412,1813033,368385,3498092,527761,-896157,429545,-168904,-161972,422323,541673,403851,226641,123617,66704,19657,-1598,-3074,-997,-112,36,18,5,1 # cft deg4 r=0
4631,18923,24169,-5757,1546,60749,51147,-33863,-20934,62755,32729,-38135,-12621,21948,5677,-4709,625,691,-626,53,168,-16,-16,1,1 # cft deg4 r=0
23741,119145,343934,767748,1222232,1249081,859723,495326,145756,-181076,-180968,-44582,-15376,-11324,11237,14623,5850,1228,-184,-579,-318,-39,23,9,1 # cft deg4 r=0
37631,-257048,835242,-1680257,2398819,-3084610,4536750,-6246130,5459086,-1522936,-1160105,356500,474088,68127,-241911,-20988,62620,2506,-9620,-86,901,-14,-46,1,1 # cft deg4 r=0
30151,-10590,-72496,-46657,100642,108886,-7952,-79179,-109744,-50006,79842,121973,36909,-54074,-60383,-15712,13730,13773,4586,-134,-563,-129,13,9,1 # cft deg4 r=0
403201,-1812353,3218607,-3201077,2877179,-4028820,4599100,-1873360,211086,-1786476,2295825,-505035,-502337,364547,-95551,-58668,53890,1796,-9780,574,881,-59,-41,1,1 # cft deg4 r=0
2621,14433,53224,64438,22551,-111636,-114083,6172,127001,58670,-32736,-59705,-9426,14793,14872,-1864,-4105,116,519,-62,-17,4,-6,1,1 # cft deg4 r=0
14081,14304,94680,140523,133172,-1662,33105,9099,66563,-2549,-437,-13866,8242,-1294,1879,-2390,837,13,83,-83,40,-12,10,-3,1 # cft deg4 r=0
19809031,-11136136,33199563,-13934247,-17039119,-27008566,-15516938,-18606050,10409923,14827948,22944365,14203068,10927773,4866961,2731930,951687,434114,117162,44018,8622,2633,331,82,5,1 # cft deg4 r=0
854128151,1437270956,-162567986,-1197250613,-267608295,312537502,123182549,-27760312,-10916315,10106535,2455153,-1556671,-435806,-59653,-26973,-43900,7160,-666,596,-191,305,36,16,2,1 # cft deg4 r=0
411833081,900975202,-24735478,-1096931707,-408532688,396233338,260814783,-14270465,-67369079,-8216717,9547448,174251,-736532,-813862,365412,-34869,40236,-12810,7137,-434,512,-11,33,-1,1 # cft deg4 r=0
32382361,257041946,914659152,1952685264,2829703262,2997210717,2436620279,1551849334,775353812,300508029,85108016,15349034,930123,-156203,279936,166894,91673,9527,4532,-1426,229,-81,30,0,1 # cft deg4 r=0
781995775,-1628302225,705188525,57706900,135021510,59850480,15846335,29866125,41947566,13533260,8086065,3301675,1232851,804965,275460,70780,34731,7335,4425,895,276,40,20,5,1 # cft deg4 r=0
25188125,-224225625,1323844500,-3727974975,5754300230,294663050,-2820835080,292152310,446735116,20589261,-74846071,-3257419,16293160,-6007039,-766398,576558,286693,-86967,-38798,9247,2204,-418,-67,7,1 # cft deg4 r=0
412931761,1702920214,3224034794,4208308342,4760003694,3856988845,2761890167,1627785842,816448250,346872613,127182849,36631919,8641616,1411409,137919,24478,40935,17852,6157,1305,199,-3,9,4,1 # cft deg4 r=0
430245871,-2028221459,3583270144,-3095603237,1885236216,-725309538,266324978,-100268543,60589234,-17398585,4588070,-368102,1147604,-574839,308850,-61824,35139,-11929,5732,-865,221,-15,21,-4,1 # cft deg4 r=0
2628769405,7134977230,7830438490,-3650542830,2764813176,-1482475954,555331151,-499025539,221590007,-75384339,42683131,-14013004,7523667,-2722234,635621,-369584,93907,-32914,7811,-1654,757,-54,26,1,1 # cft deg4 r=0
7279141,-5696129,2643972,16895805,5876497,30207383,34214358,24616472,31035986,19636303,14537450,9696307,5366167,2965927,1408655,626196,236801,78877,23459,5315,1128,239,61,10,1 # cft deg4 r=0
73753811,172335092,201894300,119727537,32775785,-50297337,-14063673,-26556658,17274273,1704459,1087435,663235,-1951092,383216,65061,-23731,33862,-10393,455,-409,116,-52,7,1,1 # cft deg4 r=0
12916711,-46932713,65100813,-49260475,27107732,-742389,-16457837,5852140,796006,3486503,359638,-1818642,-561124,-361999,210722,374794,28587,-65563,-9474,5663,988,-249,-47,5,1 # cft deg4 r=0
18524201,60341197,92689023,70165180,-13719278,-81239639,-67328092,-5652725,33606681,23454468,-1101502,-6309397,-1581854,-18654,113617,251714,58062,-45943,-12189,3908,998,-189,-42,5,1 # cft deg4 r=0
1,9,813,-2848,6445,-9574,12375,-14639,16265,-15688,13871,-10228,6892,-3674,2416,-1526,1093,-452,179,-91,59,-21,6,-3,1 # cft deg4 r=0
131,-176,1323,-1388,4775,-4724,9380,-9904,10865,-10078,10351,-5858,2027,81,51,174,-257,203,19,-31,-6,14,1,-3,1 # cft deg4 r=0
241,-1506,4158,-3168,-2005,3981,-545,-2299,2800,2737,-5319,-1148,2442,606,-314,-201,18,-137,99,-16,9,-1,1,-3,1 # cft deg4 r=0
31,249,988,2677,5440,8171,8270,4881,640,-1433,381,677,1227,-1269,-104,-91,-87,98,-46,29,-16,4,6,-3,1 # cft deg4 r=0
131,-77,-679,716,9149,7716,-9806,-5418,18528,-1574,-12509,4219,5107,-2277,-1889,743,690,-376,-85,79,40,-22,-7,1,1 # cft deg4 r=0
1,8,456,3916,16804,41946,66259,58612,16248,-11584,-4584,3359,7,-777,1086,588,-140,-271,-70,49,15,-7,-2,1,1 # cft deg4 r=0
31,-232,576,311,-2841,361,16904,6217,7088,-7284,3601,-1441,1777,243,1816,38,150,-46,135,-6,-15,-22,-2,1,1 # cft deg4 r=0
241,-257,21,-1389,3834,-589,-2536,-2373,1733,8396,7161,-5311,-3748,-467,1581,493,-560,119,135,-66,5,3,-7,1,1 # cft deg4 r=0
71,298,736,1511,3084,4666,4519,2582,1888,2016,1346,499,1222,873,61,-2,170,9,15,49,10,-17,-7,1,1 # cft deg4 r=0
241,-137,-144,-5174,10264,-13254,20859,-1433,11518,1486,-59,1954,52,523,-584,518,250,-126,40,9,20,3,-7,1,1 # cft deg4 r=0
1,13,75,199,218,-40,176,1311,812,-1235,108,1690,-769,-186,1014,-1086,1121,-556,389,-118,87,-16,13,-1,1 # cft deg4 r=0
131,388,-1835,-2086,10978,-7090,-3744,-964,7357,-4095,2253,-1385,1071,-671,1859,584,1156,264,499,22,127,-6,18,-1,1 # cft deg4 r=0
1,-2,165,-771,3533,-7460,16311,-18464,30042,-25900,40068,-28975,31756,-17966,14629,-6921,4831,-1721,1094,-303,167,-31,18,-1,1 # cft deg4 r=0
71,-157,-150,164,4463,-12935,24971,-32529,35887,-31580,26408,-17135,11316,-4256,3134,-151,861,314,344,47,112,-6,18,-1,1 # cft deg4 r=0
905,13930,213765,359815,511461,396685,349092,357977,-7378,533745,1267794,355139,-790417,-548065,117379,200006,21365,-32054,-8391,2341,947,-67,-45,1,1 # cft deg4 r=0
12941,126087,241941,-522491,101840,-582687,1206015,322425,-592851,-919231,292712,636787,59441,-254713,-99502,56519,33183,-5921,-5254,320,529,-1,-28,-1,1 # cft deg4 r=0
497431,-2698124,6595712,-7668091,9208447,-9819634,6953284,-3672552,1900395,-959268,1426614,-162190,257635,-73802,85286,-20130,23631,-8843,4415,-999,391,-54,19,-3,1 # cft deg4 r=0
55845911,-147419697,120059770,-55359263,82533129,-94091265,67457703,-48022689,32687232,-19066826,14556057,-9358038,5031861,-2568573,1064502,-433821,169056,-58516,19826,-5442,1376,-278,52,-7,1 # cft deg4 r=0
1132351,-5215484,5366629,93288578,221681432,218332417,174897886,118943184,79994753,46949589,24431037,12146926,5950111,2730652,1175243,479250,182277,63418,19260,4865,1031,193,35,7,1 # cft deg4 r=0
5383811,-22859414,24226102,6782209,-3156673,-14298614,2763809,4720433,2877765,-478338,-723011,-429105,198490,324693,221466,90170,22671,-568,-2610,-1104,-174,36,29,7,1 # cft deg4 r=0
2316401,6719186,3963252,-4897271,-854373,11058281,6338114,-5422312,-2055245,4223592,1100564,-1693420,-129645,577593,-28189,-137255,22211,19547,-5130,-1809,606,101,-36,-3,1 # cft deg4 r=0
40025,131750,316550,-1626050,2589135,1544455,-49615,-840725,660251,1787221,2296814,2126726,1711870,1189916,699277,343258,145643,54923,18002,4812,1004,172,33,7,1 # cft deg4 r=0
232681,1314632,2858497,2655486,1321277,1449575,827720,-782076,1211513,728107,-1529794,-439046,818560,108708,-291972,-8627,69235,-1108,-10300,322,924,-29,-46,1,1 # cft deg4 r=0
114505901,24017747,-94035906,-69487086,25740415,43448329,4527360,-10822104,-4063645,977431,527176,-31117,144949,29238,-58864,-7879,10520,761,-1370,-1,130,-16,-11,2,1 # cft deg4 r=0
20391001,51857237,76218758,81366835,36967974,-4521306,2353575,9168807,1757246,575730,949896,-694758,-473897,239042,112599,-38522,-7075,5583,-1003,-492,296,29,-25,0,1 # cft deg4 r=0
1066951,404598,-230401,-2037963,38340,4207460,-33489,-4704384,253103,3402883,-463992,-1671241,330367,555863,-124120,-126390,29268,19706,-4670,-2009,506,120,-33,-3,1 # cft deg4 r=0
880801,-1018973,-1156126,264849,3124435,-1362361,-1948185,-190564,1809655,711901,-592519,-455402,-79446,78498,89311,14801,-25215,-8154,4745,2274,-210,-226,-16,7,1 # cft deg4 r=0
14929151,-15880371,-18747705,17396595,19047585,-10842856,-14034534,4189573,7463652,-873160,-2930532,-23138,872216,79839,-197356,-27989,33780,5487,-4287,-650,396,41,-26,-1,1 # cft deg4 r=0
8656,8280,35644,-33794,-16865,2688,7420,38351,-56225,-10546,78907,-41436,-46628,46807,12580,-22978,-504,6423,-543,-1098,151,108,-18,-5,1 # cft deg4 r=0
14641,-53240,63404,-32769,96595,-275282,373250,-361614,430450,-525606,374197,16544,-258288,161837,34055,-72548,9816,15588,-4138,-2008,611,158,-38,-5,1 # cft deg4 r=0
3376,2640,-7256,-2714,21775,12993,-4310,-27724,15430,15509,21157,-58476,44977,-52013,61900,-27688,-12819,15258,-798,-2523,376,183,-33,-5,1 # cft deg4 r=0
8101,-5945,-4606,18996,10915,-21212,52550,2121,-82100,20109,56242,-44836,-27018,44807,9485,-23378,-1629,7233,17,-1483,146,143,-23,-5,1 # cft deg4 r=0
-691534889,-1915967865,23603052114,17970061152,-27377118438,-21048336476,8693656598,8836916824,-188190244,-1306922934,-166059443,30280007,-11355506,-3845851,2629212,1450312,107805,-62913,6231,6189,-878,-531,-17,11,1 # cft deg4 r=12
-22174109,-330462568,565861095,1462393915,-263736594,-729183517,191100914,-75234894,-38657900,102067221,-68355406,-15809816,32092262,-1839834,-6466876,842130,801108,-106587,-65051,6198,3213,-170,-86,2,1 # cft deg4 r=12
33001,232189,1161648,2696953,4035697,5213330,5868660,4358642,1486918,-612591,-1571606,-1277068,65755,748581,173442,-235901,-52830,48774,5020,-6029,154,342,-34,-7,1 # cft deg4 r=0
-51174689,-2421567321,4122371298,5292021798,-12101219013,1896683335,7602348245,-4717632953,-224276677,744886779,-152266196,43684082,-6150515,-8962594,1778412,-446,94410,45789,-17700,-4929,964,312,-44,-7,1 # cft deg4 r=12
1231,2259,33223,21248,102547,59160,-251195,-302363,196728,393789,-35831,-276913,-26760,122971,24567,-40396,-7810,9559,1175,-1534,-51,152,-9,-7,1 # cft deg4 r=0
-19220879,266058944,-959341637,1374229578,-910650383,-376409970,1248522985,-645704468,-161792387,173026664,250089,-2971393,-6378625,-2283949,818632,421369,83785,-45896,-20605,1966,1619,17,-64,-2,1 # cft deg4 r=12
-4434029,-81669993,-293279810,-390506360,-132960474,180851988,212866329,68796836,-21645110,-20649644,-1307181,3595684,1552032,-339944,-763241,-414425,-86492,25163,24894,7143,158,-310,-31,7,1 # cft deg4 r=12
4261,32935,124969,216642,106447,-400591,-727877,-246756,638756,940536,382597,-296028,-351356,13769,179437,68862,-27225,-20863,2186,4454,847,-166,-57,1,1 # cft deg4 r=0
12871,30070,-33866,-131673,23062,271049,131938,-259416,-257959,139956,312427,101577,-50756,45014,127057,59652,-16680,-20878,-2719,2249,637,-91,-42,1,1 # cft deg4 r=0
27331,95200,95959,-61938,-297593,-402316,29728,1044819,1855691,1684716,668557,-325968,-566756,-202591,103327,98562,4440,-18838,-4414,1784,667,-76,-42,1,1 # cft deg4 r=0
14701,-25655,-41726,90447,150652,6524,-115322,-103101,-1279,123456,101992,-61593,-110651,524,64987,22617,-17835,-12793,521,2504,547,-106,-42,1,1 # cft deg4 r=0
-359,-59188,-134477,4478098,-10337921,-18600291,66884255,-1302167,-119382995,59158443,73072627,-57806209,-13670249,20080140,-442197,-3415438,465570,311887,-63785,-15062,3894,334,-108,-2,1 # cft deg4 r=24
1072248781,478878555,2478503594,2383112045,2751252407,1515713755,1483675093,418685245,429213563,56843850,63597588,230455,3740898,-1451655,-89457,-219960,-2592,2685,7373,3160,1147,290,64,10,1 # cft deg4 r=0
9211,13338,25887,-31344,-7727,44960,7424,-51285,-38181,68628,18539,-75386,20262,49629,-25055,-19002,12230,4256,-3322,-544,555,4,-38,1,1 # cft deg4 r=0
19471,-28557,3612,-24489,111928,-106870,88844,-204135,274329,-159252,56864,-53891,867,72264,-47405,-15597,23045,311,-5137,236,615,-26,-38,1,1 # cft deg4 r=0
5581,1968,-8298,7101,14428,-9775,32354,26820,-71241,-6132,70349,-71621,1482,54714,-13265,-32442,17060,5726,-4897,-289,615,-11,-38,1,1 # cft deg4 r=0
9211,-47847,109737,-123954,69283,-69655,149279,-123870,153654,-365112,536999,-346556,-45888,215829,-81965,-54342,40055,5561,-8542,-64,1005,-26,-53,1,1 # cft deg4 r=0
4951,41025,41922,99998,285432,79650,177092,495396,-278865,-95902,655953,-383985,-968516,25671,476136,90484,-103509,-33264,10352,4893,-333,-335,-15,9,1 # cft deg4 r=12
15931,-34278,-119187,292633,84471,-412974,63019,167976,-229626,41641,280542,-41931,-169340,19689,75114,241,-21609,-2115,4231,867,-477,-173,6,9,1 # cft deg4 r=12
3511,39642,144048,150263,-166524,-345024,-126466,-302094,-576801,-210559,82182,-51006,-49880,93174,70524,-20444,-28044,-990,5306,1092,-462,-173,6,9,1 # cft deg4 r=12
-5939,39180,278892,165428,-527583,34245,242252,-2489544,-2991375,2019053,4233948,-22230,-2318831,-446199,668466,201274,-109179,-43389,9542,5208,-288,-335,-15,9,1 # cft deg4 r=12
-449,-6243,-17397,42298,144276,22806,-51911,-66789,-120006,-43634,21162,-8856,13765,71259,36639,-25364,-24174,45,5041,957,-477,-173,6,9,1 # cft deg4 r=12
-89,-735,3807,36773,28977,-205200,-545833,-302679,748035,1354808,464523,-794250,-726686,150501,410166,68209,-95904,-31194,9992,4803,-333,-335,-15,9,1 # cft deg4 r=12
-89,7680,23382,26153,-5403,-153585,-349453,-340254,-139815,191468,209463,-446535,-617606,93981,385821,69559,-94284,-31014,9992,4803,-333,-335,-15,9,1 # cft deg4 r=12
-449,4902,-11922,-13627,17481,82746,76664,-65349,-228906,-235939,-48633,146499,180835,76614,-24786,-44519,-16929,3645,4811,687,-507,-173,6,9,1 # cft deg4 r=12
58321,3201676,22072123,21519678,-105364666,-178557534,129636569,359953361,7516940,-293994163,-90532987,109076767,49602246,-21142323,-12012107,2317282,1573350,-149589,-118046,5671,5029,-117,-112,1,1 # cft deg4 r=24
38971,-146563,174252,144158,-418051,-192390,949475,-324260,-734959,356234,608720,-475975,-222182,322857,-16086,-98998,28585,14396,-7025,-986,841,6,-46,1,1 # cft deg4 r=0
6450844591,-15226264378,23924659437,-24766817632,19930604369,-11772423915,5322290885,-1544187380,191808521,90510419,-45200215,5375450,4742653,-2272458,552339,-33028,-6890,6701,325,-656,256,6,-1,1,1 # cft deg4 r=0
16513,7627452,-73980862,26380268,249936251,263141432,158021536,25372876,-5260995,20994076,1676874,-22754600,-18558929,-6073928,-20974,910132,446261,96804,-2992,-8520,-2425,-220,38,12,1 # cft deg4 r=12
49,-560,2908,-8536,14762,-13104,-1688,20640,-25887,10744,10636,-18896,10354,2216,-6652,3488,442,-1568,1084,-584,280,-104,32,-8,1 # cft deg4 r=0
2500,0,-19000,0,75478,0,-187980,0,253513,0,-148376,0,34228,0,-1448,0,658,0,-624,0,134,0,-12,0,1 # cft deg4 r=0
35377,-78576,133708,-180448,191864,-178328,159268,-108872,94592,-53144,39380,-21736,11562,-7488,3316,-2192,957,-400,228,-40,52,0,8,0,1 # cft deg4 r=0
1152881,-9305596,23477478,-8474164,-24515355,10374680,17961840,3018340,-1389683,-6403932,-3646842,3045640,3325737,824880,113650,125916,56213,6684,40,-88,-31,20,14,4,1 # cft deg4 r=0
2753,14500,4366,-50412,-6597,15080,-23600,210708,152749,-162044,-77562,-86240,-26985,27216,30806,26924,17277,8140,3960,1280,495,108,34,4,1 # cft deg4 r=0
