# IGP24 class field sweep: deg6.
-1934454536,-13148697052,-40200638704,-68042810659,-61239969214,-15017926927,23817283912,22495065741,3208248450,-4759593323,-2172839443,186363156,259463399,8247598,-10902769,3678835,1402053,-204809,-67248,6774,154,-692,-51,10,1 # cft deg6 r=8
-34923329,1584743932,7751599756,19413280760,33854189348,43226381148,41507660723,31034614674,18357414117,8554364804,3111274731,869050798,185085532,32191416,5623107,1224818,240278,45756,13710,4100,909,4,-3,-2,1 # cft deg6 r=4
354729125,955685825,-349604780,-2509581937,-384141966,2988837521,1208685546,-1707279382,-1115199893,626002269,962987964,394103601,-7271984,-57644560,-11434534,3776487,1204406,-189152,-66394,9415,2570,-231,-26,10,1 # cft deg6 r=4
-6520997,26151338,143724980,102036516,-259512235,-431530184,-123716730,131915430,62345297,-33713378,-22908240,810658,2797493,405282,-201750,-134152,-17979,18870,9244,2266,699,164,52,12,1 # cft deg6 r=8
83797,101714,-1639576,-6053606,-2531902,22851342,47482064,37681980,7517740,-12352176,-10076674,-1337674,1752744,564020,-574404,-482410,-100387,38912,26982,3452,-1464,-450,2,12,1 # cft deg6 r=12
-103614863233,228660760918,91283258404,-722913863674,1076414043626,-1028355405676,833103287453,-628543311264,420143695015,-233127374506,104569864450,-37592898758,10664036034,-2282704150,319321871,-7359262,-10407032,3312968,-579665,57468,-87,-1068,200,-20,1 # cft deg6 r=8
369492585287,-914753353327,969979585660,-781052868794,562635665189,-215946771944,4894488559,-24456105417,52461954557,-19387476424,-5266151910,4834152140,-408770647,-458092869,123454327,13198133,-9376389,559491,318075,-51571,-3547,1299,-26,-14,1 # cft deg6 r=4
-78603007,-2292031390,-117527840,-57622618,2081578922,1508426510,1023259936,390314000,171465036,74322620,41050550,14687898,4744380,1709844,826852,322878,84681,36772,10958,3440,1060,186,50,12,1 # cft deg6 r=4
-1033,33958,44902,-388004,-508084,1661710,2413324,-6884962,1016868,7063942,-4713596,-1724980,2886784,-595596,-597610,321586,3673,-43822,11222,686,-1090,236,18,-12,1 # cft deg6 r=12
-463,2966,82079,62778,292156,729708,28187,-1150518,-2983026,2551554,2997885,-2373294,-966950,968502,13764,-167216,52393,-1176,-6911,3278,-392,-168,72,-12,1 # cft deg6 r=8
-14656,-15488,-167744,503104,-974320,1039136,498496,-2367968,1843632,560288,-1090704,1151728,-557755,-361458,450899,-159522,-25794,24620,-9685,1246,531,-252,74,-12,1 # cft deg6 r=4
1726177,-124043604,78655609,262250855,-55027961,-261262989,-35509435,149611379,53817016,-48158038,-27134487,6582580,8557268,469021,-1828664,-379563,297595,64655,-34284,-5014,2518,107,-81,0,1 # cft deg6 r=4
765625,0,-6805000,0,11431200,0,7649828,0,-11200478,0,844452,0,1335606,0,-60700,0,-59611,0,-3496,0,418,0,44,0,1 # cft deg6 r=8
6713281,0,-339351248,0,442929332,0,39768252,0,-57119134,0,118212,0,1398146,0,184972,0,-19383,0,-4416,0,18,0,28,0,1 # cft deg6 r=8
1,0,-154,0,2163,0,-12260,0,36061,0,-39214,0,18483,0,-670,0,-1303,0,-24,0,131,0,-22,0,1 # cft deg6 r=8
14246121067,-77471602770,201830085212,-336064609200,402150657489,-367833243352,266064787542,-154699151030,72548767645,-27332260822,8310444016,-2173909094,594630513,-194058110,60162538,-13080388,1397085,59274,-31140,4362,-1809,496,-28,-8,1 # cft deg6 r=4
589248,30373056,58334592,23712056,23760976,143861620,240531555,242940334,234941384,217285914,154108897,71023666,11071143,-9352764,-6073671,-775946,374326,86694,-23664,-6720,799,190,-35,-2,1 # cft deg6 r=4
-51895829,-261850676,-343708418,262690684,962465155,1157562476,861386761,129869622,-479384173,-422145560,-45064892,114271912,58104486,-870952,-8114958,-1767652,192153,37484,-31498,-4468,1471,156,-51,-2,1 # cft deg6 r=4
22592,3456,881344,-4144448,12876832,-28260160,39429776,-34220000,10148900,23057904,-24724164,735176,6734045,-2127100,181674,210922,-189120,50118,-465,-5228,2414,-634,124,-12,1 # cft deg6 r=0
9246026551,-64147339868,178275385915,-276325187988,302585317969,-274371093792,225250510391,-169447253074,113881596036,-66670624384,33327489210,-13989169286,4846023336,-1346202200,281272271,-36271704,-504583,1608136,-437546,64790,-3914,-584,176,-20,1 # cft deg6 r=0
178675096,561235360,1749215756,2635081436,2430756528,1528811500,855648193,543322401,382223572,206323354,69747090,2734547,-9173444,-4842181,-762739,228004,183501,40177,154,-3254,-818,-94,22,6,1 # cft deg6 r=0
2663591,-7972286,13162516,-10123770,5055805,-1465660,2104660,-33924,-719961,-1566030,3382590,-3014382,1724775,-753694,362156,-246640,162495,-84660,35082,-11562,3035,-638,104,-12,1 # cft deg6 r=0
1835096,7259368,23252428,52551720,94835156,140907420,181281539,204627074,205248910,183040288,146793979,105676086,68106632,38876932,19538194,8517692,3186320,1003080,264910,57612,10489,1452,178,12,1 # cft deg6 r=0
8537214976,46107373568,114204235712,174824414392,187504787228,150108970812,92343479671,43962536786,16018407994,4288822750,738957830,32438604,-20182067,-4032390,659175,412502,55939,-3048,-353,914,398,82,-1,-2,1 # cft deg6 r=0
2512901632,18961114368,65008966752,135268258792,190572766328,190009310452,134923941300,65716392580,18830569452,594161107,-1936037668,-724042208,-33141898,51965630,14367580,-581202,-1040019,-191245,5112,7444,1472,240,52,10,1 # cft deg6 r=0
30558784,0,-132436288,0,191003232,0,-123540064,0,49840996,0,-25710788,0,10372229,0,-1423198,0,-72783,0,8590,0,1218,0,52,0,1 # cft deg6 r=8
-6297664,-92509632,-372689408,-281818432,-171544448,-30279680,-80167872,-25438672,48916524,27571668,-19163664,-28031120,-8361709,-8252875,-10007955,-2798456,590524,198525,-56172,-9755,2921,171,-78,2,1 # cft deg6 r=8
10195249,0,-48411708,0,40546650,0,8261432,0,-173199,0,-8469568,0,-1013206,0,-205696,0,167938,0,29492,0,2020,0,68,0,1 # cft deg6 r=8
1407019,10278610,65292901,321238006,1255006785,3206933552,5578071133,6725818490,5867592724,3790301048,1754447480,518334388,40460644,-46774324,-25644377,-5690854,51237,395010,107822,7368,-2618,-678,-34,8,1 # cft deg6 r=4
732736,0,731200,0,-9186512,0,-6131168,0,8884268,0,-4921196,0,2470089,0,-946656,0,221134,0,-29294,0,2097,0,-74,0,1 # cft deg6 r=12
-79621,-463048,1979229,-1269110,6513270,-24058748,32543554,-21365712,1099066,14732310,-13683840,2889584,2576972,-1919012,403235,133506,-100247,18010,2103,-1950,400,2,-17,6,1 # cft deg6 r=12
332929,0,-1543728,0,1794720,0,1315482,0,-4219384,0,3456462,0,-1257961,0,138044,0,40294,0,-13018,0,1273,0,-58,0,1 # cft deg6 r=12
60647,2034368,12253131,26014014,16207697,-23831900,-37887035,-7520050,14061549,6950834,-1851941,-1526618,796875,514298,-69038,-61312,16241,7612,-3026,-976,211,126,-19,-6,1 # cft deg6 r=8
23104,0,4389760,0,-18488976,0,2069632,0,27450972,0,6112984,0,-3461983,0,-593432,0,-3350,0,8678,0,901,0,46,0,1 # cft deg6 r=8
147516563,2801080924,4418247796,3269063646,-3171908267,-7133895500,-762171344,4583526356,1583438844,-1499533086,-794474310,280775120,209207517,-28861690,-32535228,1135848,3098928,59730,-180970,-8166,6286,310,-120,-4,1 # cft deg6 r=8
2573431441,0,-7656671052,0,2233551522,0,1643563592,0,-138252595,0,-171206376,0,-25095922,0,929352,0,612994,0,70628,0,3832,0,100,0,1 # cft deg6 r=8
3286969,0,-83497006,0,-268527371,0,-204412914,0,6961486,0,26030540,0,846079,0,-445378,0,19416,0,782,0,76,0,-24,0,1 # cft deg6 r=8
4845931,16992992,61106641,174939954,314841742,395907560,374727090,266995364,145123594,64002226,25322508,11015328,5244716,1778776,321443,45142,3973,-3882,467,1014,88,10,15,-6,1 # cft deg6 r=4
184226329,0,267540594,0,525215271,0,41212664,0,-1231231,0,3198570,0,-3138073,0,-484482,0,18865,0,1940,0,-269,0,-26,0,1 # cft deg6 r=4
2257283,8058714,-57007303,133209192,-196719203,175958864,-54961562,-98166226,222638154,-301184200,319840101,-264115348,165069403,-79144058,31363831,-11003230,3262316,-827298,195814,-37946,6456,-1030,114,-12,1 # cft deg6 r=8
-22140719,40727450,-35394359,60024914,-23039951,16990978,7150376,-22489456,27672587,-28378272,22760261,-16461534,10024659,-5731538,2752435,-1233946,481417,-164516,51141,-13886,3161,-620,106,-12,1 # cft deg6 r=4
-225613,1695512,-4127411,-2725086,42440622,-127977762,224082767,-249108082,156459646,-12954636,-63997109,49246106,-7206326,-9990010,5221902,264252,-781135,107930,51957,-13386,-1350,644,-12,-12,1 # cft deg6 r=4
988289856,-5437181952,15826818624,-32138268160,50277236256,-63276100960,65398199376,-56000406416,39710858932,-23066688456,10698103756,-3753498132,864739141,-52337794,-48560884,20277138,-3012407,-314172,209112,-28154,-1956,948,-62,-8,1 # cft deg6 r=0
1367542207,2833654806,4215432849,3631962918,2750493632,1389064910,849908084,295227776,219063579,35045618,50101677,-2042122,10265032,-1916296,1839885,-472306,257806,-74530,30588,-8432,2535,-540,104,-12,1 # cft deg6 r=0
17881129,26667144,121623456,259019836,356903803,471719928,658019440,876933944,1055891905,1071361848,889227890,599826276,334810639,157460620,63003034,21616940,6455675,1641648,370632,68592,11587,1452,178,12,1 # cft deg6 r=0
6845777,5237414,22555971,-23890847,33743550,-79769226,130166044,-164508974,214504221,-259795426,254349132,-198685008,127265789,-67379150,28947600,-9854982,2594380,-487889,42331,8610,-3605,468,4,-8,1 # cft deg6 r=0
195001351,579379711,1103273969,1453724029,1561156033,1408347887,1155234782,854668391,580229694,344967247,181322147,81525477,32877012,11554373,3894315,1148708,345651,80428,22377,3746,1158,94,44,0,1 # cft deg6 r=0
33537577000,167476472100,403270867680,614358152241,657841780562,519147672776,307038556668,135079401634,42329597760,8187185056,361453095,-251650720,-36273198,16599740,6676076,730648,52726,85679,41390,9302,1236,190,52,10,1 # cft deg6 r=0
-228037,19886818,32004407,-88890556,-39143403,37282840,-7928386,46726376,-26997037,8924164,-774546,-1125832,1375738,275200,-511780,-38192,16985,-1622,6067,964,-631,-168,14,8,1 # cft deg6 r=8
196657057,-36790788,-1363366977,1439090400,-2836431209,1732613656,-2594241772,1548248376,-1127740205,115487250,36514665,-27190592,26026637,-4731630,68027,43676,-210501,49176,-801,-620,1267,-30,-20,8,1 # cft deg6 r=8
-1503287,27892059,98633600,-228526847,-2373903858,-4935020558,-4858338796,1773244361,5998404873,285609288,-2521115113,-187082648,555958260,26414112,-72785109,-963287,5885188,-92401,-293086,10034,8676,-341,-141,4,1 # cft deg6 r=12
21002048,-515583776,-2274886016,-2268823040,3564074856,11535922868,14104835941,10482993508,5353377465,1962899302,481707475,28974780,-43437562,-26766238,-9624310,-2596376,-520665,-58464,3239,3732,1549,362,68,12,1 # cft deg6 r=8
1,0,-1390,0,-761529,0,-18707900,0,17576685,0,14776674,0,4347859,0,869430,0,165201,0,25472,0,2227,0,82,0,1 # cft deg6 r=4
-193763,654282,363038,4706712,784419,-10353138,2386867,-16958742,17051814,30401508,34636505,27077874,20706572,10542462,5806872,2226720,875567,264552,75435,18222,3726,696,96,12,1 # cft deg6 r=4
-3004709,-2199234,23540577,-37960242,10553352,38984926,-53083904,18374980,18240371,-21675958,6107525,3609998,-3058864,499720,336917,-186790,7786,11134,-6572,284,623,36,32,12,1 # cft deg6 r=8
4042859,11668634,-13344349,-35770968,-24334033,53236700,33733870,-32632120,-38723774,25670462,3397677,-3403904,-295860,38958,104577,-18376,-43457,-9114,4129,1764,-200,-156,0,8,1 # cft deg6 r=4
937024,0,20839104,0,-19897696,0,-1723008,0,3222644,0,-103668,0,-197599,0,11660,0,10630,0,-722,0,-243,0,14,0,1 # cft deg6 r=8
-2688178661,-5678914962,-8900927064,-7373680560,-2768705963,-546356996,827963834,630458694,447660829,79394058,178316884,-26695626,49053493,-8766610,5469382,-284240,122125,90718,-18820,8130,-777,144,24,-4,1 # cft deg6 r=4
263169,0,-994194,0,-4958829,0,3754160,0,11960289,0,-7025562,0,-2949173,0,-466778,0,-32619,0,6512,0,1219,0,62,0,1 # cft deg6 r=8
9834496,0,-24178688,0,-103640576,0,-28676480,0,37710480,0,-4021752,0,386097,0,-262192,0,13950,0,-442,0,261,0,46,0,1 # cft deg6 r=8
442207,-1286655,725547,5157217,-12360896,-2468941,18778824,-873722,-11695932,-232474,3157760,1114881,39714,-521626,-276445,55323,84217,17562,-12777,-5028,1110,405,-55,-8,1 # cft deg6 r=8
4609609,0,1914022,0,-38821579,0,-5904554,0,18499502,0,-221692,0,-76417,0,184030,0,6632,0,-2078,0,140,0,32,0,1 # cft deg6 r=4
200704,0,48180224,0,-48668160,0,-51597760,0,-11547776,0,1534272,0,88641,0,-81664,0,15158,0,7682,0,949,0,50,0,1 # cft deg6 r=4
1117249,0,-11182536,0,42177708,0,-17072746,0,4029464,0,-1284354,0,-425705,0,-9244,0,-41626,0,1486,0,477,0,34,0,1 # cft deg6 r=4
403326889,0,865348046,0,792828561,0,656267334,0,461238490,0,215949896,0,63491275,0,11694778,0,1336028,0,92022,0,3684,0,84,0,1 # cft deg6 r=0
94633984,0,1395851264,0,1892679680,0,1212342272,0,489435136,0,137028608,0,28014656,0,4286208,0,494448,0,42240,0,2460,0,80,0,1 # cft deg6 r=0
3292168,12259940,35881424,74601175,74396632,40722964,6515438,-26023236,-14246464,-7422238,5260503,1909294,824108,822442,412358,-125596,-92674,-10879,7706,1356,-108,-142,0,4,1 # cft deg6 r=0
1203718648,3326539744,3327857364,68118168,-2178729538,-1369546368,531413781,870121412,325927306,-31415660,438149,44253260,36330620,15425004,6180766,1859240,628288,180442,46082,10748,2051,394,66,8,1 # cft deg6 r=0
156017911,567246596,929715733,844031585,384003718,-35518144,-169758890,-95134496,10909727,55589814,45406468,19827984,3450213,-1352658,-993448,-135456,118332,75405,20291,1750,-489,-194,-14,0,1 # cft deg6 r=0
200704,0,2284544,0,8088576,0,13546048,0,13564368,0,8971784,0,4048537,0,1239630,0,249865,0,31382,0,2278,0,84,0,1 # cft deg6 r=0
13723256,67484864,204476848,482845140,964521718,1548166354,2043949471,2232576694,2044279676,1579802598,1043944359,593679060,294128108,126811194,48324364,16036152,4756258,1212996,279418,53442,9379,1254,160,12,1 # cft deg6 r=0
36858833,3792551,40048874,112877211,67385844,-29720573,-3121459,26467017,10995528,-3738965,1111389,2310253,417276,-174187,107439,104618,26812,788,1264,1286,715,272,76,12,1 # cft deg6 r=0
74327627,521331723,1692065106,3366981211,4587023306,4530561389,3366528147,1955903341,957987898,461813537,253573697,147931631,77141732,32399063,10285613,2181392,138240,-103290,-46510,-9818,-911,110,62,12,1 # cft deg6 r=0
414163,-7089239,28866258,206287300,491704022,618946929,470676986,188137695,-12401570,-65905167,-34940365,3163403,18055114,15249351,7837805,2724246,589936,35287,-24698,-9468,-1406,52,62,12,1 # cft deg6 r=0
37016947,53420499,39560106,7340958,-16941704,-17064229,13176744,913347,-655352,-3476029,-3548293,3417797,1280838,-1332871,82369,171686,-69696,7207,4588,-2768,1060,-330,76,-12,1 # cft deg6 r=0
33475816,-155704808,280997994,-287384085,199842937,-22137963,9865469,23479426,29438246,-2321583,6211085,2623158,-2455,22190,310982,36498,-20923,-259,3937,276,-87,30,38,8,1 # cft deg6 r=0
1363047848,2861198956,3191964872,2620149949,1610016941,1018242568,726998225,416136531,213162884,129047335,72932535,30048471,13986018,5582209,1637995,487856,120025,11145,2518,42,-134,44,12,2,1 # cft deg6 r=0
508083416,2220961164,4230993258,4077525749,1770774888,-5211696,-117366108,300142560,325517718,90908310,-43749677,-33615708,967600,7249468,1977752,-367104,-224754,19471,30228,6720,344,-16,30,10,1 # cft deg6 r=0
627843392,4318822272,12564707136,20461640920,21058120632,15781143426,10751257237,6592477058,4483465416,2712799654,1521330019,760869128,360889232,160997398,67007820,23781576,7308598,1935816,455276,87002,14429,1738,204,12,1 # cft deg6 r=0
877249303,-2674360409,1469242368,3288631526,-4444287350,231391675,2606940232,-1515253257,-159609240,501576729,-203035113,122991,34113544,-14560583,837749,1474224,-504844,4321,33122,-6792,-254,292,-36,-2,1 # cft deg6 r=8
-52667,-65803,115022,317620,387167,167984,-352499,-805730,291826,1362704,-316604,-1030926,302503,432987,-152179,-109812,46477,18449,-8553,-1920,997,147,-51,-4,1 # cft deg6 r=8
-15169912,-1402440,337066,-12751413,24129693,47961767,30698144,-3056472,-12210407,-2082608,634015,141630,163476,203439,45747,-56480,-2179,-566,290,428,-52,36,-12,-4,1 # cft deg6 r=8
5334751,45288381,-21152748,18813804,465326,-37247370,23357043,-984333,-3903316,3208397,464283,-552615,398472,117241,-13254,26954,12344,2619,623,808,76,-60,-16,0,1 # cft deg6 r=4
-12503,-216697,-1371035,-4037991,-5754183,-3427318,-721494,-1377562,-80587,3365428,1565652,-1462444,-238407,193738,3060,8648,-3212,-2021,137,492,-27,-72,-8,4,1 # cft deg6 r=8
243200704,-970422016,1448043200,-517604160,-1002012564,1197641700,-175203325,-443933387,192374552,82020712,-26577361,-27702166,181535,6096476,925072,-589866,-243286,9382,24682,3590,-934,-323,-5,8,1 # cft deg6 r=8
411691,624974,13897057,79509606,-61074408,-205470257,164786480,195162451,-250848813,6962712,111286370,-48858259,-12425630,14940569,-2480199,-1308874,595137,-26286,-34649,5328,1508,-270,-50,4,1 # cft deg6 r=4
-6154792,-6256320,28768962,57414903,-104547114,-101273211,177381163,55386824,-135055621,-5667377,55096600,-7467646,-11735983,3723734,945630,-787018,111322,73378,-27955,-2546,2073,0,-66,0,1 # cft deg6 r=8
-265651712,-146910720,-84311144,201750541,116079357,194298084,68015813,94816901,19578484,27497185,937687,5252019,-814126,601637,-301945,23198,-50191,-5619,-4966,-1164,-198,-106,4,-4,1 # cft deg6 r=4
-606089,15064192,52763859,-205307673,137548856,752287152,-1617867157,518240915,643157070,-295000596,-53955108,19018398,-9936521,4775042,793848,165676,244776,-88075,-5097,1786,-1140,131,19,-2,1 # cft deg6 r=8
-5807,-133717,-563109,-981259,-2063405,-4507120,-6170036,-5796294,-4748377,-3202620,-751056,1051794,1109635,364300,-81800,-127080,-47900,1255,8373,2610,-135,-238,-36,4,1 # cft deg6 r=8
-5859,-101556,-407718,466855,824522,-1996397,2029305,2401725,-6618318,1726092,4480739,-3316585,-114771,1032365,-509241,84998,17651,-11345,2920,-814,372,-138,36,-8,1 # cft deg6 r=4
12377,-72221,112974,155233,-717678,742478,62430,-277200,-922695,1975788,-1558777,547278,-67946,20802,5234,-40030,28016,-5055,-1778,848,-132,34,-4,-4,1 # cft deg6 r=8
-1046927,-37387,5873440,4666908,832211,8458360,9441161,-1373146,-3307982,910258,-179420,-1371010,423307,993517,61101,-286702,-71419,38481,18069,-218,-1399,-225,33,12,1 # cft deg6 r=4
-113985711,-603904329,1212073470,-305331309,-506549052,65421873,114097599,-58939641,192888912,-134806117,46359975,-31139119,8558998,741189,114399,439572,-242742,13496,-12598,-612,1475,-200,60,-8,1 # cft deg6 r=4
102498008,-222924720,215571150,-154686049,657079280,471843074,-99707688,374005358,321488280,139375723,142238334,78781015,45866852,25386723,9935685,2816871,564425,82334,-16081,-14880,703,519,-9,-12,1 # cft deg6 r=0
157340147,-378148977,-672891289,1161578178,2404837031,1053888465,79453275,304819824,188662995,-51339422,-8609556,15093879,-2917969,133226,1064623,-313126,-35127,56121,-6576,-1714,897,-122,44,-4,1 # cft deg6 r=0
1057064,4473668,-4716944,-29529197,16600656,64310244,-29729904,-75943056,38589237,46561526,-29107053,-12328962,10587317,197495,-1369668,439289,-109917,-49716,39149,-1100,-2328,145,19,2,1 # cft deg6 r=8
385597,7922043,70724068,322589767,855697434,1467044669,1766341377,1562154627,978709320,394500323,128485173,68759577,13442286,3062979,639287,-79060,128964,-86434,-2308,-1488,227,-200,60,-8,1 # cft deg6 r=4
-1608977,-7601938,14654073,108124250,104056521,-39699607,3043058,-28814075,15245418,4803918,-1643066,-1912211,-1844155,221156,245691,99455,9155,-6325,86,582,110,-79,-11,2,1 # cft deg6 r=8
-4150291,8523653,15015710,-27758590,-22102586,40391921,19979044,-31851127,-14429414,14857161,9129953,-4517929,-3855966,1018365,736195,-93146,-29154,-18491,2572,1426,148,-116,4,-4,1 # cft deg6 r=4
5114618824,16639178080,16404691446,1945550321,910646677,12088379219,8001780214,-6523129850,-9534383029,-2837739802,1142887882,809183508,8694938,-85760940,-7594280,7023903,1006683,-388925,-70178,14436,2941,-365,-81,4,1 # cft deg6 r=8
-1451968,16001440,-73216268,169874201,-195303331,80361284,18916946,-43127851,60289063,-15981850,-3631010,3416441,-4380785,-264285,1384408,-251264,127433,-92855,5699,2084,892,-94,-16,-6,1 # cft deg6 r=4
1980929,2972907,-6106268,-3120715,12198756,-115386,-13804415,3829511,10466977,-4423486,-5487783,2753639,2098328,-1060513,-602264,261794,133602,-35803,-19333,2390,1582,-58,-64,0,1 # cft deg6 r=8
33899256,73230804,-7099920,-237563793,-241757670,88708395,307417928,118486495,-126479699,-58322576,36032437,-5048571,-6654236,4232052,532780,-513252,60313,25600,-13536,-32,1133,-62,-52,2,1 # cft deg6 r=4
798331304,-1762403452,2196777664,-1841672819,1318971207,-755669464,277390788,-42479844,11747370,-24415939,15415098,-5149172,1499432,15896,-431852,86732,-8415,6882,17503,-992,-1178,270,22,-10,1 # cft deg6 r=0
1004540248,-3726132476,-1325386316,686256175,43299206,826223907,162980218,-341412619,-6917693,23334228,-11360633,10141681,696530,-1971728,459738,4876,-55867,23268,-3604,-1458,909,-12,-52,2,1 # cft deg6 r=4
7651016,30954196,21873112,-40559769,-44291347,26409790,32718133,-12615212,-12440896,4395409,2041197,-967344,59579,67070,-65552,12352,1862,-2658,1076,-122,-38,65,-13,-4,1 # cft deg6 r=8
-7928984,-27753068,183591132,278714525,234413120,208261748,110294450,40582750,8346027,-13280262,-11703991,-7656988,-3410789,-575497,148192,307417,163631,63820,18505,2698,388,-135,-7,-6,1 # cft deg6 r=4
-2120899319,-2083801543,2297537686,3334509823,-507440194,-2013235671,-230438325,870946203,596797438,143247107,-46143945,-53632317,-18574436,-2156315,281201,25672,-98450,-48556,-6546,946,179,-94,-20,4,1 # cft deg6 r=4
-37619,-141155,-56821,670561,1949048,2834820,2489285,1191766,-80427,-722291,-762082,-494098,-196066,-17689,33305,23178,7334,606,-482,-334,-114,-8,6,4,1 # cft deg6 r=8
68297,1445866,13592282,67763426,205594021,410284561,554887672,497408583,255721600,13080280,-82690360,-53687770,-5397937,9538145,4326346,-222234,-619812,-106011,36033,13198,-225,-572,-46,8,1 # cft deg6 r=8
194315528,302621460,-356488464,-323391149,215946869,200952029,-48938655,-83201351,-5784114,21555026,7553964,-2691684,-2505741,-105415,454756,92011,-43310,-15018,251,1288,458,-37,-39,0,1 # cft deg6 r=4
602749,5944036,67489886,-24956790,85793196,42226531,72591007,16195258,61376377,29766947,12974314,10654227,8181862,1533392,110944,572007,141334,-110520,-34920,6777,2642,-191,-84,2,1 # cft deg6 r=0
7329619,-10309922,10728901,-19368178,9745059,12300227,-21586734,13226915,4178458,-10844962,5487352,852455,-2624855,1100444,128493,-308935,69879,32011,-12378,-1404,908,21,-39,0,1 # cft deg6 r=4
66794056,-196817684,-31288080,414938081,-75888910,-423353517,107113649,276331875,-62878281,-125780981,20666132,40812138,-3995844,-9420455,383814,1517754,8496,-165049,-7135,11454,853,-456,-46,8,1 # cft deg6 r=8
-524144632,2505669132,-1268570094,-5411828951,5090770291,2906223683,-3989789270,-547116204,1692443485,-141621258,-426300857,96184644,61701252,-18696659,-6366063,2055042,562767,-161476,-38258,8508,1896,-270,-62,4,1 # cft deg6 r=8
794731,-5970601,8264928,1395247,-7242744,323768,3027001,-47595,-65397,-268056,-865613,403673,425500,-110189,-138228,584,30666,6531,-3675,-1572,88,110,14,4,1 # cft deg6 r=4
686419099,3787969143,9305801912,13017034158,10065851766,2072240266,-3177097595,-2266189771,215351276,596554777,24748583,-104727267,-5298094,14765457,796632,-1361072,-4148,115235,-483,-6638,522,290,-42,-6,1 # cft deg6 r=8
-1636747,-8179231,-16330340,-5569792,40976071,97034470,100447151,27970105,-59399946,-78979971,-25336862,20004023,15845402,-1761270,-1793796,-168582,-62430,29556,16776,-72,-265,-88,-38,2,1 # cft deg6 r=8
4401,10818,20826,-367088,-64374,1276838,435012,-2221046,-553081,1648466,477040,-1238566,350445,771548,-674492,-143910,290616,-46416,-37066,14754,-1051,-270,54,-8,1 # cft deg6 r=4
18324443,-87202459,161042627,-52845195,-455510314,1176447152,-1484209944,1207672606,-766576165,409234810,-172029109,61754144,-18776800,2701492,-201760,-342008,126505,-49499,10670,-1154,280,-18,32,-4,1 # cft deg6 r=4
40738861,115445931,245254791,389333753,478980302,490660425,406669635,269474825,140132790,48133456,4271262,-6606475,-5134730,-1833477,-98773,226766,99919,9915,-1029,-3400,-377,0,26,10,1 # cft deg6 r=0
3167383,539508166,3309430722,-659545558,-2662102548,854302970,304804250,-550114884,114452117,61586598,-44066872,12647414,3394261,-2793064,353892,17282,-77734,8332,-468,904,577,84,48,4,1 # cft deg6 r=8
-5281,-56226,-181745,-187050,222061,859764,848949,-205590,-946925,-981428,-953833,203670,1182408,407378,-474690,-300000,85023,80524,-5364,-9660,-311,476,70,8,1 # cft deg6 r=8
5924527021,-43565195563,49118151183,-14404206762,10593004269,2705476412,-3422670298,2917161365,-717817947,-222309420,285970720,-91828845,-2307042,13769385,-4653648,293110,333594,-121122,13046,3786,-1580,205,17,-8,1 # cft deg6 r=4
70885991,-281420402,347376945,-86508546,-92826792,-1179162,79400694,-25363087,-20077251,5850777,6831982,-1145837,-1579972,-50264,298593,206291,81084,26827,7780,2906,753,119,29,4,1 # cft deg6 r=4
3463321,0,14804001,0,7742873,0,75318651,0,54737753,0,29397223,0,11026730,0,1571884,0,169167,0,20374,0,1711,0,70,0,1 # cft deg6 r=0
825583933,1722254151,2196171135,1570942565,338737763,-517560500,-614058164,-244579296,60494371,109257492,46890558,205340,-9596451,-4789414,-725952,419614,351850,145819,45703,11768,2823,574,102,12,1 # cft deg6 r=0
10609,0,183332,0,1017566,0,2304082,0,2294641,0,977492,0,242679,0,87182,0,22836,0,386,0,-235,0,54,0,1 # cft deg6 r=0
35827,1365240,169897,-32636934,17243005,5854132,133940616,157556186,205581628,153556150,51001962,-18087440,-23109597,-389718,6143886,1462018,-611547,-248574,19466,17646,593,-598,-54,8,1 # cft deg6 r=8
74431,978236,2327255,-7118860,-27126733,-36368174,-17621321,9691640,14948121,2831542,-4473212,-1899952,794311,195836,-153798,-10844,26538,12514,-1592,-1490,92,-26,-30,4,1 # cft deg6 r=8
473652980141,565421242456,19585114624,-251899064048,-92366360512,36160981808,25039921648,-980716128,-3235422078,-306905128,235361924,29461704,-11014942,4145528,3082296,-516560,-534847,-36272,42012,9848,-770,-496,-28,8,1 # cft deg6 r=0
1281293549,-2080903331,7269698529,-12477710806,10603700732,-5057746736,924911812,975095684,-850352016,-14407440,308202447,-67732646,-78782802,39745615,6192065,-8243385,1168800,516505,-146859,-11586,6378,2,-125,2,1 # cft deg6 r=0
2078322703,-3462017346,2419100796,4083828535,-3778005164,-1309802270,2969048926,1060619468,1026319992,725543197,65670168,-47625082,-1537320,4715106,2982726,1854578,591074,73146,-3927,-3788,-1292,-206,16,10,1 # cft deg6 r=0
38247011,243043020,699957770,373398370,464255267,-53600717,438047970,674592539,747830811,439382649,80824220,-31434195,5272593,7799649,5240023,1979072,489971,98057,401,-3334,-923,-272,-4,10,1 # cft deg6 r=0
-1033,-1201,135099,745609,-572939,-5935829,-4776279,10157728,19884597,10323182,-2857130,-6138020,-3351142,-141179,1139903,652114,33862,-78615,-19743,3030,1620,-27,-61,0,1 # cft deg6 r=8
19805327351,7335911988,-11550422852,12031123754,-5834801023,-32347284640,-3627932769,16301583882,4273101542,-2967068366,-472521091,669785806,96380258,-86958796,-14673950,4930968,-274880,-731280,-42051,37494,4709,-704,-124,4,1 # cft deg6 r=8
483470093447,863235230418,721694453249,475325640652,261990619940,124052533811,49836724232,16368853385,3982199439,526836946,-128184073,-143039223,-68224404,-21996152,-4958648,-741532,-26692,33570,18230,4450,67,-208,-26,4,1 # cft deg6 r=4
45809017643,-4777594403,-7093705877,2042842855,-3732355758,289693513,919486586,458812304,672252,-97344486,-25729742,-25956983,1703865,5169026,1783609,-222110,-265592,-27265,9996,4294,73,-152,-16,0,1 # cft deg6 r=4
119182528,-113927328,305177612,-283151853,340089589,-302464052,223152756,-167925291,99122438,-57238406,32448582,-17139349,9400642,-4969701,2401965,-1018490,393600,-119028,31504,-6780,1105,-178,38,-8,1 # cft deg6 r=0
11047,-113961,526674,-1561245,3437330,-6152268,8892180,-9761408,6512951,-67090,-4006729,2949182,-258932,-773966,403190,11968,-71490,17883,4282,-2484,96,158,-24,-4,1 # cft deg6 r=4
-4172221,11247287,43922073,6084330,-28672440,-27201112,-46134879,7202026,91974230,9425985,-72665666,-5587109,32445047,-32208,-8252221,459112,1206392,-93233,-100822,6881,4719,-197,-110,2,1 # cft deg6 r=12
26315178619,-30289017998,-21860067473,43005214434,-11238170103,-12386941916,10004863158,-1824075403,-899730009,409458527,44511872,-56287287,689223,6430375,-955014,-470330,103973,36581,-11113,-1344,684,70,-32,-2,1 # cft deg6 r=8
98195153,-120367734,211432655,-207370484,327400382,-299345427,262071854,-126265085,51393683,1370200,-4770831,4497677,431612,-648392,747952,-229956,94526,-9908,4240,52,423,-66,40,-4,1 # cft deg6 r=0
4004219,13161849,13319309,2398967,-3014007,-2056049,2984532,2092429,932424,-80615,544363,444979,298394,88789,71051,45810,26467,9178,3585,1600,704,198,38,4,1 # cft deg6 r=0
135564232,-5647620,-204170912,-335183279,767552175,-57778371,-638095985,279943108,279362280,-247344673,-8448135,65089592,-3523143,-21586832,10404702,-1027216,-497699,112209,16269,-5370,-661,262,12,-10,1 # cft deg6 r=0
16242497293,73904701136,157950241125,182599086351,125534175554,59911440530,31745306984,23142449556,13902192821,5189288702,992879890,5356982,-40463787,-8677354,-581818,547140,430844,139041,11547,-5964,-1975,-136,46,12,1 # cft deg6 r=0
53036456,102368788,182077990,230400115,270865998,275612455,256432911,213956593,164623216,114647891,73374674,42315625,22047707,10282511,4312007,1606142,537371,159006,42085,9902,2088,388,64,8,1 # cft deg6 r=0
1727593,4947635,14499431,17465375,24896703,26811877,27959444,20764685,18601370,6175151,7454183,-806185,1281992,-1317301,188591,-231960,78957,-11654,6967,148,-278,-12,-4,-2,1 # cft deg6 r=0
-6608543,-23646014,688723415,-2447178558,3681770039,-2982974069,1749406839,-1355942765,1288889230,-890213451,413851708,-157782675,65764275,-25155523,4754958,975192,-717139,71014,43743,-13294,11,506,-53,-6,1 # cft deg6 r=4
8549,-670831,4183231,14020314,-121896364,207856704,-81675969,52753482,-18782999,19604656,-21717262,12360738,-6626307,1766276,-299090,-75748,77285,-26832,9849,-1624,130,52,-44,2,1 # cft deg6 r=8
3313,-43377,114826,67484,-896100,1839255,-1205644,-1318828,3045763,-1884325,-299555,922108,-302457,-133657,119005,-14965,-16137,7185,-118,-884,304,41,-35,0,1 # cft deg6 r=8
31365193,138953670,237082630,150501236,-80865218,-202714714,-124539347,-6993208,24403647,3738422,-6266497,-814186,2690180,1205208,-325302,-383830,-69635,32416,16714,1346,-863,-242,-2,8,1 # cft deg6 r=4
1975586351,-4849617266,6945709084,-6497949954,4475836251,-2593510659,1624913840,-1273105635,1034639399,-729728827,423630252,-204456771,83635615,-29503809,9068725,-2366094,516701,-90445,9211,-210,-247,110,-4,2,1 # cft deg6 r=0
124609,-821264,2567517,-4760275,8839120,-17190176,26229346,-33587028,36947878,-33791820,25488255,-16137730,8774542,-4114080,1688132,-620540,202225,-60255,16862,-4248,1046,-240,44,-8,1 # cft deg6 r=4
49,0,-8806,0,53271,0,-91064,0,-199843,0,177746,0,70787,0,26370,0,8185,0,-3444,0,-213,0,22,0,1 # cft deg6 r=8
-317375,1290000,2823805,-7804129,-18073244,12269168,11974676,2265102,-14473400,-507568,6872745,320968,-2400990,-193522,768516,-39608,-147539,21465,20388,-6886,-144,318,-18,-8,1 # cft deg6 r=4
49,0,1330,0,9535,0,6628,0,-21171,0,-23974,0,-25333,0,-2006,0,-4391,0,1260,0,231,0,-34,0,1 # cft deg6 r=8
619369,0,3015080,0,6376970,0,8077554,0,6827789,0,3977252,0,1601355,0,434498,0,80908,0,11530,0,1185,0,62,0,1 # cft deg6 r=0
-73526447,300483727,-208052983,-372374236,454840297,-36639239,-162172580,64701358,8020347,-15407472,5397935,-749316,-1021261,894038,-22461,-93827,69307,999,-13667,583,1219,-57,-54,2,1 # cft deg6 r=8
356857837,927015810,808362366,284178356,239090004,206603924,-53252734,-108315546,-3847193,32895242,9743740,-3726086,-1788167,184958,-42728,-183504,-32248,33532,16486,1032,-1045,-250,10,10,1 # cft deg6 r=4
-228977,2493421,6875707,-30228945,16700768,26078950,-19285188,-13872744,9063869,7129760,-4148197,-2056840,1651752,90420,-334228,59088,20377,-6231,70,-736,234,106,-34,-2,1 # cft deg6 r=8
1272361,38768449,61076325,56841895,28157941,5706541,24008521,25271948,11044270,-4986747,-4238960,4666184,2484099,-1885939,-919867,360422,166359,-44096,-16038,4220,1035,-236,-43,6,1 # cft deg6 r=4
19734740449,-1749173892,-5879233054,2254881768,3580295697,-200142208,-869052270,12160712,212244763,44058780,-15632900,-6409146,340997,586150,247284,101586,22371,-1802,-316,1142,627,190,50,10,1 # cft deg6 r=0
-166424761,-797677703,-1211162780,-56138692,1344039661,682734752,-503439400,-413462439,16867851,115264621,46394376,-18859647,-15816307,1896979,2409532,-18943,-196142,-29051,8378,3952,-17,-171,-23,0,1 # cft deg6 r=8
-271917,-2307771,-5356368,3031506,21948714,1831218,-27827588,-8104020,22277078,3558987,-18250568,-3550170,8019744,922938,-2833628,-499852,345026,40445,-32960,-3278,1542,204,12,8,1 # cft deg6 r=4
361,-6498,76532,26144,-356706,181640,437596,-528454,30571,283594,-210884,65668,8851,-18238,2174,9170,-5548,1146,54,-224,81,24,-8,-4,1 # cft deg6 r=8
2401,1715,784,-8183,-18214,-21028,-12528,6396,26067,35516,36125,30466,21164,11098,2558,-2068,-1938,-35,666,292,-32,-52,-6,4,1 # cft deg6 r=4
594718601,-1652713974,4017106844,-1886004050,4494108675,151185052,2086879494,1287528562,552136387,641020670,312044222,98857886,55608175,27369718,8823694,2799724,925995,234304,50844,11906,2497,372,52,8,1 # cft deg6 r=0
6632,-51724,506566,-1560161,3747834,-5875328,7351394,-7293776,5785192,-3821780,2075999,-883636,387104,-94288,71188,-9188,17250,153,2482,272,270,-28,32,-4,1 # cft deg6 r=0
286996072,-464526420,186715992,51987897,54631154,-113956008,69634990,3206572,-3170822,-6483662,7464835,-713156,-386408,162824,172564,-2428,-12236,2347,5218,648,-158,-56,6,2,1 # cft deg6 r=0
259075039,845845002,1246844019,1263847194,1202247264,1101449928,826732664,481220542,231959904,102610290,43270366,17530810,7968623,4584938,2646230,1207768,379294,62314,-4880,-5188,-1059,-56,22,8,1 # cft deg6 r=0
17387633,5789914,8086657,9349835,13502248,30404516,50243374,60764570,59902310,50421776,36997743,23975388,13818432,7105442,3265646,1329916,475125,146543,37632,7356,1028,140,38,8,1 # cft deg6 r=0
16856807,24482475,10770518,-479699,-3473552,-1988010,5645852,4310102,-115687,-78290,1157327,703578,208254,178672,196160,65824,55838,14323,9784,3662,1204,282,54,4,1 # cft deg6 r=0
39663583,-82151212,120662293,-166569085,165365610,-131850560,101146544,-49649304,20331510,-6906598,3109525,5285758,5382886,3395160,2055354,791132,314051,101749,27772,7160,1548,274,54,4,1 # cft deg6 r=0
1098934001,-2059229088,1215159682,-46683408,170826938,-693896910,522711817,-146314644,146654301,-255424616,202865203,-97739742,45643788,-25166586,10494754,-2153936,-25657,53974,25420,-14426,2561,-248,52,-12,1 # cft deg6 r=0
628464341,-379883059,-979099300,587129339,1448477396,-703857090,-913306392,408558952,478321861,-51242078,-111598313,23077056,44418262,11671696,-2363192,-1783888,-200172,81341,24692,-402,-1030,-44,52,12,1 # cft deg6 r=0
9399121,41340267,93618267,141604767,160224403,147975799,120211886,89813679,61579626,37508259,19863909,9020379,3336350,895355,146535,-3150,-5553,524,979,540,364,114,22,4,1 # cft deg6 r=0
2140369,0,26175027,0,-8006296,0,9169969,0,14171937,0,9235212,0,4918361,0,1618596,0,298618,0,31785,0,1980,0,68,0,1 # cft deg6 r=0
52686848,195805184,248920064,80853504,-21918208,-67843840,1273792,47017984,50245200,36225336,22800872,16676082,12674519,8425178,4721452,2196080,859259,287436,82680,20402,4381,770,116,12,1 # cft deg6 r=0
27813762856,21556483792,9799728234,-5154816955,-4788960064,-859066343,1229548337,716310445,-13907374,-155265171,-51945052,14548315,20732085,10407781,3721613,1033110,221915,30088,-3239,-2310,-320,-76,-16,4,1 # cft deg6 r=0
146765663,139781615,146586284,184566062,111831660,65468823,72928032,30603649,9113760,11203005,4804295,335209,1597524,585849,107245,74326,41486,-11549,4508,-1458,292,116,32,10,1 # cft deg6 r=0
1465144472,-224216080,4778035326,-9841930205,12880576804,-9626996109,4794061081,-1061970689,-188293934,295672229,-94353790,6870225,11571571,-4461989,953397,223254,-94819,32270,5961,-190,778,150,28,10,1 # cft deg6 r=0
-4046912,-10557680,-20047432,-24625111,-23461279,-19915104,-25277283,-27436135,-9607767,8763940,13090395,6218034,4490062,546810,-1713828,-770296,-100326,-27669,-14275,6094,2489,-97,-85,-2,1 # cft deg6 r=8
-270186601,-437266578,1441160252,940478656,-2920637921,1708264070,-709761376,277131521,488246220,-636294000,163200488,111963560,-77234054,6130833,8868303,-3018644,-153954,276015,-37475,-9648,2837,63,-83,2,1 # cft deg6 r=8
47089,0,53816,0,-19161162,0,28358769,0,-23763499,0,11276583,0,-2875967,0,329771,0,8685,0,-7303,0,890,0,-48,0,1 # cft deg6 r=8
40063,-639271,2110463,616426,-7942202,13751678,-20095011,16526232,-11470672,4332843,-2246134,-346959,-446541,-59312,240769,-108814,73050,-29741,4542,827,-213,3,-22,2,1 # cft deg6 r=8
-17728,333248,-2529056,8796048,-13842044,2798088,24899601,-42487140,32210350,-11548384,2029195,-1720578,969258,949214,-1324866,527798,16362,-82416,24190,70,-1427,298,-12,-6,1 # cft deg6 r=8
614999,-1914332,1346289,-800219,6764684,58115,-1857821,-1497050,46189,-142222,-1006381,830055,789974,-351156,-297763,71494,68471,-8757,-9691,582,856,-17,-43,0,1 # cft deg6 r=4
57453949,56118762,-61299465,-1659154,-640763,-53504155,46707398,-12428976,-9399089,18328038,-14438048,7269473,-1878740,1848,106909,-23414,12187,-14811,7233,-615,-458,157,-22,-2,1 # cft deg6 r=8
-199967,-292325,-1887807,1548579,-631680,6360420,4396004,404310,-1408963,-3595610,-1127853,-591420,99380,187480,-43648,47160,-19445,10139,-2358,-882,-38,174,-10,-8,1 # cft deg6 r=8
1,194,-4438,79527,-735112,2413387,7753449,-8766272,-8824675,14994272,-8316876,-2291294,9203128,-6005973,591850,997097,-551988,99859,20122,-13678,1936,223,-83,2,1 # cft deg6 r=8
-13246001,31715131,-6905153,-33742913,-2478094,66098356,-30269318,-47257498,38255177,14272254,-20128737,-682100,5638496,-698400,-852784,175536,60449,-12501,-662,-834,-68,174,-10,-8,1 # cft deg6 r=4
1,-816,14669,-188088,-227256,925920,-198522,-369860,358828,468244,230828,-497572,70783,357456,-146220,-109238,37732,13236,-3000,20,47,-134,-8,8,1 # cft deg6 r=8
-17375013,7006545,286174377,-247529744,-203820980,234162450,11605304,-14273832,-94885451,12226349,48422447,6939237,-24472758,-2500979,9457713,-1766497,-1222396,491861,9670,-30582,3223,615,-105,-4,1 # cft deg6 r=8
20083657,-52715380,-9783454,207008578,-316041541,121048858,207192959,-317900966,159047614,27399790,-75958279,33085370,3732074,-8870836,2759750,390864,-460270,80202,20601,-9494,425,352,-52,-4,1 # cft deg6 r=8
9001429,1582342,-104102159,-192837092,-89269617,87355636,104101003,4484504,-25152124,950672,2455095,91006,-666554,-715804,366624,29136,-78982,16836,3806,-1350,-273,168,-4,-8,1 # cft deg6 r=8
-862493,-32143264,-84789221,278681596,-147594667,-46560708,-41717264,88858346,23132184,-51215258,1650070,9630654,347077,-857346,-570934,113792,97905,-15508,-3812,-90,-177,168,-4,-8,1 # cft deg6 r=8
26745768,122903172,706913088,2295540233,5462431942,8770143386,9530418076,6721947126,2571424286,-62018696,-631072697,-307745576,-35286508,26837120,12864468,1312372,-673756,-247905,-13126,9666,2068,-50,-62,-4,1 # cft deg6 r=4
487,4200,11073,9318,-9656,-38998,-22308,-13625,37337,-10683,54546,-30975,28778,-19650,10157,2621,-3134,4249,-1832,-400,533,3,-41,0,1 # cft deg6 r=8
-89768,-1392972,-8298948,-21115465,-20619283,17651338,61336925,12896236,-73216652,-13707061,59155711,-3749061,-26117182,5843629,5548222,-1846087,-501824,258318,7017,-16627,1603,407,-76,-2,1 # cft deg6 r=8
-1774637,-6453086,24031260,42143614,-136313791,124442108,-99879508,48371644,-10065939,-10428966,14071144,-7558012,1135057,1262836,-1012370,292930,28853,-51746,16352,-888,-875,248,-12,-6,1 # cft deg6 r=8
-708625,5397325,-16213655,15954951,-9922748,8149212,-2448974,-703508,-6696627,322290,6956651,-907216,-3142248,357924,1237716,-385432,-175923,115589,-15068,-5000,1904,-40,-66,4,1 # cft deg6 r=4
5919253,47990228,72632650,20719107,74327537,-52989762,36539469,-66163631,29980596,-22891700,34760272,-13212887,469397,-5405691,4985314,-572006,-732501,236176,28696,-22572,1847,579,-91,-4,1 # cft deg6 r=4
2677978808,-2664602344,676741554,-1379793449,1693960890,-508378684,-58205958,55041428,-78795826,65924592,-19624753,949056,986732,-694576,291492,-56424,-26226,15697,2422,-1992,-258,208,-6,-8,1 # cft deg6 r=4
165649,0,6008458,0,21805819,0,25899584,0,10932829,0,2437438,0,244383,0,-25234,0,-7899,0,-1292,0,-17,0,2,0,1 # cft deg6 r=4
1584595859,-4188547587,-757015014,407257816,879388349,591846108,1661656,-466075503,-1486227,33297463,54975576,12830377,-34304163,4070957,6791690,-2315841,-308944,265505,-19870,-12116,2271,205,-77,0,1 # cft deg6 r=4
-2033647,-129654,8265271,-6720987,14058352,-30606926,16277654,-11895876,2160482,-1352150,-252743,272284,-443968,228670,-70660,-18148,23407,-9987,802,1104,-616,148,-8,-4,1 # cft deg6 r=4
14511623,-22361157,50746512,-14334543,-38923504,-10828988,15457486,21827300,2591383,-17556494,497937,5860970,-3700,-1973398,579270,133976,-84620,-6513,11386,-1718,-142,70,-4,-4,1 # cft deg6 r=0
-10110809443,-15010392362,-10463719964,1981372172,4461179284,2336065908,-290912131,-790863516,-202147177,25855706,81629913,20378374,-7181942,-5312088,-873498,562156,298655,-27620,-34012,-330,2101,102,-68,-4,1 # cft deg6 r=4
1000000,0,-3620000,0,1055700,0,2983463,0,-2488498,0,428359,0,209288,0,-84520,0,2616,0,2148,0,-47,0,2,0,1 # cft deg6 r=4
13242119,-6799232,82420844,78843698,81407683,100431028,96712710,76170056,55757641,35976014,17571390,7654734,3109135,799198,168184,92478,38051,13428,11092,3938,705,94,30,8,1 # cft deg6 r=0
107681,-501522,1779179,-3973473,5870781,-6556687,1764697,1799423,-1323918,1808214,733231,457898,183158,-119849,-25432,-50277,6603,-1443,3010,-12,58,-53,-23,4,1 # cft deg6 r=4
25169432,70554436,-1319144,-71277631,18983992,47033000,-20245800,-31798786,24581764,9478036,-16478185,3382176,4185312,-2669288,17784,523864,-170916,-21241,24320,-3736,-936,362,-16,-8,1 # cft deg6 r=8
-10214848,-17076288,-9343632,2809472,-6490824,1504948,4794977,-466002,804206,3228688,-1402877,1614136,-34582,-2414,289984,-126798,90390,-24724,10236,-1642,497,-102,24,-10,1 # cft deg6 r=4
8,20,520,531,7234,-5182,-32138,-171584,169852,72186,1188895,-1523408,-726720,754388,462256,-62272,-83368,-947,-850,822,686,-120,24,-10,1 # cft deg6 r=4
-3314264,22217432,-58145426,65115803,3665250,-95537948,110974210,-52367946,2432412,3867856,4844931,-4706944,248784,783320,80816,-238444,12002,31729,-722,-3684,206,226,-16,-8,1 # cft deg6 r=8
627048594496,0,-825729778384,0,466541152104,0,-146149180793,0,29147749225,0,-4141466204,0,486272393,0,-45734535,0,3228201,0,-169803,0,6170,0,-124,0,1 # cft deg6 r=0
124096,1309248,233264,-983488,-1474400,1070248,1925921,-223104,-1742308,-580338,760677,585202,-157146,-318676,-80072,58596,38862,938,-7142,-3126,-533,12,28,8,1 # cft deg6 r=4
-138536,489448,897558,-1324223,-3294068,712448,3012972,-2526596,-2661250,2379176,2470071,-404220,-1137176,-270976,228824,130548,-10734,-22953,-3040,1904,532,-68,-34,0,1 # cft deg6 r=8
-861224,-4467008,-9764742,-4825819,2091024,8817534,13719068,9296644,7642088,4295908,2670135,1843540,1091992,490716,186420,61892,16178,4963,1412,458,200,80,28,8,1 # cft deg6 r=4
45252529,0,-104923902,0,313388827,0,-285920564,0,165780653,0,-63152270,0,16932083,0,-3231438,0,434113,0,-39736,0,2311,0,-74,0,1 # cft deg6 r=0
4033453,-9419934,-655842,37483600,-4463163,-9722990,9401180,-5690780,3449717,70338,18320874,-10810650,1175795,231022,521782,-401724,245981,-83530,16726,-1924,-233,170,-10,4,1 # cft deg6 r=0
13134389,21590088,28731078,22831006,30674908,19662726,19104295,8437620,5535125,1952768,1328147,13908,-30704,-25610,146718,136178,95101,41712,15276,4352,1149,254,44,8,1 # cft deg6 r=0
461131,3389023,6374290,284155,726894,5329350,3960164,2776532,3893835,4192018,1843447,-580134,-299048,382802,178688,12848,9278,-2747,1096,1210,508,196,44,8,1 # cft deg6 r=0
15412736,-28668672,88512896,-80608192,113550816,-52598416,56269168,-9538208,17737730,4536131,3497404,3210994,1646708,235586,949462,-122912,232343,-29761,24432,-1038,554,228,-10,4,1 # cft deg6 r=0
2633,-56913,197889,440616,-3997967,8169842,-280944,-26002871,47594085,-37636478,8802569,7567476,-6103914,848875,709447,-243309,-48226,31501,538,-2720,263,113,-19,0,1 # cft deg6 r=8
-3957157,-4816486,-5126434,5510800,-1713828,-7014956,-9208154,9717431,7842791,-2505134,-1286090,3190374,2484286,-2019722,-910531,338524,202830,-16652,-30510,300,2256,23,-77,-2,1 # cft deg6 r=8
-1706729111,11580757312,-21204844211,19316909332,2535312300,-15396438106,5625351375,4012206606,-2623273673,-259654158,502354432,-85236372,-33507908,25062472,-2844357,-2844168,826606,172638,-75035,-4264,3852,36,-100,0,1 # cft deg6 r=4
107676457,588383078,625273219,-7290488,389554874,-139730057,160093598,-75415396,65425173,-21845941,12757205,-4869262,2235949,-694740,206186,-32533,19350,-10580,123,-165,279,-11,-14,-2,1 # cft deg6 r=4
6436444648,18117055572,21242926978,10931087271,-760712777,-4138560084,-1928614570,55458211,372956778,126094164,-2801570,-13152259,-3984240,-362473,253911,172710,45776,766,-2260,-232,187,98,34,8,1 # cft deg6 r=0
15086113,-85417283,75716799,339591708,-34899016,-161198246,72326953,-46421876,-30646837,60550236,-8775138,-17430582,4612263,2247308,-726554,-205892,115285,18396,-11649,64,774,-110,-40,4,1 # cft deg6 r=8
-14650559,712138,-6915176,-3429385,-3345484,6795788,6707400,-5937199,-102159,1092857,-1347376,-1793766,1207523,1795775,-670690,-578830,168228,90783,-22219,-7620,1625,330,-62,-6,1 # cft deg6 r=8
283375151,-983364428,1432241113,-1558459277,1081313661,-552334057,102716356,80065450,-118133695,81223836,-41006626,16041670,-4425618,985892,57620,-44495,56260,-10828,7889,-856,604,-17,33,0,1 # cft deg6 r=4
47157125,-40362425,28966200,46970666,-302627808,-154539244,219991075,139663789,-13851710,-18499315,3789933,-2486155,132254,1128799,-159526,-53882,12336,8105,-657,-1408,192,12,-6,-2,1 # cft deg6 r=4
9075737,17838703,34298884,41717183,36566718,21601539,4702285,-7940303,-7799012,-4497841,81381,1693277,1165592,216101,-148569,-75584,2328,12550,3756,-8,-119,-58,12,4,1 # cft deg6 r=0
241223912,-305415328,1715581678,-128221689,1709064735,704167750,1123205525,610105175,588157818,328072455,225032937,110262587,57417314,23131573,9479119,3097234,1018413,266589,71440,14738,3222,492,86,8,1 # cft deg6 r=0
758469448,-338573108,781496048,24656461,115570984,286223699,27097243,39728175,49993856,10132829,9483838,7378475,1800821,1082293,744337,226786,91623,48876,14981,4008,1406,360,62,10,1 # cft deg6 r=0
3141970997,3262508583,3009887125,10975857034,12872358218,-11036131846,-30729600624,-9709337357,19934295716,18658709314,2771266518,-3075761650,-1206531027,156326420,144707558,8724709,-7411364,-1298160,142009,56230,1429,-1017,-91,6,1 # cft deg6 r=0
68938088,-200757948,278949484,-216158851,100047589,-37815092,30311862,-19878914,13371206,-8881403,5525934,-2596370,1311382,-22686,509818,83858,74971,-1072,7727,1824,1148,0,-50,-2,1 # cft deg6 r=0
65911000,-254725400,418871530,-327798071,105250008,-48841461,116753240,-94297507,12070552,13584636,2048639,-4951175,-731165,1260877,459235,-264806,-4952,27775,-7769,-3216,889,26,8,10,1 # cft deg6 r=0
130774568,-389868752,415728626,-15300389,-364518474,243642771,199094962,-441037293,320536270,-91662740,-26186037,32289765,-10222755,-173339,1207117,-403574,121200,-33937,10265,26,13,-40,8,10,1 # cft deg6 r=0
361201,0,-4947114,0,11557091,0,11311128,0,-14577711,0,-8241710,0,127979,0,57978,0,27525,0,-368,0,-333,0,2,0,1 # cft deg6 r=12
-5763904,-23534336,-22020208,38375424,133303096,180981440,113253413,-27812228,-141128871,-159431686,-102743293,-34305292,4238830,11705186,6327094,1367472,-249205,-226980,-38921,7012,3057,58,-84,-4,1 # cft deg6 r=12
-297,1422,25479,-172160,30339,1788062,-4530567,3002542,4431555,-10170504,8096697,-1959898,-1907255,2221934,-1145122,331462,-36188,-11096,5039,-554,-67,-18,26,-8,1 # cft deg6 r=12
121,0,223486,0,-219557,0,-675008,0,-955883,0,1038506,0,-374161,0,71474,0,-5075,0,-776,0,207,0,-22,0,1 # cft deg6 r=8
-282632,-2315152,5654992,-1936860,-9820734,21059848,-19993515,5525244,11261175,-19688622,17608139,-10318106,3882638,-594748,-285422,221648,-70749,12368,-706,48,-224,74,10,-8,1 # cft deg6 r=8
-78186493,-88008633,-263616684,-1298859550,-1566484011,294518078,2181378912,2107693664,891263538,-695737,-251544082,-198358509,-99821343,-35530894,-7944485,-411767,485284,250189,71882,10226,-896,-615,-71,4,1 # cft deg6 r=8
-31009,-268118,-771294,-185186,2495166,2947176,-2249686,-5696316,-599225,5053850,2621306,-1734482,-1807929,-151606,467790,231506,-28059,-51782,-5829,5024,991,-228,-54,4,1 # cft deg6 r=8
-2998351,-51212992,-348844709,-1143069737,-1646651678,-131482556,2150929229,1483897379,-880691876,-1038165120,99469696,329323144,28226327,-57286076,-10843840,5720072,1550696,-321879,-117239,9380,4926,-109,-109,0,1 # cft deg6 r=8
165649,0,-1328460,0,2440376,0,-1998284,0,-1935958,0,1782820,0,572046,0,-10176,0,-110931,0,-4588,0,690,0,48,0,1 # cft deg6 r=8
79869969,0,283318074,0,-823100049,0,-915754464,0,-161062011,0,-84532770,0,-26745809,0,-9465642,0,2105109,0,327160,0,13863,0,218,0,1 # cft deg6 r=4
14249,44038,53341,24816,75566,282668,-70724,-360760,512117,46604,-353288,392954,-84173,-122188,98190,-26858,-15606,14328,-1109,-1984,405,144,-38,-4,1 # cft deg6 r=4
2427128,18370360,58342166,100790377,102624951,63108418,25214389,5940125,-12876591,-30724059,-27992022,-8163751,6382872,6934664,2031503,-557162,-573266,-120961,25565,16099,1748,-373,-82,2,1 # cft deg6 r=4
42397549,-230828716,-160763217,482324082,-33853756,-175206836,38014705,30695882,10945302,-12519386,-5465556,1532516,439227,-79658,-332232,-110392,9575,10362,3530,-648,-466,-90,-6,4,1 # cft deg6 r=8
-8371,10658,557540,1266232,-7084373,-16089234,31600145,25922586,5745807,14100588,-795256,-3666440,999918,129604,-83206,70108,-14453,-9006,5500,224,-513,110,13,-6,1 # cft deg6 r=8
-843272192,273711104,-627552256,279147008,415468544,-391031552,373829184,-199531520,-59045440,88009600,-28868384,7128768,-2175248,-42176,73876,116256,-71380,26916,-9939,2482,-278,0,11,-6,1 # cft deg6 r=4
3257144,-22564248,56865908,-101903296,184076240,-253333306,234786925,-140947566,48812100,-697582,-9030340,4408992,-543961,-176480,37540,10362,11194,-2132,-1848,620,118,-6,-4,-4,1 # cft deg6 r=4
428153,3328186,-19727813,19286214,23791119,-33947948,-8680671,9271116,16550056,-9172540,2372942,-5602574,-863054,3219036,144641,-156478,-61863,-38706,7048,5594,2094,598,94,12,1 # cft deg6 r=8
3936256,0,788933632,0,43337728,0,-33095552,0,71552,0,63856,0,-272535,0,-26118,0,4927,0,-116,0,-105,0,10,0,1 # cft deg6 r=4
8,64,-896,4024,-9278,14420,-17765,30669,-44700,107624,-127086,122519,-124434,108832,-36485,11083,-7052,-9027,11152,-3056,-450,309,-19,-8,1 # cft deg6 r=4
3241,8308,-57541,100447,700304,-1210212,-29609,1884971,-1707250,-308216,1102974,-385922,29699,-70432,-734,33652,-6238,-1957,1045,-268,-70,-3,-3,4,1 # cft deg6 r=4
9278213,19939474,-58315826,-11979606,159240725,-232170772,184422575,-103065696,55513965,-36287888,23271214,-11577852,4332363,-1362350,488328,-221126,106629,-46206,17752,-5630,1508,-320,60,-8,1 # cft deg6 r=4
153664,0,2383360,0,3147728,0,3466544,0,3067656,0,1785980,0,726305,0,184642,0,17553,0,1958,0,318,0,12,0,1 # cft deg6 r=0
1815451,9648356,19461669,19288290,17319790,27203990,28278271,11041030,2469594,4727916,2037023,-1356046,-463554,513598,219846,-16680,-18095,-11430,-6615,-882,326,148,64,12,1 # cft deg6 r=0
474470927,-918355504,921573260,-953821414,965460242,-768655666,551303842,-380979226,241971713,-135722898,70962318,-35313276,16253295,-6900206,2625736,-914598,299951,-90436,26475,-6876,1617,-336,58,-8,1 # cft deg6 r=0
805561856,540306176,597327232,164007936,193803264,97165328,-28570920,-45583240,10643096,40943540,44523750,35244730,23025469,13272302,6727356,2973712,1143327,378696,108134,26162,5419,902,128,12,1 # cft deg6 r=0
7748687,27467424,51459048,67980456,60648313,22808896,-4333894,3531044,11867795,3251990,-1305496,831380,977341,236952,263290,199684,113421,50388,18448,2624,563,-160,-2,-6,1 # cft deg6 r=0
8310829,-45718788,107682950,-160983734,186127121,-164542446,121654662,-63887758,21800047,83416,-4176374,2335300,-169585,-416420,312850,-134752,47529,-21546,11134,-4982,1761,-462,88,-12,1 # cft deg6 r=0
4149607,9542892,-3230510,-30029924,-38164957,-13846450,19382013,27381736,8948703,-9386834,-12032677,-4577876,1429198,2244354,911400,26372,-135250,-61764,-10708,1368,1186,326,58,8,1 # cft deg6 r=8
-2471,2273828,-669051,-3006798,2298084,-5180446,-5173478,10824172,4923837,-7558280,-1158967,2698374,-797442,-420646,666291,-337538,79130,-1358,-8470,3512,-397,-72,48,-12,1 # cft deg6 r=8
-2752613,17324860,47516655,-235637811,-559912884,379659835,1736393938,990865688,-1076424609,-1762459441,-853394662,44149019,232606248,94238735,200507,-11685505,-3471292,40310,229473,42512,-1435,-1281,-97,8,1 # cft deg6 r=12
-7054264,-64157836,-233949316,-264225085,690397374,658677389,-339491368,-335425047,64875026,68456067,-11685319,-14143491,1273957,6009104,2561703,-66442,-287385,-64973,5725,7002,950,-284,-60,4,1 # cft deg6 r=8
10504081,0,6971788,0,-61713524,0,-66009926,0,14125832,0,10630978,0,563367,0,236064,0,22726,0,22,0,141,0,34,0,1 # cft deg6 r=4
-21281519,-122239443,-316575429,-480812066,-470420171,-320806481,-192504755,-147635069,-119620239,-63732451,-10420409,9637701,6551119,1161498,-157324,55704,90787,12716,-6582,-1088,487,43,-37,-4,1 # cft deg6 r=4
5494336,0,5089920,0,-7046320,0,-4003568,0,2908952,0,243476,0,-92391,0,-5416,0,-10014,0,-2302,0,-3,0,22,0,1 # cft deg6 r=8
-1639699,-782550,13908602,32378310,-1171998,-89537174,-116087364,5444136,149278683,143279828,22463124,-60339214,-55708256,-19696654,838732,3741186,1533058,210836,-50346,-27686,-4450,84,138,20,1 # cft deg6 r=12
-27283,305710,586219,-1233464,-3987757,225030,6862771,2257990,-4303469,-2871976,548659,1628418,388361,-425302,-196478,45118,46842,-2072,-6045,342,233,6,10,-8,1 # cft deg6 r=8
-982498139,-3246258002,-7773196822,-11100531326,-7559440478,1006325430,5956686792,4790223008,1458835627,-385370076,-569772608,-232300658,-22513184,18754390,7628844,-707650,-1668734,-748140,-185966,-24642,326,868,186,20,1 # cft deg6 r=4
18289152,-28522368,-7476480,70602200,-102842356,66979524,7277933,-64295406,77415445,-58934416,33632275,-15672312,6511678,-2615964,1051472,-409922,151355,-51108,15700,-4252,1120,-270,60,-8,1 # cft deg6 r=4
1771363,5457062,-11090312,-16281138,13389194,18400068,-7482100,-11022184,3564267,4918966,-1277028,-1765266,344273,444082,-94966,-88846,24491,15730,-4743,-2032,579,144,-38,-4,1 # cft deg6 r=12
52441,0,-456632,0,-809188,0,-535348,0,-894598,0,88596,0,-34894,0,10996,0,2849,0,-264,0,2,0,-12,0,1 # cft deg6 r=8
23873431,1807058,-7608082,-43766884,-6183213,8769178,31238985,9571608,-4866901,-11198094,-3981148,725492,1840501,775568,51498,-115778,-55877,-11714,440,592,94,6,-4,4,1 # cft deg6 r=4
1390457,3270106,1225613,-743732,2769102,2584521,-3671522,-3182184,2716800,2458455,-1277908,-1288704,398948,477391,-85994,-130745,11503,25718,-863,-3336,116,251,-19,-8,1 # cft deg6 r=4
-11390976,59664384,-111510528,36303872,250467584,-607549184,755819712,-571782656,215644480,60413632,-148117920,107917248,-43575024,6925088,3082412,-2456840,728460,-54180,-36001,13568,-1279,-428,154,-20,1 # cft deg6 r=8
292531,-2934846,-506335,27468264,98991556,88790526,-163819232,-224208654,138602449,313914586,77419128,-108099392,-65658105,6274398,13995512,2145398,-1201716,-378538,35119,24670,801,-726,-66,8,1 # cft deg6 r=8
-277,14370,-87131,2413376,596302,-7290168,-725876,10910940,501623,-10274332,-908524,5984250,891521,-2117848,-408578,459950,99692,-61952,-14007,5072,1165,-228,-54,4,1 # cft deg6 r=8
700569,0,-180264690,0,-1292868621,0,-975209976,0,-165481479,0,40516782,0,10986367,0,-774662,0,-280431,0,-2816,0,1819,0,78,0,1 # cft deg6 r=4
3528128,-12092352,31024384,-18944616,-1598008,10947292,-7051779,3638212,-3146525,1972762,-64753,-820826,590208,-226968,86334,-46748,20685,-6356,2436,-1192,390,-86,26,-8,1 # cft deg6 r=4
10182481,0,-20324056,0,13348252,0,-4818970,0,3698144,0,-2100626,0,517959,0,-102236,0,24638,0,-3762,0,77,0,-14,0,1 # cft deg6 r=4
126707473,-464256454,894149537,-1223152162,1367556363,-1245765074,1027748716,-719260412,471789510,-266961022,142552668,-66141560,28938879,-10723890,3771292,-1027968,275760,-50892,6847,-430,-274,84,-4,4,1 # cft deg6 r=0
19292255453,116462537794,327886666394,570049123906,684214046356,599936521026,395306930954,197375018700,74024286370,20706325442,5016326592,1997038384,1307611729,746405398,323722574,107911384,28397368,6021676,1052058,157526,20835,2424,244,20,1 # cft deg6 r=0
1040633161,2717707370,5405924183,1855076934,-1446448142,-1712896050,826883382,2725610354,1647396147,63280582,-356179490,-164158764,-3616145,20829646,6314378,-50236,-470180,-118316,151,3080,849,376,52,4,1 # cft deg6 r=0
943627,2555594,7863511,15049597,14634654,20252956,41602968,65151366,88624355,104407254,100570382,82166890,58920805,34948948,16188050,5511628,1253872,135475,-22251,-12922,-2513,-174,26,8,1 # cft deg6 r=0
118871744,-31110048,29101472,1023520,5337612,-2327126,-7158173,6345992,366208,-3077842,1690195,322100,-779312,218718,139988,-125524,24318,17190,-10992,1108,921,-396,82,-12,1 # cft deg6 r=0
476672,-4749696,20868992,-55511864,105742488,-160764986,205387717,-225734272,216627034,-182538424,136994989,-91084030,53077510,-26626140,11511470,-4272016,1376862,-384804,96564,-21062,4293,-726,112,-12,1 # cft deg6 r=0
5929,0,162167,0,-564226,0,186626,0,539643,0,-47911,0,-173252,0,-22443,0,13750,0,2612,0,-279,0,-54,0,1 # cft deg6 r=12
219077,810154,-2356779,-6049462,415441,22056498,-16909824,1555204,6108415,-4832264,-897335,1033470,-375725,-212082,116383,32702,2437,7180,3633,1182,397,-12,-38,-4,1 # cft deg6 r=8
-1701032,5103096,52706,-13896125,7402647,18053477,-13467858,-13451591,12119656,4652542,-7070183,1135566,3497850,-1814827,-1602345,640012,486233,-79992,-70414,3252,4296,-51,-109,0,1 # cft deg6 r=8
-3724931,1183795,31307801,14544602,-96055738,-122354701,51479892,202350391,143111101,6714453,-39778427,-15024663,4157865,2999643,-890391,-1059765,-236628,41854,30285,4908,-425,-305,-37,4,1 # cft deg6 r=8
3136,0,-6592,0,-122672,0,339200,0,-551224,0,511072,0,-111183,0,-28412,0,-28438,0,-4742,0,-255,0,2,0,1 # cft deg6 r=8
79869969,0,115190748,0,-63363870,0,377505900,0,79863759,0,-115312584,0,-50874212,0,-8991944,0,-738433,0,-12308,0,1826,0,92,0,1 # cft deg6 r=4
5525087,-7712542,-3893415,-7089026,12301209,21696456,-9815508,-14681992,-2602202,-987262,4532815,5844682,-760330,-2670042,-347627,543870,191821,-38618,-32659,-754,2514,192,-74,-4,1 # cft deg6 r=4
361,0,94582,0,257849,0,-725058,0,-1424518,0,-2707736,0,-372165,0,-97598,0,-43588,0,1166,0,172,0,20,0,1 # cft deg6 r=4
4183744,-49728512,96306560,-21763072,-10780640,-63881952,129509392,-144750032,81197724,-35334408,15618648,-7344152,3171967,-341530,770473,-72850,85206,10814,17160,2384,778,-160,-6,-4,1 # cft deg6 r=4
906307,2832424,7724108,12224690,22408528,29494828,36888149,18114342,-8990661,-39194376,-33682350,-7872630,13161032,14664788,4049599,-1329932,-876862,-48544,57735,11558,-1079,-536,-28,8,1 # cft deg6 r=0
6061711,50508704,192790597,447381778,703174301,785382076,630340233,350151242,111840349,-4634148,-25705194,-13222262,-2311285,929854,629212,111396,-29322,-22186,-1100,1008,236,-90,-6,4,1 # cft deg6 r=0
151552,-5029888,108304384,-219179520,934409664,-1201105792,1852959528,-1527184292,1255184956,-609702011,245897638,-41467458,-2087874,3989570,-105094,-467316,221201,-25931,-9698,4938,-980,28,34,-8,1 # cft deg6 r=0
5504749,23723734,52990114,58159608,37243467,44978286,102207398,130333714,99076331,41135074,7754012,3459286,4069809,2066770,668180,212100,87415,41274,17734,5912,1623,396,82,12,1 # cft deg6 r=0
9334103,14630143,51463079,84733823,130476137,188452215,273975812,339697389,356593830,311563975,232629301,147754649,80973102,37688433,14889059,4742840,1166351,172892,-463,-9008,-2248,-232,26,8,1 # cft deg6 r=0
-843968,-3523040,15789184,-13636376,-27440400,37090020,21110655,-17328922,-1394103,7395264,-9856327,-10862102,1695462,5103484,1218042,-808680,-434765,10020,48893,7814,-1839,-584,-4,12,1 # cft deg6 r=12
-39691,-180595,1332850,-1378268,-3257480,6565623,1398608,-10620035,3983118,8266661,-6486937,-2911737,4354274,11713,-1540651,323924,292136,-96343,-29132,10706,1824,-492,-66,8,1 # cft deg6 r=8
6817321,0,-111937484,0,-135391028,0,71505752,0,66648030,0,20247620,0,8166346,0,1944500,0,286077,0,29728,0,1958,0,80,0,1 # cft deg6 r=4
17799961,0,-1316906982,0,-2260359517,0,-868322416,0,-248846295,0,-64230250,0,-12826101,0,-1661810,0,-101395,0,2832,0,859,0,50,0,1 # cft deg6 r=4
-813307,-8125858,-18386008,-2679700,18623377,-3251630,-10836981,9857550,-369042,-6045034,3527334,1283208,-1681924,-16960,451337,-66854,-80001,24780,6027,-3274,-88,226,-21,-6,1 # cft deg6 r=8
7744,0,-139584,0,1097680,0,-6907200,0,7544424,0,-1286824,0,89673,0,28706,0,-13945,0,1364,0,-169,0,18,0,1 # cft deg6 r=8
84872,-828944,3926296,-11373532,21490410,-26461476,19014201,-1846984,-14636474,22513471,-20624610,12845787,-4967220,543054,737174,-627363,248866,-25464,-15535,2222,1521,-221,-55,4,1 # cft deg6 r=8
-6588910409,2372362960,5808783846,281394536,13257756038,6109248090,987358975,129749002,-606076105,-693776170,-354122429,-153599770,-58808678,-16313182,-2271939,403010,447370,191180,57424,12528,2483,386,63,6,1 # cft deg6 r=4
36481,0,-12228678,0,56251177,0,-86210058,0,37572874,0,-11169896,0,2410027,0,-203898,0,-348,0,-6190,0,508,0,32,0,1 # cft deg6 r=4
89319092769,0,119349056340,0,74491564140,0,28940106006,0,7820274420,0,1550764794,0,231199675,0,25964640,0,2154314,0,125686,0,4697,0,102,0,1 # cft deg6 r=0
52670837224,78802095192,105401437688,91740215488,73800062990,46938891974,28396178181,14407080698,7114252408,3006729990,1270742646,460592682,172334369,54309036,18265656,4966536,1502288,344312,93310,17430,4174,580,110,8,1 # cft deg6 r=0
797632,4286816,10747008,17689208,28458944,45594100,52935225,32497994,4353980,-8408750,-6977849,-1897228,824412,813422,252616,-11696,-43452,-12654,2584,3482,1611,462,88,12,1 # cft deg6 r=0
23549504,-7488864,-19829552,21418856,13758200,-27568052,12956020,5376364,-7461058,1112337,3376946,-3241934,1448096,-259702,9210,-81682,111715,-65783,21306,-2850,-226,152,-2,6,1 # cft deg6 r=0
10269512,-73182736,242444068,-519441264,822983164,-1035442398,1106069827,-1028252118,861541938,-653969822,464124875,-301273802,173176034,-84484652,35261298,-12659716,3957594,-1063032,253078,-50232,8981,-1232,158,-12,1 # cft deg6 r=0
-2786957,20590124,-34680830,-26559022,75548833,437574,-55357139,10496677,21647202,-4221826,-5012070,415350,580369,177888,59666,-64614,-41963,-1986,2464,1040,394,-15,-41,-2,1 # cft deg6 r=12
-38627,-578683,-2383683,-4740595,-6176368,-9197957,-17303653,-23944667,-17369675,-356247,10554639,7863341,474896,-2242431,-918031,218143,200587,-431,-22471,-1496,1528,106,-61,-2,1 # cft deg6 r=12
2401,0,-79667,0,369273,0,-744267,0,811779,0,-519034,0,195972,0,-38525,0,1618,0,542,0,-16,0,-13,0,1 # cft deg6 r=12
-123799333,797881651,-1587612585,1041339665,-492262915,826484821,-1084599827,704497289,-270721287,191867900,-210207781,117004838,-29785323,6295916,-4825889,1210729,406703,3725,-53146,-7788,4443,167,-121,0,1 # cft deg6 r=8
-19346229,6002010,106157856,97842101,-106742206,-403342345,-364539852,-9490651,282363187,266095761,71657354,-34242701,-31033396,-5398766,2604088,1182172,84613,-55793,-24624,-1724,1623,220,-54,-6,1 # cft deg6 r=8
19771864,55563928,538011466,870836849,3842628372,2959251141,7237152755,-296016432,-1043714101,715247235,550185502,-98661169,-121607455,38974004,16346657,-6933832,-186635,543298,-61579,-14703,4012,85,-84,4,1 # cft deg6 r=4
6559217,52403785,203429532,503477054,881645203,1149547383,1145065702,879456389,518026892,228744942,72180725,15226867,2816713,1707585,1397485,805356,336931,101066,19734,2090,113,56,36,10,1 # cft deg6 r=4
12564433,-170236388,219163476,722051064,-2253790112,2388538908,-830047853,-510322780,621870827,-189470424,-63023520,75118618,-24766661,-176706,2597392,-554716,-140543,81398,-4099,-4952,654,226,-36,-6,1 # cft deg6 r=8
248536512,-979667136,1903551840,-2074579776,1540576872,-393194634,-319272731,590815116,-417217232,196993164,-49615669,-4398046,10406768,-5863560,1728382,-229752,-78908,61356,-19522,3638,-25,-198,64,-12,1 # cft deg6 r=4
16094912,30844320,-166532560,-59141184,283203908,84044356,-163752037,-73251187,38472958,36076114,1351329,-10036659,-3546545,1262333,1064975,77894,-147837,-47847,7805,6158,283,-320,-40,6,1 # cft deg6 r=8
1346453627,2078473170,4900344798,3621263200,-8644222425,-5971148920,7521708272,3913421891,-3165579451,-898717826,1063062684,206032934,-216282600,-55055803,23222550,8442475,-1001761,-695323,-16436,30783,3012,-685,-96,6,1 # cft deg6 r=4
32281088,-5143936,-98371968,16798600,143914428,-21578508,-140164715,16225252,98821047,-11043440,-49390308,7315496,16729364,-3365914,-3555429,934470,403311,-137370,-13209,6104,-23,68,-19,-6,1 # cft deg6 r=4
67081,0,628075,0,1388584,0,-371297,0,-474861,0,-236399,0,-339587,0,25373,0,12703,0,-3158,0,363,0,-27,0,1 # cft deg6 r=4
97534409,-136775681,-88582314,-71407663,149988972,74275351,22064013,-31588677,-11510970,-4649587,4002205,206053,529922,-67531,-165355,55444,-5426,-2234,2152,-1304,143,88,0,-8,1 # cft deg6 r=4
9006151,-33685344,75571720,-89715570,56046473,34601560,-85271624,67332964,12513247,-61820306,49375852,-8656888,-12746427,7786072,848158,-1630592,112541,181138,-23972,-11584,1805,404,-66,-6,1 # cft deg6 r=0
1157637688,-3562014556,5281193956,-4547417981,1994115139,159041312,-673668757,153822603,202508168,-120212315,-11580641,24733411,-3517124,-1583301,274111,155952,-33087,-14093,7528,-1650,242,-84,40,-10,1 # cft deg6 r=0
1257161,4512830,6851191,-2608775,-13286821,-5584531,27799580,18756667,-15535057,-21738583,-4193928,5516167,3602555,792028,287592,272895,94848,-5093,-7167,959,815,9,-28,2,1 # cft deg6 r=0
-7623719608,-50851782332,-462288982,84598720063,51325651509,-17924085934,-39872250475,-24014959562,-2623024412,4218543813,1839651603,23125270,-126819335,-20044288,5701480,3720206,385014,-276048,-54532,12822,2928,-369,-87,4,1 # cft deg6 r=12
10580519,62918209,104970818,257103781,389199472,431152842,764358029,302311155,320242257,110549630,54721467,16160911,4733546,1720649,575250,110258,102308,-771,-1933,-112,734,-106,-4,-6,1 # cft deg6 r=4
29097168472,-75864750512,131356609950,-121475218783,60123849361,12650400976,-31665256905,14623836854,753418284,-3273149687,994363003,199299618,-182249351,17348914,15253120,-4222456,-539716,357974,-11360,-16090,1826,389,-69,-4,1 # cft deg6 r=4
993822568,-553491540,-3273143676,1298369697,3657009131,-1058460645,-1729887748,399535076,273027211,-83657984,51592221,14797358,-22128398,-2018781,1339641,-322272,210567,131664,-4512,-1338,1168,-32,-22,6,1 # cft deg6 r=4
5476928,-7330240,38100924,-80103229,130336493,-161901182,210578836,-177820295,64854514,1433454,1070784,-8969429,3344234,332961,49025,-105690,-27390,-2258,2564,800,521,88,38,4,1 # cft deg6 r=0
-955768,-7938028,-50790406,-31302257,15879737,-74287377,143129553,141114030,-151529314,-76948274,64077230,24283348,-15586990,-5148365,2608092,635455,-273387,-45835,17141,1082,-338,56,-25,-2,1 # cft deg6 r=8
17669655047,53659217245,41863455457,-40682727999,-90591710276,-45533445745,15878664563,23673341710,3891136379,-4361978453,-1657382819,438077035,288497380,-17266291,-24845989,2941674,2755763,19872,-133636,-1468,4923,99,-95,0,1 # cft deg6 r=8
1433608,19591252,85521448,99543691,-173888079,-455632954,-177960029,319483147,314180219,-20041085,-137433436,-39764240,24632009,16022971,263649,-2352165,-719100,48111,69692,10922,-1551,-633,-27,10,1 # cft deg6 r=8
4143304,-12323600,20596726,-17106841,22938377,-28609618,13465737,-2913889,9438296,-4913051,-2494521,-559139,2643382,327575,-948281,-94308,226235,62235,-11152,-6052,-318,190,54,10,1 # cft deg6 r=0
1888158679,9077517336,20959332100,29639106208,27941511959,18157655983,8201519376,2620952159,671821588,194522304,66945366,15826438,2716271,1391961,615286,6558,-64536,-6699,3537,-18,-511,-86,20,8,1 # cft deg6 r=0
-1553923064,-8986954588,-16914351512,-5040916231,19939981590,22940469053,10366915316,6646856550,4281985876,858441249,238273499,164611103,-26675015,-14955706,1282638,-2279651,-576149,111449,-10351,-2034,3130,96,-103,-2,1 # cft deg6 r=12
-4739,404852,5415545,24245314,50868345,48025919,-707506,-44758783,-38681548,-7647834,8817892,8398221,3647729,306144,-752327,-458363,-75485,20567,9786,2026,212,-145,-41,2,1 # cft deg6 r=12
480646717,1038093823,152423328,-1281811718,-1029539111,482139731,915235756,-55887117,-563475572,-91545598,255731137,109695523,-53853103,-43004191,688602,6847900,1067631,-484277,-123859,16692,5842,-285,-125,2,1 # cft deg6 r=12
19550875,128348150,418435540,898737571,1418952049,1733428446,1674531709,1287300673,785236327,375920388,137594151,34034922,728029,-5163104,-3414038,-1196680,-191409,8817,13715,7826,2240,3,-85,-4,1 # cft deg6 r=8
9164791,-1313038300,6423480327,-2878323520,-13310116736,13874473946,5931475824,-11711791857,102447829,4690379613,-833708126,-1120146371,349864378,139564082,-63805057,-7807675,5976722,62261,-303530,10110,8783,-371,-141,4,1 # cft deg6 r=8
27421141,-168247035,-162026719,252454248,105437653,-610498015,-404373831,947812015,1916643772,1688894490,910080591,337338927,98708983,26831433,5889717,108888,-445019,-80210,31283,13420,672,-464,-70,4,1 # cft deg6 r=4
-24758464,-69489184,-70739744,-17748480,17537332,-5583322,-29573807,-19764608,3048735,7455828,1968751,-1782230,-1659883,-777232,-18811,173154,130455,51036,17162,2202,292,-134,-19,-6,1 # cft deg6 r=4
106856,142956,-9119582,5261385,-17219795,-190076703,-247005005,-32166086,85615364,29109495,-7095241,581898,3027365,-365688,-569630,-56408,18207,-5007,-8065,2482,93,6,16,-10,1 # cft deg6 r=8
-35277223,-25667696,49061456,27071306,-29968424,1891867,27589827,-13134643,-26205015,3510690,14777719,1736863,-4313792,-1378843,651070,330020,-15008,-39951,-6873,1889,908,-11,-44,-2,1 # cft deg6 r=4
1958299,2945607,14210804,9101993,18174136,-7013767,-10936935,15441199,5995644,-3395025,-10565779,1186313,4755142,-1123497,-464875,117716,22616,-32,-2414,-284,47,88,0,-8,1 # cft deg6 r=4
-28758971,-19408274,56569247,48037212,6360404,-22958675,1010018,5198741,-371263,-239812,142190,120917,-255018,35567,-3103,-9110,-5825,3290,923,-464,100,36,12,-10,1 # cft deg6 r=8
32414392,91721492,-1108444,-207011555,-138817466,117666108,150765998,23801347,-41138766,-30698102,-1678059,6165936,576940,-578534,171067,157987,31684,-17161,-7162,162,676,24,-25,-4,1 # cft deg6 r=4
-6724373,43333401,-65983799,-85649568,364485898,-356630678,-7841766,180428836,-6449319,-82326655,3614545,22179521,-1407042,-4721341,358905,1008243,107014,-84831,-21396,2084,1361,69,-37,-6,1 # cft deg6 r=4
-1293824,13908608,-65453632,182526920,-342825892,461975196,-454299843,317575216,-136442780,2558070,48291327,-44265958,23178242,-8602228,2348866,-645752,233090,-77604,22138,-4642,803,-198,64,-12,1 # cft deg6 r=4
10100165197,-26592343810,68666167465,-69621914597,40206123042,-6489256050,-10793016878,11043927220,-5521153625,1241813982,337722234,-428278426,199738749,-52405574,5883962,1095556,-495996,-4363,40455,-10484,323,424,-66,-4,1 # cft deg6 r=0
4067,-71932,425782,-1123808,2364081,-3585102,4615428,-4685375,4476262,-3826658,3416538,-2778560,1965470,-1001989,313187,-3684,-39122,13567,555,-1436,339,29,-17,0,1 # cft deg6 r=0
-5555816,-20793500,11115564,70371215,-27312969,-52142427,88743606,22921206,-50535195,1274794,7587014,-2514378,904814,117054,-259846,67865,-13043,-1207,5276,-1756,-175,169,-19,-4,1 # cft deg6 r=12
-3255595672,-14845332380,-10807769584,-2873658253,2193779446,2886066844,1323059665,320616671,-79652248,-83644771,-34098505,-9621291,-850851,-832145,-27947,-82254,81478,28706,18080,2180,499,-169,-13,-6,1 # cft deg6 r=4
49,3086,66773,478549,1782774,3981913,5610282,5414851,5212519,7047667,8762471,8215967,6578159,4590951,2477517,1070672,408538,109061,15753,2030,-289,-197,5,-6,1 # cft deg6 r=4
2262584,19531932,-11349116,-77553947,-74629481,-32058771,-10677540,-792892,5612071,5477232,2849150,1474114,891276,386958,115888,45489,22639,6437,1026,596,283,27,-1,4,1 # cft deg6 r=4
197299712,-363542144,369525688,-216011271,78858605,-8164312,3377223,641005,7603154,-4981767,1714625,150977,24914,141195,18729,-32818,17089,3103,-100,718,-86,30,38,4,1 # cft deg6 r=0
-306356183,-1018860983,-423876556,582800197,598659818,-413507833,-192429836,217339613,11122121,-60945052,19132890,4756833,-4596650,870924,102282,-73838,-13802,-4462,4492,-2239,-203,119,-34,-2,1 # cft deg6 r=8
-166229563,932838925,-131429188,-1675593781,410724626,1266838702,-361566359,-584338844,155796885,164068019,-37545696,-22778707,6891126,341440,-1185646,307797,133357,-47674,-6763,4472,101,-295,-9,10,1 # cft deg6 r=8
-185813,-2305061,-7458537,-3551116,-12608783,27979,92352225,-33372046,-93390863,44549353,35467547,-17919967,-5723516,3403833,409037,-406702,18989,27561,-1757,-2922,487,131,-37,0,1 # cft deg6 r=8
1630419811,2500198695,4095020562,1197840134,2698062708,1170423803,969349770,672165309,271110462,173190983,66627417,18358633,8334120,1630775,-235315,-236138,-126262,-34015,-3844,470,644,240,54,10,1 # cft deg6 r=0
476609672,2331610788,5126779916,-593796195,240257884,-983306608,-680704605,983883479,-127797986,-332078177,158467473,42616431,-48486189,1104745,8027207,-1070614,-785388,162570,46524,-12214,-1283,477,-9,-8,1 # cft deg6 r=0
52663281856,6419432992,21164325344,22629302392,-5311269000,-3635619248,842225881,-1036632696,-426581518,407325642,122907097,-50878642,-11437314,4432448,220840,-279010,59536,-4118,-6530,1682,491,-100,-28,2,1 # cft deg6 r=0
139115663,-400969160,627855342,-705961978,629166503,-436911936,210769698,-46101308,-17823903,19078520,-7889158,1100750,1279659,-946858,71580,169542,-21163,-20080,4812,3110,601,2,2,6,1 # cft deg6 r=0
2147250952,12424134884,32454649816,49597067925,47492279299,27137051752,5791590503,-3927229801,-3788505110,-1195769369,82180787,204851813,74817380,11127085,-1085231,-1112538,-331737,-44173,2548,2858,566,-132,-14,8,1 # cft deg6 r=0
57126959,153863916,209560213,228053751,188293366,64978224,27830996,-13070942,-2780225,11759158,4232078,195834,-1049359,-619834,1110262,-328864,38582,-19691,11871,-246,-335,-32,16,10,1 # cft deg6 r=0
290269528,-196163892,460113036,-308890651,353819545,-171820326,142048514,-57064661,34868730,-10465052,7777404,-1599563,1412832,-440053,278301,-64772,55726,-7456,5350,-636,445,34,36,4,1 # cft deg6 r=0
12102903032,25598463132,25931826660,17315123973,12938733083,11523994404,7459628431,2210261567,-481554210,-638224739,-129783491,75839179,52446056,8838105,-2519605,-1577754,-189223,55959,29780,1934,-764,-248,-14,8,1 # cft deg6 r=0
595388207,-96638455,1550582776,-71778761,1715382706,131991079,1065572923,199301439,437173582,113640089,133333487,36833841,31598636,8097409,5662747,1328836,739740,156790,67482,12034,3849,516,110,8,1 # cft deg6 r=0
2998848793,7854176471,12359042252,14450336406,13543037964,10331994483,6576075324,3537148611,1615974098,619520653,197390593,50680267,10244490,1859343,735593,478870,268562,114943,40092,11122,2620,486,80,8,1 # cft deg6 r=0
35864000,-18300000,12003760,-21389272,85053100,-60162914,52892307,-18415768,30203198,-9021898,7434677,3915346,-23606,1028268,535166,144086,43858,26466,6178,-2548,-1103,-110,16,8,1 # cft deg6 r=0
2993633,-7749846,4140022,6325010,-436035,-13347892,8520940,5350634,107161,-4295372,-106312,3839804,-75687,-809948,490056,522818,190675,27898,3516,320,-251,-110,16,8,1 # cft deg6 r=0
25025033,42257995,190296457,143323600,339423475,67336799,168450559,56306067,31894534,47714018,-1167221,-3772191,4113973,1152483,839195,322664,-92339,-55364,4773,-2364,1270,12,-10,-8,1 # cft deg6 r=0
121,0,1792,0,7282,0,13146,0,23461,0,48464,0,51427,0,26734,0,8488,0,2514,0,613,0,66,0,1 # cft deg6 r=0
67383151,95711467,117731376,92441186,82367372,61756625,43057200,22175303,13132720,8043441,5206153,2776805,1442980,638257,279233,115710,55166,24479,10638,3930,1294,316,62,8,1 # cft deg6 r=0
398490344,-274401344,1364172906,-879695781,1947094937,-1132810262,1503927567,-776041319,690697902,-317662085,202585265,-78209231,41286536,-11617397,5901109,-1195658,573263,-82511,43826,-974,2734,150,90,4,1 # cft deg6 r=0
7744,0,510740336,0,1410898456,0,1520778287,0,818577273,0,234635918,0,34466845,0,2036274,0,-27617,0,-5639,0,182,0,36,0,1 # cft deg6 r=0
539050367,-404507618,596939491,-422964053,96563534,-67863108,-36845930,37003696,-12902867,498224,1734410,-1892674,734873,715598,184294,126678,77722,37061,15843,5062,1359,326,62,10,1 # cft deg6 r=0
9030337024,9668977792,30309074816,47003264456,37315063072,15099363954,2309428017,-2808610552,-1180159920,-140804156,148084835,91872686,8670840,-6046536,-2551530,-269328,210964,76992,1550,-3378,-769,-22,44,12,1 # cft deg6 r=0
9760997768,4941144620,9939069168,4744013353,2628801347,2952576938,738979409,-458760243,-179196824,-5593639,-22917831,-5818255,9359700,4274695,-477479,-679066,-102019,40913,16588,388,-848,-152,12,8,1 # cft deg6 r=0
337561,0,167558715,0,157896828,0,-3352563,0,-17131763,0,3290844,0,429397,0,-199068,0,15594,0,1737,0,-204,0,0,0,1 # cft deg6 r=0
887641,705271,4145552,5631618,8208510,9823713,10416234,8133135,7773384,4194671,3076631,981331,526268,-225019,-103759,-107114,-41046,903,5784,2784,1246,276,60,8,1 # cft deg6 r=0
5088904139,-3028516139,-13482499052,171061440,15256878294,9279415757,-1464336884,-3097009211,-709986318,270916171,157788021,22196911,-3997768,-4244943,-1618403,-60846,135514,39947,4324,-1124,-824,-152,12,8,1 # cft deg6 r=0
239246887,1622892766,4886603092,8509025002,9778187603,8155828268,5038378142,1467631724,-427991981,-727185118,-295238914,-22641906,43297439,19132590,547568,-1158832,-293893,-30828,6860,2082,-223,-22,44,12,1 # cft deg6 r=0
23331251,53040225,168198454,80491974,-53989164,80930077,377551312,517990825,414905528,210798897,55952409,-6119437,-11452758,-3477325,365793,512890,95440,-16139,-5442,938,190,-124,-18,2,1 # cft deg6 r=0
2112331423,6118800658,10461140853,12747051393,11884918122,8257628542,4761113358,1905417974,619086953,69475474,-10489994,-15716500,-1417435,-31810,557092,-60898,-5342,-36931,-1949,-1762,601,72,52,4,1 # cft deg6 r=0
2561005504,-4835915424,7200566720,-5019705736,3243526136,-544091320,402389487,152690285,159773652,62998043,56592824,24718973,15753213,7224977,3562787,1458248,591413,201542,64100,16798,3937,722,114,12,1 # cft deg6 r=0
440896,0,8398992,0,34971740,0,53780851,0,44197913,0,24307894,0,9444309,0,2369770,0,353955,0,31581,0,1750,0,60,0,1 # cft deg6 r=0
1568381,-4148394,11581277,-22849687,37988704,-52106036,60882964,-61861662,55961779,-44466788,31836712,-19678038,10604073,-4839600,1839806,-552988,116994,-15043,-2467,1746,-229,122,30,0,1 # cft deg6 r=0
1255576,-4490024,10497366,-16443369,28844646,-45330463,59513237,-62247935,52555254,-35417463,19031562,-8305217,2394353,-131243,-159641,61378,-6945,-9826,6891,-202,656,218,36,10,1 # cft deg6 r=0
2569609,0,8010458,0,2010539,0,6102972,0,5681381,0,2321990,0,1016135,0,303550,0,64925,0,10540,0,1003,0,50,0,1 # cft deg6 r=0
20554967,118901542,404427525,789203466,1058768004,842419054,476649728,205393600,105355260,62818136,28846816,17823434,12312349,4561814,692738,85742,24192,-21324,-13528,-1966,73,28,18,8,1 # cft deg6 r=0
62151539,-49500737,-26179854,75805657,204204238,-43454338,-58471412,-75186858,-35500585,13487848,14390971,9628264,5586780,2226448,1100448,447732,53662,-14949,-3484,-276,-190,-30,18,8,1 # cft deg6 r=0
4096,0,51200,0,32512,0,-44800,0,52720,0,-34936,0,22993,0,-8734,0,3295,0,-700,0,127,0,50,0,1 # cft deg6 r=0
-407872,-2745152,119168,21165768,11702408,-45536748,-43752293,20927224,49999210,34483532,-756132,-26905794,-16794767,3572340,6330045,1005474,-792485,-275052,26771,22172,1202,-684,-83,6,1 # cft deg6 r=16
4086543256,3697570012,-27482924946,-40347820879,32262409031,91764139208,36852456131,-36946324933,-33444112443,584832247,9246277778,2292890213,-1056196872,-511784334,30901329,48461824,3478106,-2314569,-333017,55973,11380,-611,-174,2,1 # cft deg6 r=16
45251,-560,-3638481,-3810314,43657890,-29672162,-39156832,54896390,-11988822,-15717804,11257654,-3870254,2956349,-1749338,-522188,1209084,-592074,72498,39115,-14984,465,558,-67,-6,1 # cft deg6 r=16
73067,-944632,3808141,-5333372,2482097,-2158356,391522,1594108,-429538,1228234,-204757,-1429196,49655,614880,35895,-148688,-16340,22698,2552,-2012,-332,138,28,-12,1 # cft deg6 r=12
-12405659,66811000,113537863,-505170852,-36202023,402312972,12867193,6193300,-2638136,-47897666,-35679404,15488448,8974120,-2272802,976427,-367880,-320777,85868,24100,-352,-728,-358,0,8,1 # cft deg6 r=12
-56951569,602271956,-1886443728,1161444894,3153206241,-3771326998,-1558290573,3245535052,4563640,-1370195962,265902869,337091042,-130204976,-37321572,27589844,-794318,-2544853,464590,94493,-35250,336,968,-82,-8,1 # cft deg6 r=12
52809728,-419254272,806592512,729037312,-2447300608,22819072,719004608,-195826944,80679936,116582080,116779184,73363168,23203456,1478896,-2368024,-819136,14016,89860,38115,6436,-672,-412,-35,6,1 # cft deg6 r=8
-193772981,663518412,-801944849,84599066,1162700724,-2224933762,2551177800,-2113814786,1373207909,-749252520,350404385,-130376864,32305668,-3468444,425,-387720,280483,-101924,35744,-10154,948,222,-33,-6,1 # cft deg6 r=8
-173039041,646778944,-575584404,534929484,-234348948,50791500,-30606677,39476838,-56018249,20402426,-9183226,2077740,432956,-263032,-21355,52482,-39986,24878,-9511,1270,317,-194,60,-12,1 # cft deg6 r=4
589533551,-868209806,-424995509,419028704,799951583,546797610,192385207,76090996,66397424,6160798,-44214826,-39464728,-25999050,-14507008,-6707733,-2334344,-745585,-191204,-33654,-3468,580,350,76,12,1 # cft deg6 r=4
102114011,106089568,65238999,48571688,53175032,37765344,12701835,6787472,-983246,-2879202,227942,1729444,358049,-493134,-59045,75140,-8250,-5268,2900,-688,225,-158,62,-12,1 # cft deg6 r=4
-170627,-550600,-1648170,4726254,6891326,-6736149,-7761411,7478821,5468490,-10660394,-7789759,5517021,6158923,-420886,-1965813,-252887,341700,76214,-33883,-8019,2027,359,-68,-6,1 # cft deg6 r=8
4096,0,-14336,0,-1976064,0,-8109952,0,-5480544,0,6333904,0,5071945,0,1318092,0,189682,0,19582,0,1237,0,54,0,1 # cft deg6 r=4
-13318336,-99865600,-151579136,553064640,1838996048,1810505984,234395728,-837597824,-607542448,-42244208,149352720,79266384,7537763,-7135860,-2286992,363328,348386,68892,-3939,-3990,-48,290,74,12,1 # cft deg6 r=4
-17364032,-26946080,61908768,277215984,428153016,304244784,-9374251,-242599616,-253287351,-134922882,-24809817,14090192,13795334,4986758,607426,-468896,-190829,-46124,8871,5560,1209,70,-40,-4,1 # cft deg6 r=4
7038409,0,6412634,0,3274395,0,86892,0,-1105499,0,-123410,0,58511,0,28490,0,-10187,0,-376,0,135,0,22,0,1 # cft deg6 r=4
1019912768,45039360,-4157301312,-1149624768,5344654624,3608395776,-1247777840,-672366896,612655916,37088064,-130039048,62997000,23345163,-12969582,-768146,1035382,136612,-16018,1723,-28,346,24,2,8,1 # cft deg6 r=4
39551521,0,95737200,0,39593986,0,-32813448,0,-40175215,0,-18207120,0,-4257702,0,-438120,0,19754,0,10656,0,1172,0,56,0,1 # cft deg6 r=4
433629019,-428882772,524297135,-727656156,666671759,-661640592,511279903,-353275794,275091837,-136599396,101124497,-38900490,26339406,-8561712,4781795,-1383090,651259,-163728,62176,-13578,4015,-696,126,-12,1 # cft deg6 r=0
10259209,0,97063000,0,422788442,0,382695596,0,154810005,0,15144076,0,7447862,0,555256,0,112098,0,11964,0,976,0,48,0,1 # cft deg6 r=0
1400948857,-902849192,1432024883,-532865936,520862627,-327504588,373951461,-100087864,38860883,-36396462,29113951,-5995396,2348028,-1642666,818289,-121512,50471,-24298,7822,-148,301,-74,10,8,1 # cft deg6 r=0
12271009,0,610725110,0,2243823555,0,2903933680,0,1808907569,0,615449914,0,115056863,0,10765906,0,574017,0,39964,0,2783,0,90,0,1 # cft deg6 r=0
923807,5726282,15128806,23869170,24535159,14426080,2222290,-4512344,-2496289,1928430,3966198,2604426,644555,-96462,41716,180384,100765,17004,2548,5202,3169,858,124,12,1 # cft deg6 r=0
648584189,-1786104985,2631956103,-2855306897,2662593121,-2244868801,1756354418,-1257998707,830679826,-506398785,283769543,-145028187,67472072,-28608959,10984167,-3728934,1086029,-261874,50219,-7398,762,-12,-4,-4,1 # cft deg6 r=0
228777183,-44541198,-215777094,81506156,263359964,-59041156,-211253060,25942138,135180769,-3554592,-63423742,-5962486,19952528,3522352,-4046818,-878840,564922,114462,-54662,-7966,3624,134,-100,0,1 # cft deg6 r=0
116281,0,5068314,0,44355389,0,141618726,0,173321206,0,93908524,0,24530887,0,3923182,0,640720,0,66598,0,3612,0,96,0,1 # cft deg6 r=0
500534069,612855936,501582767,164802015,-1099256,58977312,55672822,9120284,1656459,1000456,-4190462,-2284854,588871,530292,57094,-40594,-25906,-1797,3375,574,-205,-36,0,0,1 # cft deg6 r=0
52759003,-184793196,261934822,-156170010,27735777,-27992208,32733936,16794336,-1467213,-47773378,38178080,-4384576,-2327099,-2118948,1627538,345404,-107473,-3966,-3648,-1060,933,-44,-26,6,1 # cft deg6 r=0
8,412,-320,10653,747,52770,681393,-2822103,1599029,6160479,-7347316,-4562647,8131916,970080,-3821527,223142,822190,-101003,-81447,10763,3988,-435,-98,6,1 # cft deg6 r=16
533794816,0,-386298880,0,-28833792,0,81388160,0,-22572992,0,680192,0,810561,0,-164680,0,-1666,0,4906,0,-743,0,46,0,1 # cft deg6 r=4
435424768,-215714816,22630144,760262656,-305769216,316032064,155517056,57694816,94300984,45616312,32871784,18723568,10067083,5006348,2205332,888008,325530,108452,32953,8906,2168,466,82,12,1 # cft deg6 r=4
-8822183,41897320,-122052447,244123278,-343877730,339690246,-205312221,20635342,92288742,-96173186,45789026,-2837704,-11369725,6712784,-547101,-860630,301526,-4874,-17782,6400,-723,-164,60,-12,1 # cft deg6 r=4
10609,0,7109998,0,34580937,0,47321126,0,30828966,0,977800,0,-6508417,0,-2628282,0,-425752,0,-28818,0,-264,0,48,0,1 # cft deg6 r=4
-141922304,-1346852864,-227054592,2578814976,679599104,-1780790144,-821799616,409434624,541412480,11232160,-166507728,-6078560,22153280,-972512,-3396240,660504,520444,-85142,-53129,4490,3019,-78,-86,0,1 # cft deg6 r=4
18826921,0,46949096,0,29965848,0,3691740,0,-868238,0,-559512,0,602862,0,-315724,0,88245,0,-10300,0,-118,0,0,0,1 # cft deg6 r=4
117649,0,-1483818,0,-2942499,0,5626570,0,-5183190,0,9801872,0,-489805,0,84474,0,70500,0,-2522,0,-16,0,16,0,1 # cft deg6 r=4
-38984351,87934224,-159971609,194929220,-86277235,87676452,-41497863,24550780,-42673252,26058406,6047740,-5366168,-4011544,2634070,37947,-115144,1063,-11676,3972,-1056,80,114,8,8,1 # cft deg6 r=4
1605184,-8123264,-25150336,-15616960,18834832,21138048,26508688,31210592,345216,-31681176,-17062588,1650536,5229867,792648,498025,-497322,66504,3594,-9993,3742,93,-224,62,-12,1 # cft deg6 r=4
3193369,0,-26954218,0,7467267,0,34736000,0,-20700599,0,-322626,0,1739427,0,-380602,0,67205,0,-3304,0,-485,0,14,0,1 # cft deg6 r=12
-3268711,8071202,159064331,-235959997,-311043091,541496743,99663819,-422415655,86140286,149320946,-71987265,-23352522,21656624,-543623,-3840112,594641,378353,-104315,-24472,11444,2274,-375,-83,4,1 # cft deg6 r=12
200704,0,-27968512,0,99291136,0,-139773056,0,105491776,0,-45973136,0,11320129,0,-1337200,0,9382,0,12798,0,-867,0,-2,0,1 # cft deg6 r=12
60025834967,-42903890167,-75505946824,111656362402,-345265073,-127703510387,150739076939,-89300144854,27674646356,-1603173932,-2203224566,841302974,-50614588,-53242753,16023429,-234510,-780225,145248,11871,-6844,522,66,-33,2,1 # cft deg6 r=0
5607424,0,-30545920,0,58350848,0,-38620288,0,15828128,0,-3337664,0,568801,0,-43776,0,9226,0,-614,0,189,0,6,0,1 # cft deg6 r=0
28677923,-9150800,-41766975,56473696,-12838663,-30899420,38110450,-23634968,10955918,-5333370,2959547,-1666308,916395,-446112,155907,-37752,14836,-10166,4060,-596,16,-78,52,-12,1 # cft deg6 r=0
2692039616,-7573136704,-1264004032,20976288832,-3927246320,-21050057648,8693784576,7226050608,-4081751692,-1184258956,1070626028,716692,-158098537,31922667,9976800,-4349973,67495,225676,-30920,-6193,1742,9,-30,6,1 # cft deg6 r=0
18251456,78593472,206164128,361428488,498934672,544372252,501818603,383758358,257506796,152964880,88445301,50726280,29615872,16209286,8096116,3527752,1336002,434568,121600,28762,5833,946,132,12,1 # cft deg6 r=0
1470523,-6568223,22060645,-46049241,71187739,-76750827,61549542,-27296465,20364784,-8944021,8035889,-1334891,1815546,-230735,346119,-27892,42261,-5526,3815,-1144,104,-94,24,0,1 # cft deg6 r=0
167636706496,-293340324640,384275435280,-239192170968,110211128484,-9383704266,161322101,-2622666438,6087497290,-2754602128,1035718214,-198813724,25167753,1848506,3224325,-762794,460015,-78870,11517,-3442,522,-226,49,-6,1 # cft deg6 r=0
134040896,347368032,794161696,946284760,561777176,-7419172,-170299533,-97372990,38958142,47498852,10396305,-3692332,-1618784,2831762,3615968,2171912,928352,322464,92728,22962,4945,858,124,12,1 # cft deg6 r=0
26031368,-26493980,39192516,21803861,27121558,-3337182,17961284,-4773664,132302,-12399500,7946457,2042720,1600448,-1343068,231432,509952,293166,41689,-14606,-2506,1020,52,-26,-6,1 # cft deg6 r=0
56988943,259476448,334508693,-218226484,-1180004350,-1638869298,-1106905387,-106822988,532835065,545857794,246017675,4685892,-66745508,-43986862,-12475670,494808,1756460,598436,46421,-25444,-7851,-562,100,20,1 # cft deg6 r=16
119146048,-493602816,-324069504,2962351808,-1557427104,-4795245760,5395596816,692213680,-3695728604,2081502640,-264427076,-251875896,168349947,-42593638,-3389121,5446258,-1404996,57190,77720,-23324,272,802,-74,-8,1 # cft deg6 r=16
-819509,-3232104,3978046,37339558,49855970,-46450424,-168805256,-102628310,108071306,183754722,65498282,-51774946,-61775162,-22854916,1042686,4554288,2088233,457626,15432,-20522,-5288,-218,116,20,1 # cft deg6 r=16
-1984,10912,4464,-161696,491348,-668636,313255,427280,-942972,824854,-312043,-125808,268034,-186102,61792,7732,-21868,13020,-4094,308,385,-220,66,-12,1 # cft deg6 r=12
-7,96,15642,-31252,-28215,159684,-176882,-31236,202801,-69848,-220502,336908,-182337,-40156,132214,-96660,32593,912,-5814,2508,-451,-44,50,-12,1 # cft deg6 r=12
269173,-3886222,23206486,-76991508,156682971,-196020778,125323286,25877330,-140112099,147031640,-88215242,37361384,-17769357,12433048,-7333514,2394226,-81527,-248588,89532,-8042,-2527,738,-42,-8,1 # cft deg6 r=12
-23629,915512,-3692154,7315402,-6144979,-4687880,21683800,-33126600,30399511,-17004848,3001152,4378004,-5405671,3533548,-1569226,483348,-72293,-19350,19060,-8332,2481,-572,98,-12,1 # cft deg6 r=8
-5711,93632,-403770,569638,539453,-2602878,2465398,1029842,-3695229,2835396,-790174,-451064,854303,-787008,569070,-354632,189305,-85938,32906,-10522,2777,-594,100,-12,1 # cft deg6 r=8
6889,0,558248,0,1891750,0,2372988,0,718989,0,-2240524,0,-2719958,0,-1248192,0,-261130,0,-21324,0,12,0,48,0,1 # cft deg6 r=4
-317128,1236480,-371192,-1914220,1287586,35468,-890547,909864,-116894,-429526,256959,83920,-89884,-19458,17052,11124,-6074,-1824,950,468,-247,-44,50,-12,1 # cft deg6 r=4
64000000,0,232320000,0,314496000,0,210950208,0,82067728,0,17283496,0,720377,0,-465080,0,-82938,0,-1422,0,673,0,50,0,1 # cft deg6 r=4
5929,-13706,-57051,-27295,-20616,160180,153752,-392728,28737,268294,-101270,-75130,35625,26556,-22688,3756,4648,-5531,2933,-616,-119,108,-26,0,1 # cft deg6 r=8
473543791,2065176414,3371347317,4251702982,4295840260,3650772878,2578683256,1502017784,788978527,350411046,148401773,47606514,18068912,3851000,1577057,42774,160826,-34010,16156,-4916,1259,-324,64,-12,1 # cft deg6 r=4
3106538989,3979064762,90568736,1161969208,3807225015,1232557932,-241162227,669561538,530960580,171602154,117551693,59298750,28181038,16161646,7814806,3281888,1233975,382386,104611,24434,4564,768,108,12,1 # cft deg6 r=4
29817536,69021376,-202260016,-384146952,200802896,841373388,502284812,-375374918,-729178572,-420306103,-26718168,106569704,63569908,9150258,-6765304,-3969912,-624245,181527,100126,14102,-1476,-670,-42,8,1 # cft deg6 r=4
7252733952,17827817472,23840406528,11572567040,2712036352,-6745761920,-4727447744,-2450415360,-367038912,-13292064,-82481424,-80423136,-12456432,28421504,26330648,12150408,3374976,524138,9595,-15712,-2899,178,140,20,1 # cft deg6 r=4
-3751,0,56234,-112468,257489,-805020,1248358,-1049988,816705,-840800,697354,-415588,257159,-180972,104646,-48148,23265,-12072,5154,-1732,589,-220,66,-12,1 # cft deg6 r=4
-92915711,302463714,-224189899,324138086,-32088703,69478438,73055244,-29272672,52101599,-31298056,20273257,-13677294,4770471,-4054874,1118739,-728514,238625,-81896,30881,-6714,2069,-404,66,-12,1 # cft deg6 r=4
961,0,3515338,0,161889037,0,514498506,0,723014950,0,420016404,0,124620855,0,20944718,0,2076696,0,122510,0,4316,0,92,0,1 # cft deg6 r=0
113060689,0,2174291330,0,3333117241,0,1987877790,0,558354586,0,75541360,0,5714755,0,728902,0,105732,0,6370,0,372,0,40,0,1 # cft deg6 r=0
54893281,0,579921216,0,1719173138,0,1970306060,0,990598561,0,250338040,0,32997698,0,2453764,0,222178,0,32508,0,2700,0,92,0,1 # cft deg6 r=0
101696,-868096,3673808,-9917408,19046528,-27783908,32643729,-32349406,28032780,-21730610,15497879,-10213180,6270948,-3539110,1832416,-855416,357728,-131838,42756,-12022,2927,-594,100,-12,1 # cft deg6 r=0
6266227,-11271326,19588930,-19551004,17499853,-10512234,5659208,-2039326,817829,-351230,328430,-382090,455559,-466226,386156,-256644,138781,-62910,24850,-8632,2511,-572,98,-12,1 # cft deg6 r=0
7649,-56323,344749,-1108423,2413747,-3634753,4093644,-3503907,2349482,-1222541,503959,-177195,72404,-45855,36115,-24416,14259,-6950,2693,-816,154,40,-26,0,1 # cft deg6 r=0
893395151,1449817666,3449423300,4240201276,5199133381,4923882116,3956805854,2843928372,1655332917,854967292,400947556,146188884,60070265,19574648,6870414,2312102,557881,100848,1512,-5812,-1645,-256,-4,8,1 # cft deg6 r=0
140334824,-40449640,-101714164,80718420,74667384,-80411146,3941431,25625833,-7544863,-896729,-298987,-51667,991946,-449005,-149557,143368,-3436,-21618,4561,1126,-432,2,4,0,1 # cft deg6 r=0
325152707,971268037,2101437303,3320082303,4253612663,4592166003,4264676258,3432228563,2406063866,1449367087,744086353,321227193,116054810,34497809,8325091,1541580,198743,2138,-6483,-2862,-556,-130,4,0,1 # cft deg6 r=0
18968467,-72345592,-35490125,-486494553,-205028243,1664389829,841356599,-1579387925,-934824036,534609322,410355879,-27684416,-74808110,-16095001,5603820,3192849,26647,-222431,-39676,6110,3090,-51,-95,0,1 # cft deg6 r=16
117649,0,-2586318,0,-60039111,0,16522854,0,184897886,0,171527648,0,68755351,0,14385946,0,1677552,0,113418,0,4496,0,100,0,1 # cft deg6 r=4
43681,-460636,2267080,-6700578,12681683,-14641400,7205694,5299376,-10796697,5667882,1044044,-2680026,986325,430718,-399800,-51606,93613,8020,-14810,-638,1315,6,-54,0,1 # cft deg6 r=4
-2310336,-25660800,125242944,-170713792,116725856,-71917760,115017120,-85953600,98780644,-50380424,48655532,-26575360,20718503,-10306904,6006925,-2451338,1060056,-330398,99635,-24434,4849,-896,114,-12,1 # cft deg6 r=4
446178931,5471102548,11078613609,17821629408,18724098942,16662206186,11364802009,6990204280,3689210249,1964726966,1007907915,509374488,223803500,79069130,19138550,1185776,-1441760,-814792,-247583,-47176,-4671,222,148,20,1 # cft deg6 r=4
4159301,-11971890,4609439,27849558,-38232848,-17914104,47584547,-5623418,-33343590,11807670,7422361,-10308722,-4482962,1099194,-181820,-528984,-317779,-110792,-23031,-3806,-384,100,56,12,1 # cft deg6 r=4
7949,126146,620987,460274,-4550964,-13382600,-12238941,1075550,7907110,4286082,603997,-940770,-1077690,-319654,124920,157988,32593,-29696,-5571,2666,-268,48,32,-12,1 # cft deg6 r=16
97246211,475676326,469426883,1251396598,919826882,1159205424,559614947,506163178,142728824,110390566,1367516,8898976,-8060755,-1237998,-1996647,-297762,-183908,-9402,1968,1172,957,-260,56,-12,1 # cft deg6 r=4
30483,-260244,-1122387,2984990,4706323,-9279194,-10561007,2978980,3785072,14189202,49001812,72177410,61257594,32694192,9526995,-172490,-1201249,-306526,32522,23034,992,-688,-66,8,1 # cft deg6 r=4
2373568,8469296,10347440,2904881,-4028750,-4079560,-2535330,-1550410,86490,749934,189227,490,167124,103726,-39714,-47916,706,5327,-3000,-124,820,-4,-54,0,1 # cft deg6 r=12
76729,0,707544,0,-18090308,0,306599324,0,-31526038,0,6556740,0,2599890,0,88436,0,33169,0,7528,0,1042,0,52,0,1 # cft deg6 r=0
30019441,0,68887822,0,85275961,0,69607098,0,38643078,0,15033196,0,4485447,0,1108806,0,205528,0,22690,0,1616,0,68,0,1 # cft deg6 r=0
237263096,-513060656,905603436,-962422608,983842400,-784409114,612216587,-407590446,258683410,-144121626,75470367,-35347422,15635518,-6263400,2377022,-821388,272818,-85416,26578,-7772,2117,-484,90,-12,1 # cft deg6 r=0
441856,-3038976,12049920,-32248704,61729984,-84220192,82094280,-58375672,35297680,-23296584,15305506,-6814420,1242979,808740,-808890,337532,-61053,-11640,14454,-6532,1993,-484,90,-12,1 # cft deg6 r=0
262144,0,487702528,0,1033023488,0,1008254912,0,598252400,0,236425252,0,63590161,0,11477566,0,1347519,0,98904,0,4319,0,102,0,1 # cft deg6 r=0
7804808,26276840,64273332,105909608,147182632,216184554,308636907,357106008,305647147,181692397,65577794,6802412,-4564946,-623292,1591584,1143148,420245,99241,10907,-1800,-679,-188,4,0,1 # cft deg6 r=0
276294511,64068506,-166454681,283959639,257778428,-152001378,-26598078,103476934,254739,-24463892,2182238,2151268,-479999,75826,18576,-16184,7280,3277,1573,164,-81,-60,4,0,1 # cft deg6 r=0
166375,1621400,8222500,27913806,70526821,140049848,226245300,303926652,344833715,333779740,277645472,199231856,123681549,66393288,30826386,12318140,4234157,1235562,307588,62932,11021,1452,178,12,1 # cft deg6 r=0
