# IGP24 class field sweep: deg6.
9,0,378,0,4167,0,12786,0,-13185,0,-67074,0,-43040,0,-930,0,-4029,0,-104,0,-114,0,12,0,1 # cft deg6 r=4
39601,0,-2900562,0,2572173,0,-1087746,0,-75384,0,102630,0,-36037,0,-2040,0,1845,0,-438,0,-54,0,12,0,1 # cft deg6 r=4
185761,0,-492012,0,259374,0,124428,0,-184545,0,73506,0,-2644,0,-5670,0,507,0,-234,0,-9,0,-6,0,1 # cft deg6 r=4
1172889,0,1028538,0,-3900735,0,-8011488,0,-6466518,0,-2826780,0,-730388,0,-112650,0,-8751,0,286,0,159,0,18,0,1 # cft deg6 r=4
81,0,70308,0,-21546,0,-119322,0,216549,0,-206568,0,129079,0,-57234,0,17868,0,-3862,0,537,0,-42,0,1 # cft deg6 r=4
3249,0,337230,0,8187543,0,6323034,0,903141,0,153042,0,249964,0,48540,0,-2862,0,-484,0,-51,0,-6,0,1 # cft deg6 r=4
2920681,0,-14732196,0,1118958,0,2492612,0,247797,0,-270612,0,-148878,0,-40968,0,-7794,0,-928,0,-12,0,12,0,1 # cft deg6 r=4
11881,0,553416,0,-812136,0,634294,0,-381168,0,118188,0,-18549,0,-2592,0,792,0,118,0,60,0,24,0,1 # cft deg6 r=4
103041,0,-13338,0,-103563,0,-143466,0,-23796,0,87846,0,-13997,0,4116,0,693,0,-70,0,-6,0,12,0,1 # cft deg6 r=4
2601,0,-7074,0,-50103,0,148992,0,-108774,0,-15288,0,-19640,0,-6978,0,-1251,0,-290,0,-33,0,6,0,1 # cft deg6 r=4
908209,0,-83574,0,-2166231,0,-877320,0,98832,0,43848,0,-3790,0,1314,0,888,0,-216,0,-60,0,0,0,1 # cft deg6 r=4
7921,0,20940,0,20094,0,24522,0,5553,0,11652,0,-8473,0,978,0,1140,0,-894,0,189,0,-30,0,1 # cft deg6 r=4
1,0,5274,0,61839,0,-79338,0,-7809,0,14010,0,-9304,0,1926,0,1359,0,-36,0,102,0,24,0,1 # cft deg6 r=4
2601,0,-1421712,0,-1309842,0,-538644,0,-257589,0,-142602,0,-40304,0,-1470,0,1035,0,70,0,3,0,6,0,1 # cft deg6 r=4
361,0,8832,0,-41544,0,-390784,0,-847242,0,-683496,0,-176322,0,-14616,0,-11439,0,752,0,-66,0,0,0,1 # cft deg6 r=4
38809,0,-23898,0,290889,0,158856,0,129186,0,63132,0,-108244,0,42918,0,-6219,0,-390,0,243,0,-30,0,1 # cft deg6 r=4
16129,0,114546,0,244761,0,49026,0,-364062,0,-285774,0,15689,0,49278,0,16818,0,3342,0,393,0,30,0,1 # cft deg6 r=4
289,0,45180,0,299634,0,574920,0,216075,0,-189702,0,-65764,0,22230,0,-8301,0,-1782,0,-105,0,-18,0,1 # cft deg6 r=4
73441,0,-539382,0,-1603161,0,-538662,0,105279,0,167838,0,87620,0,27366,0,5715,0,1176,0,222,0,24,0,1 # cft deg6 r=4
2601,0,-23004,0,-149166,0,-347208,0,-295371,0,-37452,0,3886,0,-252,0,1554,0,-4,0,72,0,0,0,1 # cft deg6 r=4
1,0,606,0,-17691,0,-58074,0,-74256,0,-30498,0,-337,0,6852,0,2181,0,966,0,66,0,12,0,1 # cft deg6 r=4
9,0,162,0,873,0,588,0,-7092,0,-16536,0,-7526,0,16134,0,5136,0,1280,0,384,0,36,0,1 # cft deg6 r=4
289,0,2742,0,24069,0,113010,0,130128,0,-132258,0,-111097,0,-18768,0,-3687,0,-822,0,78,0,24,0,1 # cft deg6 r=4
9,0,11718,0,-17055,0,-89682,0,-114678,0,-70122,0,-25391,0,-6174,0,-966,0,122,0,81,0,18,0,1 # cft deg6 r=4
361,0,18336,0,-119532,0,-168108,0,-44466,0,34500,0,24866,0,9948,0,2733,0,624,0,102,0,12,0,1 # cft deg6 r=4
12321,0,83052,0,-194418,0,-218436,0,117135,0,189438,0,14380,0,11838,0,471,0,626,0,3,0,6,0,1 # cft deg6 r=4
289,0,-217458,0,59793,0,-376096,0,-321534,0,-69048,0,-9192,0,6930,0,-1863,0,662,0,-81,0,-6,0,1 # cft deg6 r=4
3249,0,-37530,0,1629,0,-50430,0,3834,0,-9186,0,1285,0,-3714,0,-2214,0,-158,0,-3,0,6,0,1 # cft deg6 r=4
12822409,11719512,4039164,-21293532,299280,24011184,6332584,-9931764,-2746980,4160968,1677366,-891276,-372466,276084,139560,-33076,-23844,4788,4044,-396,-591,-52,42,12,1 # cft deg6 r=0
2047761,0,6496848,0,4504734,0,-777870,0,-1345275,0,-208836,0,99271,0,52590,0,8904,0,226,0,-111,0,6,0,1 # cft deg6 r=0
7921,0,113478,0,310761,0,223128,0,102774,0,82404,0,37568,0,20634,0,4473,0,1050,0,147,0,18,0,1 # cft deg6 r=0
3583449,0,11732310,0,15276015,0,10689954,0,4702077,0,1395534,0,273256,0,27312,0,-1782,0,-812,0,-123,0,6,0,1 # cft deg6 r=0
3249,0,44712,0,140544,0,127932,0,28548,0,57810,0,12058,0,9948,0,2508,0,808,0,141,0,18,0,1 # cft deg6 r=0
431649,0,1732428,0,2555388,0,2213154,0,1329840,0,575640,0,185203,0,47100,0,10140,0,1862,0,264,0,24,0,1 # cft deg6 r=0
288369,0,3870072,0,5356188,0,-640866,0,-1242756,0,858108,0,-213401,0,19992,0,2232,0,-230,0,24,0,-12,0,1 # cft deg6 r=0
361,0,5454,0,28653,0,66150,0,76536,0,32346,0,101975,0,41292,0,6729,0,1062,0,90,0,0,0,1 # cft deg6 r=0
5041,0,257730,0,1736769,0,-722292,0,-302166,0,140052,0,17444,0,-13278,0,-1131,0,978,0,279,0,30,0,1 # cft deg6 r=0
17339349,-1343988,45727614,23852244,-14578113,65526744,113531662,5670408,-58344615,-11761300,18661758,7303800,-1168864,-717732,2436,-36496,-37878,-3888,5732,2688,813,248,66,12,1 # cft deg6 r=0
7921,0,133092,0,131124,0,-79926,0,79488,0,10596,0,-3697,0,1944,0,2208,0,-558,0,-72,0,12,0,1 # cft deg6 r=0
651249,0,1009638,0,753687,0,509586,0,273915,0,117426,0,45340,0,13302,0,3279,0,664,0,90,0,12,0,1 # cft deg6 r=0
29241,0,159570,0,304155,0,289098,0,197865,0,47178,0,10216,0,960,0,-210,0,100,0,-15,0,-6,0,1 # cft deg6 r=0
11449,0,62688,0,161142,0,270966,0,315261,0,250608,0,136247,0,52446,0,15468,0,3198,0,405,0,30,0,1 # cft deg6 r=0
2601,0,60210,0,326655,0,157254,0,699867,0,100254,0,-55028,0,12210,0,-1113,0,-608,0,210,0,-24,0,1 # cft deg6 r=0
2601,0,470610,0,1284669,0,933060,0,172800,0,-45768,0,646,0,18450,0,8616,0,2036,0,288,0,24,0,1 # cft deg6 r=0
1,0,588,0,47364,0,224514,0,569580,0,344628,0,53435,0,27300,0,12228,0,966,0,204,0,0,0,1 # cft deg6 r=0
36864,0,331776,0,893952,0,1191936,0,972288,0,540672,0,217600,0,65280,0,14736,0,2480,0,300,0,24,0,1 # cft deg6 r=0
289,0,26364,0,111546,0,171496,0,486711,0,464274,0,210204,0,58230,0,15975,0,3034,0,291,0,18,0,1 # cft deg6 r=0
1,0,2664,0,14238,0,8766,0,-2223,0,13572,0,33011,0,10098,0,2772,0,558,0,117,0,18,0,1 # cft deg6 r=0
38809,0,280632,0,411174,0,-136284,0,51477,0,74100,0,-68494,0,19416,0,54,0,-1140,0,276,0,-24,0,1 # cft deg6 r=0
32041,0,223854,0,466263,0,1232394,0,3653973,0,2413122,0,-266176,0,7188,0,10746,0,-3216,0,441,0,-30,0,1 # cft deg6 r=0
361,0,140778,0,-8943,0,-101166,0,150408,0,-74490,0,18443,0,1872,0,-1779,0,558,0,-54,0,12,0,1 # cft deg6 r=0
16129,0,339306,0,-51663,0,1907628,0,3061872,0,660912,0,122,0,-23142,0,-6348,0,528,0,108,0,-12,0,1 # cft deg6 r=0
361,0,11142,0,68913,0,68004,0,36600,0,32472,0,20570,0,9234,0,2520,0,540,0,60,0,0,0,1 # cft deg6 r=0
491401,0,114150,0,-537627,0,85602,0,285984,0,-16854,0,-24421,0,3648,0,1581,0,462,0,90,0,12,0,1 # cft deg6 r=0
1,0,11214,0,412077,0,722610,0,483108,0,178614,0,44459,0,7596,0,2217,0,306,0,6,0,0,0,1 # cft deg6 r=0
5329,0,544680,0,938208,0,17180,0,-79344,0,188082,0,38142,0,28332,0,4140,0,620,0,81,0,6,0,1 # cft deg6 r=0
36864,0,110592,0,285696,0,1108992,0,1002240,0,-689664,0,97792,0,30912,0,-9936,0,464,0,168,0,-24,0,1 # cft deg6 r=0
2601,0,87156,0,623682,0,228036,0,198423,0,112650,0,-115904,0,12870,0,6243,0,-922,0,135,0,-18,0,1 # cft deg6 r=0
201601,0,-360120,0,2022318,0,2353776,0,460239,0,1266,0,42656,0,8214,0,1071,0,762,0,51,0,6,0,1 # cft deg6 r=0
237169,0,599094,0,346809,0,-65580,0,-50796,0,-24504,0,-6874,0,2034,0,1344,0,504,0,108,0,12,0,1 # cft deg6 r=0
94249,0,3261180,0,5478714,0,216732,0,61695,0,197688,0,43532,0,10200,0,2871,0,588,0,90,0,12,0,1 # cft deg6 r=0
2809,0,1238760,0,7549698,0,15700356,0,14793411,0,7039638,0,2019452,0,525366,0,125751,0,17082,0,1263,0,54,0,1 # cft deg6 r=0
237169,0,6008502,0,39621747,0,89811786,0,64793625,0,21280638,0,3692312,0,390540,0,31926,0,2676,0,321,0,30,0,1 # cft deg6 r=0
201601,0,11448930,0,13863429,0,10604802,0,5286912,0,2161794,0,699755,0,174648,0,37917,0,6798,0,798,0,48,0,1 # cft deg6 r=0
29241,0,1177416,0,7395462,0,16471746,0,16207137,0,10257732,0,4368871,0,1224222,0,221844,0,25442,0,1761,0,66,0,1 # cft deg6 r=0
9,0,49086,0,24929595,0,37137630,0,22470003,0,8033334,0,2336020,0,555342,0,94695,0,11072,0,834,0,36,0,1 # cft deg6 r=0
39601,0,1107498,0,8646609,0,16145796,0,15824328,0,9325920,0,3564602,0,886026,0,146244,0,16104,0,1140,0,48,0,1 # cft deg6 r=0
253009,0,4021908,0,18662058,0,22577316,0,15800211,0,7193310,0,2548052,0,634506,0,98451,0,10446,0,819,0,42,0,1 # cft deg6 r=0
131079601,0,0,0,-12444372,0,0,0,-983874,0,0,0,131450,0,0,0,6813,0,0,0,-138,0,0,0,1 # cft deg6 r=0
2277081,0,4175118,0,2597733,0,492852,0,103176,0,155076,0,61018,0,8622,0,1848,0,884,0,216,0,24,0,1 # cft deg6 r=0
54289,0,126528,0,371610,0,666252,0,956361,0,562608,0,214706,0,65148,0,14490,0,2796,0,444,0,36,0,1 # cft deg6 r=0
4096,0,0,0,359424,0,0,0,622848,0,0,0,252416,0,0,0,15264,0,0,0,228,0,0,0,1 # cft deg6 r=0
23409,0,509652,0,2987442,0,6588126,0,6543405,0,3863160,0,1565947,0,452430,0,91188,0,12410,0,1089,0,54,0,1 # cft deg6 r=0
239121,0,4049136,0,9731970,0,12641448,0,10466469,0,5976420,0,2361670,0,630780,0,102858,0,8696,0,456,0,36,0,1 # cft deg6 r=0
38809,0,1771872,0,23168034,0,66868584,0,49558131,0,16426374,0,2792852,0,258810,0,23499,0,4542,0,639,0,42,0,1 # cft deg6 r=0
21827584,0,103354368,0,155811840,0,93152256,0,29168640,0,7411200,0,1556672,0,177792,0,18816,0,1680,0,288,0,24,0,1 # cft deg6 r=0
651249,0,34958844,0,165220434,0,184216080,0,103339197,0,31289352,0,5058430,0,387888,0,11778,0,2036,0,456,0,36,0,1 # cft deg6 r=0
23409,0,1782000,0,11818062,0,17756676,0,13608333,0,6240420,0,2171026,0,579048,0,108966,0,13652,0,1068,0,48,0,1 # cft deg6 r=0
331776,0,7299072,0,44540928,0,59378688,0,37610496,0,12936960,0,2554048,0,350592,0,52752,0,8432,0,888,0,48,0,1 # cft deg6 r=0
12321,0,1228662,0,2097369,0,776148,0,70182,0,98904,0,-9020,0,3678,0,4617,0,-218,0,-69,0,6,0,1 # cft deg6 r=0
729,0,11664,0,61722,0,165186,0,252369,0,224784,0,126703,0,45378,0,10728,0,1538,0,153,0,18,0,1 # cft deg6 r=0
1,0,876,0,17364,0,-21228,0,69060,0,8022,0,-12694,0,9948,0,-1644,0,372,0,57,0,-6,0,1 # cft deg6 r=0
1814409,0,6981282,0,10795905,0,9049470,0,4386564,0,1122006,0,89467,0,-16692,0,-1359,0,670,0,6,0,-12,0,1 # cft deg6 r=0
1172889,0,1501038,0,-890451,0,850164,0,12870,0,4512,0,57292,0,-1926,0,597,0,394,0,-81,0,-6,0,1 # cft deg6 r=0
7634169,0,42138468,0,62835750,0,35878050,0,12744873,0,3987936,0,890335,0,159666,0,32844,0,4310,0,465,0,30,0,1 # cft deg6 r=0
2809,0,457752,0,14646660,0,40462602,0,45550068,0,26527344,0,8972039,0,1929576,0,276792,0,26562,0,1644,0,60,0,1 # cft deg6 r=0
2273133,693756,6453936,-3047232,-2996328,12757176,11612068,-1694652,-1897740,3758912,2704266,-347736,-540550,142116,160320,-7048,-27996,-4500,1256,180,-3,92,54,12,1 # cft deg6 r=0
6561,0,6062364,0,10618614,0,10836018,0,7224957,0,3536496,0,1280143,0,350382,0,66192,0,8162,0,705,0,42,0,1 # cft deg6 r=0
25411681,0,0,0,2110950,0,0,0,72069,0,0,0,-9742,0,0,0,-18,0,0,0,-12,0,0,0,1 # cft deg6 r=0
29241,0,228744,0,229878,0,-17586,0,128097,0,65988,0,-22697,0,24066,0,-2412,0,134,0,81,0,-18,0,1 # cft deg6 r=0
289,0,903048,0,26632122,0,23894394,0,13234293,0,4600536,0,1253435,0,308526,0,59748,0,8214,0,765,0,42,0,1 # cft deg6 r=0
36864,0,774144,0,5649408,0,17190912,0,23021568,0,15159552,0,5435584,0,1129728,0,146064,0,13280,0,840,0,24,0,1 # cft deg6 r=0
597529,0,1504974,0,468171,0,330818,0,160803,0,22374,0,13380,0,990,0,-9,0,68,0,-30,0,0,0,1 # cft deg6 r=0
19598329,0,45268512,0,49478850,0,34264012,0,16813071,0,6526566,0,1976136,0,487710,0,93303,0,12298,0,1095,0,54,0,1 # cft deg6 r=0
45306361,0,102891186,0,103641603,0,64469646,0,29010189,0,9936450,0,2499668,0,483444,0,90582,0,13284,0,1173,0,54,0,1 # cft deg6 r=0
210681,0,-246402,0,-68769,0,262170,0,-163593,0,25074,0,21700,0,-9414,0,687,0,1060,0,162,0,24,0,1 # cft deg6 r=0
431649,0,2026782,0,2514483,0,824346,0,-127215,0,-23130,0,3808,0,-2760,0,1290,0,208,0,69,0,6,0,1 # cft deg6 r=0
289,0,10056,0,60144,0,318384,0,378384,0,103086,0,21566,0,11604,0,1608,0,516,0,105,0,18,0,1 # cft deg6 r=0
431649,0,1520046,0,2230821,0,1940994,0,1128528,0,478314,0,160975,0,44796,0,10005,0,1754,0,246,0,24,0,1 # cft deg6 r=0
799090921,935634936,10310178,-444565384,36054309,301432296,77716036,-77111532,-20015226,28785188,11754348,-4480932,-2263028,1039740,623418,-69748,-73971,12996,13042,552,-1077,-196,30,12,1 # cft deg6 r=0
5329,0,13380,0,-17748,0,-16776,0,33420,0,-18090,0,5726,0,-1596,0,648,0,204,0,57,0,18,0,1 # cft deg6 r=0
54289,0,966720,0,3813978,0,125796,0,-1413489,0,587442,0,69848,0,-121290,0,42951,0,-7674,0,771,0,-42,0,1 # cft deg6 r=0
9,0,496638,0,21733497,0,29458902,0,19140426,0,6448542,0,1365577,0,253866,0,49530,0,7826,0,777,0,42,0,1 # cft deg6 r=0
2442969,0,17287182,0,40321377,0,43448232,0,24915762,0,8814588,0,2294080,0,510570,0,95469,0,13082,0,1143,0,54,0,1 # cft deg6 r=0
4592449,0,51181494,0,79528617,0,55004296,0,29938482,0,11506716,0,3494364,0,862146,0,154881,0,18202,0,1311,0,54,0,1 # cft deg6 r=0
289,0,80256,0,3367854,0,29531784,0,21613929,0,7516560,0,1880078,0,417144,0,78318,0,10776,0,960,0,48,0,1 # cft deg6 r=0
39601,0,1205286,0,1645635,0,269834,0,-56709,0,11718,0,44808,0,3366,0,-2889,0,248,0,66,0,-12,0,1 # cft deg6 r=0
29241,0,117774,0,99549,0,-20322,0,51768,0,24390,0,-89,0,3636,0,2097,0,262,0,-18,0,0,0,1 # cft deg6 r=0
3249,0,26028,0,128610,0,282648,0,245943,0,118410,0,48544,0,14922,0,4047,0,806,0,135,0,18,0,1 # cft deg6 r=0
32041,0,1842690,0,4530207,0,5521638,0,4189575,0,2147250,0,761756,0,182262,0,27111,0,2172,0,102,0,12,0,1 # cft deg6 r=0
1,0,840,0,50514,0,78312,0,128739,0,107850,0,41408,0,-1122,0,-3225,0,714,0,3,0,-6,0,1 # cft deg6 r=0
1456849,0,2284650,0,2420049,0,2300034,0,1465074,0,669594,0,250481,0,69390,0,14610,0,2646,0,369,0,30,0,1 # cft deg6 r=0
130321,0,561516,0,939522,0,943872,0,677481,0,361140,0,146546,0,46284,0,11298,0,2076,0,276,0,24,0,1 # cft deg6 r=0
39929761,0,69558132,0,38812230,0,19616502,0,8645073,0,2201628,0,734783,0,129486,0,24444,0,3774,0,357,0,30,0,1 # cft deg6 r=0
18429849,0,73470078,0,47747313,0,30173958,0,11016810,0,3759246,0,1053073,0,231546,0,42810,0,6578,0,705,0,42,0,1 # cft deg6 r=0
73441,0,1543590,0,3171081,0,3040390,0,1789380,0,733086,0,222183,0,52164,0,9945,0,1378,0,126,0,12,0,1 # cft deg6 r=0
494209,0,2900688,0,8035080,0,11884146,0,8361648,0,2795208,0,387671,0,5712,0,1968,0,1950,0,324,0,24,0,1 # cft deg6 r=0
3988009,0,6807636,0,1275834,0,-3469932,0,2114943,0,178344,0,18188,0,56520,0,16311,0,3204,0,474,0,36,0,1 # cft deg6 r=0
210681,0,29160,0,285768,0,826254,0,442692,0,141696,0,122707,0,25212,0,-708,0,46,0,168,0,24,0,1 # cft deg6 r=0
81,0,28836,0,1776654,0,3351060,0,1643013,0,116820,0,37378,0,52656,0,7350,0,-1016,0,-132,0,12,0,1 # cft deg6 r=0
239121,0,986472,0,1840194,0,1965390,0,1204209,0,432408,0,129787,0,43242,0,12576,0,2686,0,381,0,30,0,1 # cft deg6 r=0
23409,0,65286,0,52569,0,121482,0,19746,0,1134,0,9721,0,294,0,-1038,0,226,0,201,0,30,0,1 # cft deg6 r=0
5041,0,81300,0,386784,0,773928,0,525000,0,-88650,0,104402,0,16248,0,-7560,0,-384,0,129,0,18,0,1 # cft deg6 r=0
1,0,1776,0,13812,0,43878,0,78240,0,89472,0,72611,0,44472,0,19428,0,5286,0,768,0,48,0,1 # cft deg6 r=0
106929,0,323838,0,-173655,0,-71724,0,159102,0,-41712,0,-10064,0,17598,0,-4167,0,274,0,267,0,6,0,1 # cft deg6 r=0
729,0,18954,0,138753,0,418176,0,603828,0,560880,0,316090,0,70698,0,588,0,-836,0,96,0,24,0,1 # cft deg6 r=0
982081,0,5935242,0,9804195,0,10039842,0,7349925,0,3432438,0,914528,0,113772,0,-198,0,-1176,0,21,0,18,0,1 # cft deg6 r=0
7921,0,15456,0,34974,0,57384,0,69807,0,108558,0,104996,0,99570,0,29871,0,2586,0,75,0,18,0,1 # cft deg6 r=0
32041,0,105600,0,143970,0,107508,0,45327,0,22818,0,3104,0,-726,0,5955,0,2550,0,399,0,30,0,1 # cft deg6 r=0
2809,0,34038,0,116085,0,83664,0,42360,0,55080,0,33434,0,11358,0,6204,0,2484,0,456,0,36,0,1 # cft deg6 r=0
45369,0,1713798,0,7766343,0,9885246,0,999783,0,-445434,0,-58592,0,29862,0,3027,0,-704,0,-18,0,12,0,1 # cft deg6 r=0
1962801,0,647244,0,1057680,0,-30936,0,-119736,0,76818,0,30670,0,1788,0,1236,0,1228,0,309,0,30,0,1 # cft deg6 r=0
751689,0,3308472,0,5332806,0,4726122,0,3180033,0,1833276,0,790855,0,233922,0,48204,0,7114,0,717,0,42,0,1 # cft deg6 r=0
1635841,0,-2226858,0,1120389,0,398982,0,-624948,0,304302,0,-44605,0,-4992,0,3669,0,-222,0,-42,0,12,0,1 # cft deg6 r=0
38809,0,119796,0,223200,0,315078,0,176184,0,90780,0,46151,0,11364,0,1008,0,150,0,108,0,24,0,1 # cft deg6 r=0
239121,0,880848,0,564606,0,-193476,0,122751,0,193242,0,34648,0,27510,0,19863,0,5398,0,687,0,42,0,1 # cft deg6 r=0
361,0,201318,0,4034769,0,8004228,0,4675194,0,305628,0,-178528,0,46302,0,14865,0,-786,0,-225,0,6,0,1 # cft deg6 r=0
63001,0,141882,0,43497,0,58220,0,84060,0,14004,0,11214,0,7254,0,1512,0,404,0,192,0,36,0,1 # cft deg6 r=0
3249,0,2808,0,21312,0,42054,0,-13788,0,63804,0,-16085,0,5736,0,1944,0,-266,0,96,0,24,0,1 # cft deg6 r=0
1,0,150,0,5121,0,55428,0,131256,0,119292,0,55394,0,29238,0,14436,0,2400,0,72,0,24,0,1 # cft deg6 r=0
1,0,90,0,2385,0,22050,0,64716,0,88254,0,79187,0,54216,0,23913,0,5526,0,582,0,36,0,1 # cft deg6 r=0
488601,0,2929122,0,683973,0,-472656,0,319104,0,46200,0,-38090,0,10302,0,1524,0,-428,0,48,0,12,0,1 # cft deg6 r=0
657721,0,2433606,0,2743191,0,1915802,0,-187065,0,-192294,0,118440,0,86742,0,26595,0,5012,0,570,0,36,0,1 # cft deg6 r=0
10042561,0,-7921704,0,5732322,0,-1591014,0,275769,0,75660,0,-15493,0,-5682,0,4272,0,-246,0,-99,0,6,0,1 # cft deg6 r=0
5329,0,72726,0,156237,0,23640,0,87588,0,-6600,0,33710,0,38994,0,12012,0,1896,0,252,0,24,0,1 # cft deg6 r=0
9,0,4158,0,40023,0,136410,0,213705,0,174342,0,100060,0,56400,0,21594,0,4468,0,489,0,30,0,1 # cft deg6 r=0
1,0,2274,0,95175,0,109482,0,14679,0,77874,0,-45352,0,20994,0,-1737,0,-48,0,162,0,24,0,1 # cft deg6 r=0
2071,-10470,51180,-73878,119157,-112050,145830,-257202,271926,-264678,336819,-364698,318434,-256422,179781,-107814,59577,-27522,8808,-1908,333,12,12,0,1 # cft deg6 r=0
19801,-67914,357063,265322,308847,-367704,170110,-788898,1185990,-238972,501003,-203016,223569,-206352,154947,-20462,17091,4914,-1736,588,-24,-74,21,-6,1 # cft deg6 r=0
802881,1447362,4037013,4101336,6467751,3718620,4030764,278424,1536084,-43692,1448211,424194,653605,202380,173700,59388,19962,6678,955,372,-153,-48,15,-6,1 # cft deg6 r=0
23037219,150765840,519458733,1195793826,1992398220,2451912528,2244564736,1538131932,784301490,278920978,46423650,-18037314,-17256784,-6450036,-1032651,197230,177552,57744,9158,-894,-882,-188,-3,6,1 # cft deg6 r=0
25299,-143208,329373,-213336,-161109,385866,88329,-617958,157050,184794,328848,-73320,157603,-68646,96831,-5178,36465,3528,6700,1326,450,78,15,6,1 # cft deg6 r=0
11696457,-41872572,87118812,-144903582,213837198,-284711088,347032165,-397580712,419534541,-379732816,275573649,-153738360,64084766,-19316400,3971097,-495946,41466,-17496,9497,-2400,99,80,-3,-6,1 # cft deg6 r=0
22699,10725,-215979,236251,336411,-971409,596195,712278,-1284654,433537,479691,-480534,8293,213882,-76227,-54418,32046,7542,-6478,-552,729,14,-42,0,1 # cft deg6 r=12
-14912,-48672,-51792,93840,356988,403524,73597,-325620,-442578,-195126,152823,227502,41151,-80892,-38112,16554,12327,-2538,-2675,234,369,-12,-30,0,1 # cft deg6 r=4
1,201,10812,-24130,10305,17562,-30403,49059,35250,-28087,25884,16287,-21650,4098,12738,40,-1002,18,-610,-24,207,4,-24,0,1 # cft deg6 r=4
-1853,-16731,-47868,-46081,507,-13092,-77578,-72378,11166,61382,26157,-60465,-29033,4176,23781,8206,-3441,-2781,-649,384,243,-23,-27,0,1 # cft deg6 r=4
349201,-1247844,2527956,-3879504,4585269,-5449734,5902301,-6054192,6112770,-4573188,4122519,-2105820,1814964,-625932,520926,-112098,91518,-15084,8201,-1284,303,-42,12,0,1 # cft deg6 r=0
1,27,-222,-73,1254,-1887,728,2196,-3549,551,1938,-30,-2060,693,1056,-602,-354,396,2,-120,36,10,-9,0,1 # cft deg6 r=8
-11456,-49632,-83328,129504,261576,-151584,-282473,-382932,1307985,-383886,-1366386,1374165,27096,-740583,374889,59814,-110100,22752,10030,-4668,-36,300,-33,-6,1 # cft deg6 r=8
-3167,23163,-88194,202498,-230583,-22023,404978,-415629,-46479,359395,-174105,-101550,96922,-18960,-11334,28892,-2991,-11250,383,2040,105,-178,-21,6,1 # cft deg6 r=8
1558443,10071216,32793660,69836814,109910862,133580988,130859127,103295106,66743403,33807582,12885783,2594652,-538826,-820782,-365292,-62120,40821,41544,21792,8262,2397,550,96,12,1 # cft deg6 r=0
6813,-40500,91152,-125658,221427,-376245,407934,-267435,216333,-369441,483318,-399987,226479,-87975,22041,-2736,639,-855,465,-126,33,-12,12,-6,1 # cft deg6 r=0
1171,16254,17967,-15742,-68982,-98943,-65869,900,57786,73559,35472,-17850,-37439,-16056,10560,12139,240,-3879,-1045,582,270,-32,-27,0,1 # cft deg6 r=8
1,0,210,0,-75,0,-794,0,1122,0,-789,0,27,0,552,0,-390,0,73,0,18,0,-9,0,1 # cft deg6 r=8
48495567,193628106,330898410,281627580,67223097,-97680780,-99446511,-26044308,15499401,14128734,3406053,-728394,-712991,-238086,-43170,11416,14064,4464,123,-48,108,46,15,6,1 # cft deg6 r=0
46801,-115287,336300,-353891,421914,-146565,148469,-190647,221532,-271829,95865,42873,-54104,42183,1563,-19306,2166,3708,-40,-180,-57,-46,0,6,1 # cft deg6 r=0
4483,37563,-277851,896105,-2028399,3515634,-4427557,3831984,-2461845,1744310,-1388406,422607,588919,-681966,188016,106600,-85179,9036,9836,-3402,-201,268,-27,-6,1 # cft deg6 r=4
1,33,48,-261,-1020,-1182,1060,1368,1077,-48,768,2808,405,-1998,-303,1239,-660,-1377,208,582,27,-90,-9,6,1 # cft deg6 r=12
79059,1190502,5839353,-6258486,-1476837,4575312,1427463,736614,1312872,-278592,1434576,497664,568540,125898,82059,5794,14127,-792,1146,-606,24,-56,12,0,1 # cft deg6 r=0
103527,587628,1696167,3449304,5406417,6082092,4845870,2844306,2042118,2184336,1772838,640188,-176597,-356568,-205098,-43232,20997,23796,13056,5202,1629,418,84,12,1 # cft deg6 r=0
39367,-76626,157053,56262,-262956,127350,813072,1579020,2663094,4079058,4941552,4696878,3835169,2732922,1645752,846966,376692,143244,47190,13326,3171,636,102,12,1 # cft deg6 r=0
345927,-1252854,2704338,-4351920,5723196,-4229874,306286,2094354,-686106,-1158998,883917,94602,-207049,-30762,51447,1936,-2160,-3240,956,270,33,64,21,6,1 # cft deg6 r=0
5677479,14786550,27960930,34746012,32077170,17258868,5487796,-793908,-263664,884374,1602843,971976,415370,4416,-43764,-34850,2574,7110,6896,2730,1059,232,57,6,1 # cft deg6 r=0
114571,-614208,2284740,-5112186,7015194,-7252524,7375569,-7035462,6207027,-4753806,2863212,-1270080,358448,-12216,-37071,18960,-5481,828,-423,396,78,-42,6,0,1 # cft deg6 r=0
90199,836208,4141017,2732334,8620554,73044,2804235,-2680824,-1314831,-248478,325356,-122112,81251,-3870,13374,-6528,-546,1044,792,96,-93,-36,6,0,1 # cft deg6 r=0
14685337,-31566540,41347419,-43652905,50056002,-55879386,53310211,-40857381,25495641,-11919394,3344133,-551355,994918,-1207728,540546,1412,-68715,-2682,18592,-5817,-138,344,-36,-6,1 # cft deg6 r=0
2683,744,23865,-88832,508851,-1278354,2908816,-4217724,5751426,-5206226,4747896,-2517768,1513635,-132504,114504,168044,-3441,17658,7807,-990,-63,98,15,6,1 # cft deg6 r=0
2228437,-3025164,19697082,23735516,79449471,76832544,118458508,81298296,82812576,35214938,27955788,5397930,4045902,-204732,167469,-72386,-10977,5544,-860,744,45,-68,15,-6,1 # cft deg6 r=0
436357,4279278,17513790,43779826,88639584,135696036,159803101,140884308,87110946,31714108,1096752,-5995470,-3469548,-775242,146268,168662,60075,7200,-2534,-1734,-390,-22,21,6,1 # cft deg6 r=0
8677,110082,559179,1483964,2609991,3478668,3619606,3181362,2484696,1810274,1447968,994716,802350,422436,308376,105124,72633,15876,10168,1962,771,184,27,6,1 # cft deg6 r=0
39043,136134,419085,575636,845523,721338,554767,-39090,116967,-525130,207834,-363636,233361,-156546,101700,-43940,24954,-4392,3175,372,168,154,27,6,1 # cft deg6 r=0
780589,4526862,15375579,34376110,62423808,100795674,141909145,166367454,158663871,121939480,75027168,36666078,14173062,4409706,1211211,359432,126564,44154,12973,3000,537,86,21,6,1 # cft deg6 r=0
105697,202701,308190,514954,1028748,1261641,1158499,947232,888543,543250,100227,-168540,-134627,-45483,10929,18232,7299,-189,-1577,-501,156,67,-6,-6,1 # cft deg6 r=0
47903131,79280229,52192887,4923368,-10139859,-707292,5429953,2467746,-419949,-270721,585645,539814,148513,-11745,8991,21296,7047,-1827,-1109,264,222,-4,-18,0,1 # cft deg6 r=0
122151,978804,4019040,11117100,23119449,38027772,51228511,57613758,55068138,45214234,32340804,20335020,11416697,5767128,2661900,1119472,432147,150102,47021,12882,3090,616,102,12,1 # cft deg6 r=0
23167,201936,696846,1601958,3392778,5778774,8909577,11799030,13569267,13505886,11709117,8721798,5621351,3084978,1435764,552204,171012,38196,5268,-312,-168,0,27,6,1 # cft deg6 r=0
868627,4194288,14315034,32463696,62179773,95031918,123351012,132295176,119640162,90981528,58306374,31569972,14299811,5333436,1567632,321186,20130,-16596,-8367,-2178,-267,30,27,6,1 # cft deg6 r=0
949401,3153654,5436072,6500574,9776619,13320990,16060231,15475608,12157650,7980214,4663734,2681682,1698497,1149630,761190,449272,229797,100044,36899,11442,2946,616,102,12,1 # cft deg6 r=0
1190647,5562558,13822053,21038924,20794758,11658342,916567,-4458318,-3786135,-1389634,57996,420570,378399,157320,20562,-17444,3105,-6426,196,1122,-225,-8,15,-6,1 # cft deg6 r=0
682371,2564298,5862942,6767136,7216776,5583492,6110848,4145382,1807722,-674210,-477201,35364,49493,-69906,-3111,9160,3132,1080,-1789,354,195,-182,66,-12,1 # cft deg6 r=0
3953181,-11226690,10320282,3776520,-5840301,-6106626,8292589,2880108,-4452714,-320540,1508445,-181986,268997,-270108,29037,15454,-342,-1350,2270,-1998,870,-260,66,-12,1 # cft deg6 r=0
1331929,-90882,1723677,1490384,4444476,-906234,8916100,-2876154,3173322,-2599324,1699605,-1325358,998265,-541044,346488,-160940,63504,-28098,8215,-1920,612,-116,15,-6,1 # cft deg6 r=0
1646137,-558252,2377179,-2426122,7666935,-3971778,8969128,-7792770,8257515,-7153078,5552283,-3831492,2472837,-1208070,667248,-212468,103917,-15084,8101,786,297,166,15,6,1 # cft deg6 r=0
66853,-204900,161838,-4380,491694,-321516,324948,-200808,362211,-259398,126543,88320,67808,-64608,14283,7578,10239,1134,-369,144,42,-24,21,-6,1 # cft deg6 r=0
55819,103806,89118,158924,-1713,287616,513994,-348504,818745,-669640,1168290,-919344,854223,-527922,349494,-154238,77022,-21564,8542,-732,333,136,15,6,1 # cft deg6 r=0
137233,-358356,1328001,-2205700,2626569,-2540154,2580277,-2688762,2289483,-1455970,904293,-523842,252357,-97896,47862,-18374,12861,-8334,4360,-1740,681,-182,45,-6,1 # cft deg6 r=0
64063,-61008,-24903,287430,446874,-1663992,3076995,-2032842,734829,-337674,258537,146616,-116548,-53394,12672,30756,15234,3960,1620,474,168,72,21,6,1 # cft deg6 r=0
73351,586338,2106426,4527396,8022927,10649808,12430980,10654968,8014629,3680376,1199637,-226488,-342868,-96186,72597,62166,47811,19098,7293,2208,597,150,27,6,1 # cft deg6 r=0
7512597,6988437,8889048,1126683,882684,1564326,3338190,-1300212,-1292535,859878,1475694,-214092,-557787,-56484,177975,44199,-28116,-12987,2652,2034,-15,-168,-15,6,1 # cft deg6 r=0
573913,-2165574,4743018,-7155353,7610859,-5954025,4114063,-3216906,2731284,-1983131,1171419,-631044,357706,-229491,155877,-84620,20781,8406,-7076,744,612,-125,-27,6,1 # cft deg6 r=0
-953,-3606,47991,342009,1193445,2739540,4536217,5585751,5079408,3226656,1157619,-87921,-350616,-147825,31404,62004,27933,2583,-3209,-1662,-234,99,57,12,1 # cft deg6 r=4
289,867,-1734,-3689,14658,49533,55307,27918,-13602,-21701,-5277,8535,8539,2028,-1158,-2164,-1263,-225,215,162,45,-19,-12,0,1 # cft deg6 r=4
-44549,-278475,62565,1085142,793449,-1749318,-1747334,1589544,1732452,-1180638,-1420017,391284,668406,-98568,-248325,-3636,59910,8676,-8222,-1824,660,165,-33,-6,1 # cft deg6 r=8
4177,31176,126078,395381,958824,1555989,1323881,-212463,-1995006,-2374990,-1155696,284205,786661,475221,71730,-68432,-40764,-3096,4508,1284,-282,-185,-15,6,1 # cft deg6 r=8
-10851,43434,46818,-29295,-103833,81198,15534,-18450,-10227,39537,-58773,42456,-19697,16602,-14910,6263,267,-1611,942,-180,-132,89,-9,-6,1 # cft deg6 r=4
-8621,62310,-28512,-465474,-135849,1124337,758363,-703917,-494112,-72186,-251085,181494,378813,46278,-55407,-24744,-34284,-12447,7760,4596,51,-312,-36,6,1 # cft deg6 r=8
3837,136494,302625,311448,583299,918891,495417,-84807,68595,131784,-280899,-202782,176497,133245,-64401,-53734,13533,12960,-1860,-1902,216,161,-21,-6,1 # cft deg6 r=8
72559,372129,771648,703863,-46818,-561849,37289,537408,29733,-488736,-399036,-41895,160683,100881,-15951,-39156,-12954,2772,3683,1002,-180,-147,-12,6,1 # cft deg6 r=4
1063,-6384,-88377,-62326,526218,734421,38192,-620478,-281811,38387,-169230,-84054,144106,80862,-21012,-12725,690,-2862,-1273,882,405,-59,-39,0,1 # cft deg6 r=12
2099269,-10360509,22049148,-25189554,10693572,9709419,-16077827,5475672,5822268,-5855511,-36033,2425032,-759897,-616788,341526,117096,-82128,-19800,11746,2892,-891,-282,18,12,1 # cft deg6 r=4
-179,1185,-2148,416,4038,-8181,2705,1557,5505,-8101,9033,-10920,10681,-7779,2688,-245,-264,639,-511,243,-81,-2,15,-6,1 # cft deg6 r=8
46369,294003,1063656,2651129,5051301,7678425,9538660,9728838,8023554,5103062,2160513,175752,-567464,-458844,-126741,48296,54234,16560,-1154,-2358,-621,23,51,12,1 # cft deg6 r=0
381,9045,88974,476877,1540305,3223953,4584822,4563243,3250842,1706058,686832,207387,11674,-68253,-86673,-58678,-19470,801,3342,1134,60,-70,-24,0,1 # cft deg6 r=8
813,-2556,7308,-22941,50517,-81288,79119,-24498,-59565,95079,-58449,-2823,21643,-7515,-5001,1837,1392,-963,-450,216,9,-59,-3,6,1 # cft deg6 r=4
1,-42,279,-36,-3453,5100,13304,-24273,-26868,40140,33639,-19287,-20631,-3195,4335,1446,330,333,-79,-282,-12,75,-6,-6,1 # cft deg6 r=12
1839,4500,9369,-40302,62442,-44181,2211,78426,-106455,88389,70155,-131568,38671,46968,-29436,-15002,22299,-9018,372,1128,-405,-20,48,-12,1 # cft deg6 r=0
3,18,-126,-285,1116,603,-1869,1989,-3099,3300,-7590,5487,-3344,3498,-1308,313,861,-1143,267,9,21,16,-15,0,1 # cft deg6 r=12
-449,-1509,-10248,-28644,-176001,-396102,-865540,-502866,156129,536496,2176314,3915027,3248658,1132857,-116562,-200160,-7950,39546,13322,-966,-1392,-216,30,12,1 # cft deg6 r=4
4573,0,54876,0,246510,0,528514,0,563829,0,235233,0,-70891,0,-107517,0,-37044,0,-4120,0,36,0,27,0,1 # cft deg6 r=4
4573,0,-54876,0,-6618,0,591332,0,-1368405,0,1366410,0,-667336,0,134826,0,5391,0,-6215,0,897,0,-51,0,1 # cft deg6 r=20
26250031,-112709820,262150431,-375203468,359366301,-219759438,66121234,21133242,-38864328,24591532,-7446483,-983070,2341284,-1349556,419253,-30280,-31386,16398,-4622,252,387,-190,60,-12,1 # cft deg6 r=0
12374289,36536994,56356317,44461440,6083046,-19578240,-11951601,6200316,8490276,-467490,-2726022,203142,808825,-149178,-141552,56634,11499,-8262,310,732,45,-156,60,-12,1 # cft deg6 r=0
27480069,-15575598,-41109876,-4176018,95946723,-80323614,12945246,8829648,-2124765,-722064,1247205,-1915638,1099645,-106758,-75555,-8586,20349,-9162,5743,-3060,990,-234,60,-12,1 # cft deg6 r=0
344611,-1400334,3185214,-4627652,5384961,-4925748,4053172,-2765016,3004986,-3896540,4219719,-2478348,309849,383616,-158736,-52210,66567,-23472,3397,84,-18,-112,60,-12,1 # cft deg6 r=0
83133,6399,129681,160569,52920,-730647,397269,923589,-544023,-524529,513603,101727,-232350,25929,63999,-19959,-10197,5013,1323,-1062,-30,120,-9,-6,1 # cft deg6 r=0
461757,2737674,12132018,37230030,80513376,128640480,159221551,157683606,127130634,83908580,45145677,19459068,6436616,1452528,108840,-78088,-42915,-11628,-1573,372,348,122,39,6,1 # cft deg6 r=0
1588897,7434144,22480395,47483462,77533743,100192656,104359336,88060986,60050262,32778056,14117724,4655268,1232559,436524,327282,262654,164721,80766,31834,10230,2691,574,96,12,1 # cft deg6 r=0
12583,59790,169101,302176,430158,471822,304921,-45282,-155334,282196,876117,953058,502944,90432,5595,68300,81504,47268,18883,6270,1836,458,90,12,1 # cft deg6 r=0
9567,10422,47250,-55980,128097,-112716,166317,10188,85005,105702,45975,534,11779,17094,19695,11046,3162,-1080,1198,762,708,174,57,6,1 # cft deg6 r=0
51319,163230,-1026,160936,1058670,-1042638,1803199,-318804,-83157,564622,-135351,-56034,81543,157824,215064,126092,45885,13680,5899,2424,699,218,66,12,1 # cft deg6 r=0
1474381,3172116,4251438,-2517506,3250269,1287210,3658642,2401080,720255,734674,854904,383940,374673,209328,47736,9032,2004,-3384,301,1164,555,218,66,12,1 # cft deg6 r=0
750691,5135826,19442790,47320694,87634179,126760248,147794920,141420588,111799467,74347412,42354750,21080334,9428883,3883440,1509762,554998,191604,60480,17272,4428,1047,214,45,6,1 # cft deg6 r=0
331776,1492992,3649536,5916672,6538752,4696704,1458624,-984096,-1293408,-69552,1314240,1905786,1672591,1083918,548247,215976,62592,10656,-434,-930,-318,-42,6,0,1 # cft deg6 r=0
897024,-423936,1603584,2319360,900096,3024000,3602752,1994208,2526048,2935136,2339304,1916574,1694003,1263372,827940,479102,242916,105012,38999,12012,3138,644,108,12,1 # cft deg6 r=0
18094897,70989576,140340591,174767732,147073914,83437434,26895337,-2492028,-8497602,-4383802,-300489,1066296,843180,321126,36660,-32156,-19923,-6030,523,966,561,166,45,6,1 # cft deg6 r=0
6246099,17181558,26057781,21848616,8996373,-1462941,-2244087,1536327,3380535,1878192,-90387,-716499,-395592,-31653,77679,46956,3987,-8280,-3378,648,519,-30,-33,0,1 # cft deg6 r=0
227883,1999674,8762796,25221522,52530522,82539264,99679807,92749902,65820438,34794002,13375458,4141146,1942832,1620804,1217571,700904,320577,121500,39365,11088,2721,566,96,12,1 # cft deg6 r=0
98173,502578,1787958,4354302,8642343,15093810,22254198,27236250,28329234,24794844,16904112,7850292,1733777,-483444,-505872,-120768,43518,43218,15705,3042,249,12,15,6,1 # cft deg6 r=0
171021,32094,965223,-508776,2574780,-2174406,3007864,-4016064,3631914,-3350524,3035763,-2376342,1752623,-1236336,773118,-406468,178908,-69030,24467,-7650,1953,-412,78,-12,1 # cft deg6 r=0
734959,-1838916,6404235,-6916640,10544247,-7826970,4750828,-3013944,-895524,1141192,317625,-141354,132300,-166896,6540,-28,14460,846,172,-768,-117,2,27,6,1 # cft deg6 r=0
12039409,4945386,37863384,27124606,43681059,37820364,25622068,17553762,7483431,3506242,2320923,1387134,975069,584022,256821,103208,37182,11880,4483,1590,432,110,27,6,1 # cft deg6 r=0
126417,-1367514,4230054,-2277858,-1999416,97764,2470564,-344388,-128682,158470,-420135,-143514,24032,-12810,3636,12796,8616,6048,4454,2490,1044,334,78,12,1 # cft deg6 r=0
97939,246888,279939,241144,393579,111870,-398336,-138,343605,-134876,-272484,91044,161616,-618,-26826,9020,4458,-2448,172,546,-6,32,30,0,1 # cft deg6 r=0
1143,-15768,71181,-122790,120420,-95856,80143,-118128,121743,-92378,67932,-35688,48002,-29328,28284,-3416,2343,1548,-571,-198,48,-8,24,0,1 # cft deg6 r=0
179577,-691578,1194750,-669978,-853632,1728000,-616805,-1139232,1458225,-284606,-689160,579876,-11626,-229176,120165,6778,-28878,10206,713,-1536,606,-188,45,-6,1 # cft deg6 r=0
44391,-103446,180000,-288438,533346,-627054,657073,-554454,498267,-333052,151125,13758,-78298,55884,-8664,-9862,10809,-1080,134,834,-21,44,24,0,1 # cft deg6 r=0
59139,566514,2314017,5193534,6724854,4290216,-616118,-3420660,-2344887,199342,1699827,1463346,645878,108792,-43632,-15968,18183,22626,14123,6042,1944,484,90,12,1 # cft deg6 r=0
5161347,-812430,-711396,5520618,594,348912,8535765,4975038,2559636,4393506,4311960,3061428,2263666,1638348,1059369,590028,279387,113346,39157,11532,2901,600,102,12,1 # cft deg6 r=0
48141,315252,876771,1436094,1663794,1520298,1008174,127008,-523566,-376440,99483,209670,44248,-48192,-6252,-2706,4833,-3906,3658,-1740,591,-186,39,-6,1 # cft deg6 r=0
991467,-3461130,6765066,-8630586,7840665,-5457366,2148897,752526,-3567879,4405890,-1501329,-1648470,2115220,-967110,265683,-25026,-26073,12564,-2849,582,69,-78,21,-6,1 # cft deg6 r=0
4789,0,-71835,0,261657,0,65047,0,-653043,0,553965,0,-98614,0,-75729,0,43806,0,-9463,0,999,0,-51,0,1 # cft deg6 r=20
387909,0,3491181,0,11507751,0,17128233,0,10638054,0,361125,0,-2153394,0,-693765,0,-56205,0,5547,0,1134,0,60,0,1 # cft deg6 r=4
500671,-581652,2026965,-5124722,8948661,-9228126,5196493,-730002,374535,-2316218,2489892,-748632,-256353,153876,10383,-2362,-3393,-2034,667,186,9,-22,0,0,1 # cft deg6 r=0
113023,-161670,562287,-301826,1474413,-385770,1639684,-596814,882360,-495470,231417,-144480,68589,-23466,18510,-6010,4464,-2466,805,-558,162,-52,24,0,1 # cft deg6 r=0
322867,-266568,950583,122158,2952213,-113592,687373,-1877352,-538155,501802,582969,-453162,175224,-37794,9519,-14398,1725,3636,-593,-282,99,-22,0,0,1 # cft deg6 r=0
21493,10710,-21279,50740,35616,-10512,114967,-26196,184101,-31010,176085,-4110,120753,6102,66738,2264,25884,2286,5293,1194,534,182,39,6,1 # cft deg6 r=0
57979,185052,398208,483484,701574,739680,731455,563034,514809,404644,281940,161376,86553,22350,3867,860,438,1170,382,48,45,8,24,0,1 # cft deg6 r=0
42769,-37518,6783,-35144,-73302,-161244,286150,-450690,715002,-473042,694065,-179754,407862,8526,156108,34688,41052,13554,7192,2568,750,230,39,6,1 # cft deg6 r=0
10726363,-25323888,23391954,9785249,-16933470,-15389160,27134599,1350945,-9586494,-4628452,8103702,-1153278,-1943372,208896,871395,-335074,-85887,58851,5008,-6807,414,332,-42,-6,1 # cft deg6 r=0
2083509,416826,3903174,3373200,-56457,2438550,-167775,-1129860,849699,399132,331692,54906,140731,11988,45000,-2242,12537,-5454,1929,-924,183,-40,18,0,1 # cft deg6 r=0
7360939,15477834,11516976,-1319206,-2953845,11059830,15984409,1319376,-10400499,-6252442,1333248,2586504,727551,-174150,-145824,-37424,-5652,2214,2635,1134,345,88,21,6,1 # cft deg6 r=0
1,-84,2040,-11674,24471,-60342,177871,-74178,172335,-139108,-4281,4068,-40788,55158,14127,-6260,9399,-2826,-1574,876,18,-56,45,-6,1 # cft deg6 r=0
94827,-154044,167058,181038,150252,-24540,345718,306624,73386,174890,436890,373698,137765,53940,39141,6770,-2895,-90,998,678,315,98,33,6,1 # cft deg6 r=0
151147,11628,688521,567175,1280013,1106355,1347673,1006074,834156,520339,314910,158214,77329,26889,15096,3280,3483,873,823,189,120,-5,6,-6,1 # cft deg6 r=0
2228337,-2776275,4259790,-6335658,9623070,-8381421,5905107,-4309794,4151385,-2576160,970956,-661077,939783,-612036,113931,10941,48321,-56313,23463,-3222,-777,342,-27,-6,1 # cft deg6 r=0
309753,1790316,6159411,14518182,25826517,35311884,38247475,33022698,23053545,12961900,5999532,2301624,836291,321084,161136,89584,52491,29052,14267,5862,1926,484,90,12,1 # cft deg6 r=0
243003,1966698,7385346,17387682,28534209,34268730,31392523,23108628,15737652,11543044,9337668,7004250,4561949,2479818,1150650,472648,179475,65178,22841,7302,2070,484,90,12,1 # cft deg6 r=0
7546951,-16073814,10707726,-5812148,10416855,-12470442,7185520,-3502062,3071040,-1895198,1150839,-673962,507222,-211638,156735,-50134,30888,-10764,3298,-1428,330,-64,30,0,1 # cft deg6 r=0
20323,91758,131925,10450,-104955,35868,190093,61842,-81084,6400,106617,60924,-1881,4044,19179,7046,-1869,-1098,688,-204,-84,-64,30,0,1 # cft deg6 r=0
1063,8514,35970,103406,228717,416190,654370,919194,1186176,1428776,1612221,1683252,1594674,1342674,988062,626968,339270,154782,58789,18282,4554,880,126,12,1 # cft deg6 r=0
183331,246684,469167,612730,1286088,1948170,3377791,4529448,5239062,4750324,3696177,2188122,1014450,299916,48249,-43738,-18657,-4896,1876,-1104,996,-310,66,-12,1 # cft deg6 r=0
93277,258900,529119,949738,1779399,2951892,4181368,4826490,4458546,3336118,2183505,1325202,769365,460818,333138,236882,134964,60516,22696,7092,1929,452,84,12,1 # cft deg6 r=0
21445183,-91916766,218600685,-351605318,409259316,-351306696,226541920,-114205572,52511262,-27359300,15991125,-8116368,3256719,-947928,212361,-21130,-2076,5094,-2267,564,-27,-64,27,-6,1 # cft deg6 r=0
163927,1150284,3779340,7596362,10751694,12309936,13893991,16740606,19519803,18903086,14386275,8259780,3446322,914658,40212,-91376,-41835,-5148,4900,3642,1473,418,84,12,1 # cft deg6 r=0
228961,-141642,1472724,-1371662,1687200,945546,-1643915,589476,1701276,-2626538,1259067,95322,-365277,178128,3444,-48568,21225,-216,-2618,834,18,-76,33,-6,1 # cft deg6 r=0
853417,-3160470,9066012,-17489248,27509049,-34009374,34741921,-28493058,18799677,-9317146,3080673,-224754,-430383,299130,-72495,-7646,18423,-6804,1084,42,-3,-56,27,-6,1 # cft deg6 r=0
151552,221184,-497664,-109056,850944,-987264,1017216,-1328928,1355712,-844152,340632,-241878,324071,-280026,133056,-22944,-8736,4104,2124,-2760,1401,-438,90,-12,1 # cft deg6 r=0
333,-9720,93177,-210906,172026,-29682,184557,416286,807174,431388,648573,493518,104038,-225552,-55341,17440,9414,-2772,3363,-1182,102,-44,6,0,1 # cft deg6 r=0
23311,175620,840120,2796160,7076700,14020896,21824407,26653632,25494939,18972364,10842504,4604010,1270878,83892,-108909,-54616,-4764,5562,4333,1368,366,86,27,6,1 # cft deg6 r=0
2341389,310590,2919366,-260448,1229082,-2096772,-310625,-368682,1501362,-654130,1461618,-1043754,794141,-569640,308409,-163060,77394,-30060,11300,-3618,957,-238,45,-6,1 # cft deg6 r=0
18003393,23154714,43421697,25684560,12569589,-10855836,-14050542,-2604132,3178143,730332,78033,-126522,21400,5040,-1086,-13230,-1818,1674,1426,-144,-93,-36,6,0,1 # cft deg6 r=0
615421,1555668,2600217,2933128,3066954,1809078,1377709,661368,1264605,1247908,498495,303330,295656,179568,119499,96044,60483,30168,13735,5550,1746,410,78,12,1 # cft deg6 r=0
379089,-28674,105408,34794,665613,221976,-98994,-351684,442701,588588,561711,315804,235807,127020,70116,12540,-1335,-3978,-152,6,201,48,27,6,1 # cft deg6 r=0
373977,984150,3890673,5059260,8774973,-4566942,-435429,471420,1317276,1265580,-249930,-435186,-104201,40194,54246,7020,-8538,-3222,676,630,-3,-54,6,0,1 # cft deg6 r=0
101737,-299808,909342,-1073936,857535,-382746,877531,-594444,167559,285538,39636,-31560,17133,33120,64518,57560,41004,24948,12088,4440,1323,350,78,12,1 # cft deg6 r=0
98019,-880632,3793527,-10405350,20317212,-29812770,33809955,-30216672,22027842,-14367396,9911379,-7775862,6011044,-3914526,1986561,-752880,205566,-41220,9139,-3822,1602,-462,90,-12,1 # cft deg6 r=0
23024979,-123983946,338187717,-610815492,812505006,-843252930,707748849,-492112854,288325854,-143888340,61334505,-22033626,6316552,-1169724,-54117,148272,-59616,7200,5563,-4254,1692,-462,90,-12,1 # cft deg6 r=0
1289089,10754283,13181382,-47581866,-43666170,86649618,43428889,-79656474,-16953948,39797000,2842140,-12392322,-29329,2675241,-98475,-419813,26382,48240,-3894,-4047,411,226,-30,-6,1 # cft deg6 r=12
97073373,116424954,12156210,-125499429,-66567333,37565418,34813651,-12893148,-8897229,8757094,4968855,-1910952,-1307335,547803,300051,-99176,-49554,6786,7166,999,-387,-131,3,6,1 # cft deg6 r=0
3674889,0,-3674889,0,2412018,0,-1971891,0,2193210,0,-1800720,0,965107,0,-327918,0,74769,0,-10978,0,978,0,-48,0,1 # cft deg6 r=0
45369,0,-1399410,0,13582629,0,-18974145,0,20676600,0,-8824335,0,2475076,0,-584628,0,103041,0,-12373,0,1002,0,-48,0,1 # cft deg6 r=0
-2213837,-8643318,3582822,24247778,-4562181,-37016355,10218634,32049297,-16536531,-11532673,9912888,957765,-2800488,436722,416724,-142280,-32340,20151,1027,-1827,30,136,-12,-6,1 # cft deg6 r=8
1,69,-1362,-4959,3888,-13716,-23724,14298,-6315,-1380,2142,3420,-457,-4791,3516,1731,-2592,576,501,-291,-6,30,-9,0,1 # cft deg6 r=8
391789,-1565724,-5908155,-2107435,-2130789,-7655295,3597601,3515091,193740,1304240,-2374362,856227,-373266,265563,-64263,-16916,13002,-3060,1861,-945,-96,151,-15,-6,1 # cft deg6 r=4
-183221,766668,-807375,-258534,503100,418095,346662,-2612661,2850987,-802248,-698733,610146,-32911,-183462,104307,-10074,-16236,8874,-471,-1149,300,51,-27,0,1 # cft deg6 r=4
1442593,-412197,-1084344,4675998,-916791,-4530327,9634162,-9170145,6990003,-4935627,3452229,-1807074,560346,-9576,-34272,11250,-10125,5508,1993,-1788,21,156,-15,-6,1 # cft deg6 r=0
408321,0,0,0,-44765784,0,20222433,0,34048836,0,-13714029,0,-6703317,0,2493720,0,106299,0,-52734,0,3798,0,-105,0,1 # cft deg6 r=16
5041,0,-30246,0,-69651,0,382690,0,740034,0,-831825,0,-2623797,0,-1978848,0,-577170,0,-61955,0,-798,0,135,0,1 # cft deg6 r=8
4729113,23857362,65455893,124092204,184452777,224870052,224668345,177219648,104039163,40295336,5844708,-3955356,-3181108,-1027728,-60543,71582,19530,1008,1031,432,-54,-28,9,6,1 # cft deg6 r=0
523,4317,4878,2247,48333,64482,-78859,-99738,46086,-42081,-69411,110583,35070,-74169,8592,27987,-9489,-5175,2660,174,-291,66,3,-6,1 # cft deg6 r=8
3385909,-10298184,5646237,14588376,-21400431,2209593,13731179,-7524225,-3928683,4479717,577212,-2315223,823836,416610,-439707,94245,50667,-35487,5456,2382,-1215,129,39,-12,1 # cft deg6 r=8
867,-4662,-3366,21816,-7083,-56232,22716,50292,-72939,-45666,41361,-20409,-65795,-33102,-21483,-20602,-9642,-2754,-1041,-162,48,2,6,6,1 # cft deg6 r=4
5086047,1055250,-11785113,3904128,9425799,-11415357,407316,9539586,-5354211,-2537601,2979318,-92460,-805358,241845,110085,-72235,-2757,11070,-1725,-906,315,29,-27,0,1 # cft deg6 r=4
7921,0,-106533,0,180102,0,65149,0,-156918,0,39540,0,38967,0,-34557,0,13146,0,-2918,0,393,0,-30,0,1 # cft deg6 r=8
-179,-792,-1293,-1102,3159,7944,11678,-17550,-50655,50513,46839,-64695,3073,17679,-5202,2803,-1452,-2385,1652,348,-459,49,39,-12,1 # cft deg6 r=12
1202527,-3355389,1613805,4742725,-7145724,1811691,3594791,-3265047,290913,1025308,-579975,-27192,132922,-4650,-55641,42779,-16932,2655,1256,-1356,708,-259,69,-12,1 # cft deg6 r=4
9091,-44199,203325,-146410,369537,-295578,413849,-451908,520998,-528613,491871,-405591,302095,-204168,122928,-67325,32550,-14013,5360,-1794,537,-143,33,-6,1 # cft deg6 r=0
3,117,-9,-8556,-27144,12897,81639,50481,-164244,79797,-27045,43008,-19337,-68904,89235,-8276,-35598,14679,4005,-3183,66,247,-30,-6,1 # cft deg6 r=12
-4101,-31104,-107415,-253773,-537381,-1061352,-1723467,-2262771,-2421750,-2257491,-1834650,-1190088,-414575,159312,328539,211409,57669,-10647,-15342,-5862,-966,47,57,12,1 # cft deg6 r=4
110109,576963,1928097,5688687,7902540,-5814720,-33498432,-40496571,-11477964,17863125,18153405,4099935,-2802638,-2025150,-405144,71440,81789,35298,5316,-2436,-1269,-146,36,12,1 # cft deg6 r=8
281647,-334845,308709,-513459,-281166,103389,1449992,-68715,-507144,-659952,483729,174609,-106032,-99396,77784,4152,-24186,6795,2990,-1719,-48,159,-15,-6,1 # cft deg6 r=0
2557,52677,-110847,-351549,1395987,-1617003,155689,1356354,-989373,-458019,548040,235872,-117345,-141984,-9744,46818,13956,-7614,-3881,594,525,-18,-36,0,1 # cft deg6 r=8
-85517,165495,-64845,4042,1341,-57324,-6214,32778,64401,-34892,-59403,22770,39844,-14061,-16944,5960,4515,-1467,-889,270,84,-1,-15,0,1 # cft deg6 r=4
-6497,147729,-1291626,6082803,-17751573,34556883,-46647728,44104626,-28332120,10759872,-663549,-1677366,865530,-147888,36408,-73710,51189,-11421,-4187,3576,-939,24,48,-12,1 # cft deg6 r=12
451657,-957405,1389099,-1859507,2261079,-2164083,1705688,-1177110,676140,-326747,178911,-105270,41269,-13845,11682,-6832,1248,-324,572,-228,0,2,12,-6,1 # cft deg6 r=0
289,-2040,7695,-20906,45366,-79524,111968,-123642,104577,-65726,32361,-20232,24394,-30390,30642,-26032,19455,-12672,7013,-3222,1200,-352,78,-12,1 # cft deg6 r=0
4267,-807,-7992,-432,9681,-10674,11600,-9351,12723,-18198,18321,-13770,7149,-4617,4884,-2688,-381,1089,-181,-264,132,15,-18,0,1 # cft deg6 r=0
9,-54,135,-405,918,-1242,2313,-1674,3897,630,5040,1926,2487,-747,135,-603,576,261,42,-36,24,-15,3,6,1 # cft deg6 r=0
25299,-277830,1349082,-3941766,8199360,-13169268,16912623,-17872614,15907833,-12216486,8258820,-4933302,2645662,-1233504,524898,-175698,59934,-9072,3121,1044,117,144,27,6,1 # cft deg6 r=0
35073,164268,451737,700650,940059,1078758,1297623,1306710,1302453,1024824,876093,609162,495463,284586,191844,74238,43104,8262,5830,-294,486,-174,27,-6,1 # cft deg6 r=0
26973,-40824,-101331,437076,235791,-416340,910503,22572,-406584,405534,563886,-1252506,1512631,-1240206,786708,-428010,181872,-61488,17335,-3054,477,-60,9,-6,1 # cft deg6 r=0
147061,-168636,-207225,262212,311289,-222444,-388635,201816,338739,-154620,-163932,89682,59897,-27606,-16569,6174,6621,558,-1170,-252,141,96,39,6,1 # cft deg6 r=0
7201,21744,143619,249466,300411,244344,274669,509208,1047015,1505410,1446180,1038624,588756,232818,51741,2414,-5820,-3960,673,1656,708,194,51,6,1 # cft deg6 r=0
1385613,4605174,7835076,6252138,2228472,-1964214,-1546863,619974,2349873,2161398,1113693,422064,266320,343950,360444,273352,160479,75474,29172,9402,2511,550,96,12,1 # cft deg6 r=0
158707,839634,2274606,3811390,4389618,3461262,1922728,730032,353481,190972,188433,122088,91542,21762,14676,-2458,1830,-1242,805,-504,261,-130,33,-6,1 # cft deg6 r=0
281431,-361338,1037313,-510116,1098741,-425820,631027,-440454,-110937,-4142,249,22800,77475,-60330,48930,-38284,19593,-9756,4810,-1590,567,-178,33,-6,1 # cft deg6 r=0
2968451371,-4365812220,3444019299,-2907946678,2332432170,211605276,1325725501,869548284,570193227,349542608,148882614,65897028,26321770,9717930,3771627,1305536,418716,127836,33439,8094,1872,374,72,12,1 # cft deg6 r=0
629263,4063506,13400358,26600002,39151683,36147996,20638903,2776239,-6028902,-332402,4045074,1986279,26797,-688374,-268830,122971,97479,-13401,-14810,654,1230,-11,-54,0,1 # cft deg6 r=0
14164669,49942470,86838924,89943372,58453896,24185610,10577430,11271066,12637371,9852276,5359842,2123886,786371,450462,354621,243510,128973,53946,19191,5928,1578,354,72,12,1 # cft deg6 r=0
1511659,720450,1786449,1654974,4205967,-735174,4511106,-3699150,-2939109,114426,1585647,725358,53756,-163350,-43404,3402,10194,1584,570,840,633,276,72,12,1 # cft deg6 r=0
71011,-21687,379230,503784,1844355,1472445,385468,-139317,-132993,-208327,130713,78861,-14758,46785,-5754,-5456,8304,-5157,1431,-243,-90,58,3,-6,1 # cft deg6 r=0
281559,284805,628065,861825,952683,867726,713860,402069,130761,-16511,-53685,-35283,8180,40875,50055,42448,29157,16911,8339,3492,1227,352,78,12,1 # cft deg6 r=0
9109,-145695,-2089938,-1741160,8611530,7568034,-13751177,-9596481,11571078,5658151,-5112129,-1599663,1030662,267741,-9954,-87430,-19440,29421,-1847,-3984,894,140,-54,0,1 # cft deg6 r=8
-534167,-832449,734814,482879,-574290,1594740,1352761,-563964,-164001,159806,87879,74829,-35331,-36978,14745,10204,-966,-990,-677,-12,222,10,-24,0,1 # cft deg6 r=8
-13913,-24192,-18036,-106828,86136,225273,-333878,496665,415023,-465364,-220227,115356,45789,24990,-6315,-14660,-2325,-3024,-2192,240,348,-11,-27,0,1 # cft deg6 r=4
-156473,704724,-1446339,1485452,-1075302,-315699,1235590,-1696260,977016,-66073,-289002,103440,155382,-88665,-67554,89329,-26919,-11574,12403,-4128,390,145,-51,0,1 # cft deg6 r=4
2739909,-5695110,12216366,-19874652,42803232,-81783870,132023809,-166416324,168376302,-137512126,92759409,-51798048,24108110,-9163866,2747877,-571750,41394,24984,-12667,2988,-348,-40,27,-6,1 # cft deg6 r=0
-26801,60030,-147339,-782268,1496214,4885803,-339744,-8913747,-6115983,1764420,2155047,-743919,-711268,217458,163332,-53304,-26766,11556,3168,-1794,-123,168,-12,-6,1 # cft deg6 r=8
-150533,-640206,-167190,-774414,181635,2243952,-408915,-1641834,406671,700758,-114156,-279648,19442,108378,-10473,-31914,6036,6336,-1905,-720,321,36,-27,0,1 # cft deg6 r=8
-503,-1116,-2457,-11797,-30840,-44844,-33236,-18348,-13773,-15784,-2571,2199,-2646,474,1209,-641,-120,198,-17,-51,-3,25,-12,0,1 # cft deg6 r=4
-217583,311187,980490,-979748,-858480,1235835,270820,-852726,108075,503521,-184293,-210279,176850,7212,-61185,23348,4293,-6588,1918,234,-309,77,3,-6,1 # cft deg6 r=4
105471,-568944,2058102,-5420016,10021005,-14180958,17193804,-18440208,16917363,-13496736,10503228,-8545650,6582616,-4298580,2329479,-1075968,435627,-154818,48079,-12888,2988,-594,96,-12,1 # cft deg6 r=0
-639,8721,-56970,261495,-828189,1945593,-3282234,3994632,-3481236,2071116,-679863,-67932,216043,-124803,44235,-19962,15933,-10584,4484,-1044,-18,108,-30,0,1 # cft deg6 r=4
-4229,-5859,66525,71235,-257271,15855,515173,-343377,-518463,580568,230547,-492894,5621,246666,-56463,-75617,29079,13617,-7272,-1200,903,37,-51,0,1 # cft deg6 r=12
-971,279,-3720,4698,2073,-4017,6709,2709,-5904,8393,-2256,-12969,986,-3273,-2643,9802,4752,-4050,-2313,555,417,-26,-33,0,1 # cft deg6 r=8
13987,60591,177138,371931,625659,1070829,1645270,1511310,1060560,213844,81399,-21204,39875,129729,4761,17210,3729,-11412,5526,-1962,468,92,-48,0,1 # cft deg6 r=0
243181,-224874,514026,-911358,2686260,-5932476,10907772,-15561870,18930606,-19719558,17816523,-13269174,8000558,-3809682,1365210,-330804,28938,16650,-9126,2298,-219,-66,33,-6,1 # cft deg6 r=0
201447,989010,1728945,730404,-690093,-705132,1023033,1842174,893205,-370056,-526800,-43872,154633,47124,13569,2934,-2349,-882,-92,252,291,108,39,6,1 # cft deg6 r=0
233472,534528,1778688,1970688,1941504,1352448,1978432,2523840,2381472,1516600,541548,-24018,-25165,119190,155190,111376,62031,27900,10418,3366,933,214,45,6,1 # cft deg6 r=0
2196379,-1196172,-3420810,2753330,5900694,-5016528,-4100447,3086892,3905838,-2717806,-1343775,1010802,407700,-255744,-76713,30766,12264,-1440,-515,-180,-78,-32,15,6,1 # cft deg6 r=0
48313,-1190142,8463936,-13604154,9179976,-5678388,6709494,-6938922,5389185,-3777870,2345052,-1296600,794282,-477000,255882,-127104,62796,-25740,9120,-2874,831,-210,39,-6,1 # cft deg6 r=0
4577907,-11602764,16919244,-29531730,46336146,-56971182,57101986,-45117402,28778580,-14496056,5607546,-1424688,134495,93540,-33639,-4916,12030,-7560,2867,-870,240,-32,18,0,1 # cft deg6 r=0
186309,-346194,72063,346644,-48753,-295452,443652,12168,-52596,-241878,152031,3936,9943,-39534,42102,-13704,-1422,-810,2521,-1254,648,-276,78,-12,1 # cft deg6 r=0
4416823,6484290,23853921,1402702,-16203555,-10321896,957607,5607666,4518714,-550634,-1934397,-393786,220983,133914,63690,-1966,-12423,-1692,310,198,198,62,15,6,1 # cft deg6 r=0
1236007,-308334,1436532,-1808196,3211188,-1781532,397695,-100584,1224225,-587220,184080,-63234,96944,13848,27789,-13620,6180,-990,1482,-378,198,-24,12,0,1 # cft deg6 r=0
421875,-3543750,14596875,-36904500,68544900,-100617300,119513118,-115612380,91425897,-59255034,31392636,-13516968,4704043,-1299444,260265,-17808,-16623,11520,-3695,240,222,-78,21,-6,1 # cft deg6 r=0
1132713,-1555848,7655985,-14123070,16385715,-10746522,-3038016,10656072,-7033950,1090884,1381854,-1173954,572290,-327000,239772,-150546,67089,-19800,3232,-42,-3,-48,21,-6,1 # cft deg6 r=0
543493,-714222,768561,969060,1138410,1455624,472890,1650702,3604581,1245084,-201867,105066,182762,-17892,-6771,7986,4599,1566,843,372,81,36,12,0,1 # cft deg6 r=0
18578719,-49589400,70225575,-16113044,37028088,30377430,-22905140,30734640,15615720,-9047084,3713397,2828778,-1430789,29898,292869,-86000,-20682,15714,-1382,-1452,330,52,-27,0,1 # cft deg6 r=0
45369,0,-285633,0,866628,0,-1277751,0,1109169,0,-800196,0,497101,0,-215664,0,57582,0,-9367,0,912,0,-48,0,1 # cft deg6 r=8
64,2688,-624,-5304,75552,-179034,338143,-340461,183249,125101,-318786,274185,-110677,-35460,64308,-28972,351,8298,-3522,-750,615,20,-42,0,1 # cft deg6 r=8
45369,0,13419,0,83790,0,164562,0,-116955,0,-65922,0,105439,0,-56346,0,17388,0,-3391,0,417,0,-30,0,1 # cft deg6 r=0
703137,-1565343,3324555,10339314,2790276,7758051,35737939,34237629,-3777138,-25852388,-9869034,5793090,7117073,1994325,-554727,-561833,-74223,32589,15890,1290,-690,-218,-3,6,1 # cft deg6 r=0
106929,-264870,537975,-1003410,1451124,-1676718,1296312,-603216,825057,690288,-252231,600330,411469,-163986,152079,-49938,24711,-12582,2854,-156,246,48,9,6,1 # cft deg6 r=0
12321,-65934,210384,-356706,459252,-333738,487041,-318690,527220,-72570,189579,-168,144835,-19050,-36387,26040,1791,-2124,28,-426,648,-312,78,-12,1 # cft deg6 r=0
597789,-1893375,3683124,-4646511,5649858,-6898014,8332119,-8433153,7167753,-5010192,2751759,-1244547,550203,-287577,231219,-232884,181314,-93096,31212,-7218,1407,-312,72,-12,1 # cft deg6 r=0
722523,3454614,6088365,7284966,11154822,15888516,16485742,8641728,227817,-1978514,-230733,1183518,1092746,361332,-20988,-48176,-2061,14850,9611,3042,720,220,66,12,1 # cft deg6 r=0
1198503,1440504,1022328,-81288,1156356,613674,577479,-286236,501084,17946,217104,-124344,107356,-34920,38529,-19998,12363,-3258,1669,-414,315,-54,24,0,1 # cft deg6 r=0
1006833,-2891394,4555647,-3487626,224880,2408160,-1838921,-773154,2751516,-2691380,1504212,-418008,13259,36420,15432,-26834,21852,-9126,4013,-798,363,-20,24,0,1 # cft deg6 r=0
2552367,14507028,50625432,123744192,236601771,364745868,468950401,508671216,473279940,379807930,265856436,162647226,87763259,41667642,17565606,6513544,2150631,618516,158309,34362,6624,1012,138,12,1 # cft deg6 r=0
-3329,-52482,72324,693301,1871259,2567721,691628,-2878344,-3808074,-999245,1655712,1565802,206536,-431556,-260784,-6697,51306,20250,-577,-2712,-771,5,51,12,1 # cft deg6 r=8
1,408,-1617,-15900,-55197,-109473,-121481,-41751,85794,156600,129918,63333,23595,18819,21306,14616,3480,-3042,-3398,-1455,-189,102,57,12,1 # cft deg6 r=8
433,10917,9417,-13204,-32106,-16395,31745,25470,-354,-32587,-6297,12156,13660,-5682,-6666,1054,2670,-306,-583,6,117,-5,-12,0,1 # cft deg6 r=4
-2663,582,7122,-7561,-16932,14115,23660,-14832,-29640,308,33063,12363,-20288,-14241,10065,10555,-2595,-2781,2,342,144,-11,-21,0,1 # cft deg6 r=4
119773,504294,1453176,2856516,4364928,6158316,7498610,7376670,6208620,4646172,3074478,1512792,796851,236718,117276,-19908,29022,-19440,9110,-4056,1356,-360,78,-12,1 # cft deg6 r=0
-3293,92355,165627,-327251,-666066,219846,964088,343458,-487650,-479624,-56277,139266,64120,-18267,-891,31316,23082,2565,-4783,-2982,-699,17,51,12,1 # cft deg6 r=8
-9953,-84036,-125952,-68032,137670,362712,282416,-123138,-268968,-38041,139056,69864,-38090,-39099,2784,12106,2391,-2520,-1066,324,216,-23,-21,0,1 # cft deg6 r=4
703,-432,2802,-448,1875,2874,2420,-4491,6747,1781,-6450,4893,2647,-2475,-123,1804,-237,-702,119,105,9,-2,-9,0,1 # cft deg6 r=4
-269,-3153,18525,-30120,6639,29319,-39782,48537,-52185,3351,56730,-47826,-4905,23886,-1878,-15684,11148,-864,-2789,1680,-333,-69,54,-12,1 # cft deg6 r=8
8641,-175776,1377099,-4951170,11676420,-19989972,26084588,-26231742,20126733,-11243682,3951393,-283428,-542088,261198,17151,-82824,49848,-14994,2156,690,-273,96,6,0,1 # cft deg6 r=0
4096,-49152,285696,-1084416,2958336,-5978880,9092096,-10532448,9339648,-6188088,2744484,-395694,-516483,518040,-240222,46062,20310,-19530,8435,-1878,312,18,6,0,1 # cft deg6 r=0
18217,-17676,45468,50058,25029,-266934,1024223,-1758672,2100228,-1668708,1181643,-638748,272412,-11826,5838,33492,9024,16470,10517,4266,1599,420,78,12,1 # cft deg6 r=0
9993,103374,38961,-671823,45144,1970919,-651663,-2748960,1391505,1843752,-1086528,-787245,508453,223911,-153606,-47735,32937,8208,-5565,-918,702,19,-39,0,1 # cft deg6 r=4
127,1407,4680,10607,19689,30354,35470,34128,43938,88295,166632,246753,285088,256521,176250,89192,31383,6615,31,-753,-432,-118,-3,6,1 # cft deg6 r=4
433,-5397,28626,-84564,151176,-160296,75083,41940,-100569,94032,-73812,56520,-24468,-16218,36627,-28044,9060,2205,-3679,1626,-225,-99,57,-12,1 # cft deg6 r=8
-89,831,-3996,11501,1122,-20289,-22379,-46134,-30330,965,17052,17460,1093,-8826,-6423,1742,5148,4167,1333,-258,-324,-103,-3,6,1 # cft deg6 r=8
53787,40986,148212,-57216,1205496,2149560,4365234,3981834,3149925,1364166,531138,-95676,119626,-376698,268140,-116408,54069,-28026,11724,-3900,1107,-278,66,-12,1 # cft deg6 r=0
-7341,57546,-222336,551544,-934056,1081494,-733350,29349,550896,-589503,215214,147216,-207587,83187,19617,-28022,4515,3816,-1908,-612,477,25,-39,0,1 # cft deg6 r=4
-251,-19491,13149,13232,19005,73311,58165,-46674,-94401,-92683,-75207,-12978,36364,20640,-3327,-4789,99,441,250,138,-63,-61,-3,6,1 # cft deg6 r=8
-107,-780,3066,-16395,17412,83955,-142234,-41535,154536,-494436,523833,246546,-756180,541845,-148926,-73779,111750,-58455,11096,2724,-1800,267,27,-12,1 # cft deg6 r=8
-6749,15453,50058,100423,185484,133428,13390,-27927,5751,-37277,-78327,57114,48076,-29598,-10509,8236,-1548,36,907,-540,-54,91,-6,-6,1 # cft deg6 r=4
216273,1082178,2724975,3414438,1540971,-357966,1444656,4486392,3637293,92136,-1499631,-639048,264721,283566,33732,-46658,-17067,4176,3357,-48,-321,16,27,-6,1 # cft deg6 r=0
175233,-1693530,13264056,-5653584,5408568,4601106,1986165,2537946,4683003,694212,2318811,989370,559819,414192,169917,76654,39921,11772,5115,1296,510,52,36,0,1 # cft deg6 r=0
577153,4961484,19431261,43032690,64454013,68566050,55526912,35258526,17682333,7360632,2948226,1138770,664659,242622,163941,16704,27852,-1404,4430,-144,420,-18,24,0,1 # cft deg6 r=0
870273,198288,3321090,-4659726,9370251,-14737326,17046646,-18416322,16377696,-10397756,5100654,-2166912,748562,-173274,56844,-42836,21213,-9108,6116,-3684,1449,-386,78,-12,1 # cft deg6 r=0
1710747,5644890,7544961,1319562,-6626628,-5177034,4091860,6722058,3269484,698186,406596,165366,154217,225120,188388,76754,26616,6246,794,-564,-225,-16,-6,0,1 # cft deg6 r=0
2531307,-6926328,22312890,-30219282,39757272,-54925350,45972202,-25146642,14767164,-11123162,8457996,-6129720,3973082,-2131842,951066,-376856,140466,-49428,16742,-5484,1593,-386,78,-12,1 # cft deg6 r=0
327783,705852,64404,-186666,-127182,261666,663262,-908040,252819,-304430,663585,-389124,183137,-190530,152649,-66788,25176,-9828,4799,-1482,270,-44,-6,0,1 # cft deg6 r=0
