# IGP24 class field sweep: deg4.
208173164561,-599208764880,903282983154,-925415800108,723705898841,-460505234056,247873292429,-115341959430,46977605919,-16862659432,5371212575,-1534178834,398363755,-94720384,20314845,-3600130,334785,91516,-56852,14080,-1181,-344,129,-18,1 # cft deg4 r=0
2585081,-21434548,84056895,-201794660,318784020,-316845676,127004676,151247340,-298316502,186280930,84932118,-297153424,329822774,-230873888,112276424,-37861218,8055549,-617666,-207107,76376,-9697,-132,199,-24,1 # cft deg4 r=0
38656,195072,324736,52096,-555120,-848512,-382304,502432,1658392,2715600,3211368,3051632,2452297,1703212,1026866,539452,247623,99336,34724,10472,2695,572,98,12,1 # cft deg4 r=0
49,196,-3038,-12796,145565,1188152,3640240,6319324,8462719,10795972,11183362,9236352,7252107,4384840,2585646,1198804,532973,189908,63360,16840,4095,748,122,12,1 # cft deg4 r=0
56081,-113744,-64460,23440,163152,142760,11196,5720,-26900,-29080,-13004,5480,9086,8928,7460,3488,1821,288,188,-88,-20,-32,0,0,1 # cft deg4 r=0
767362,-3735368,7451564,-5736760,-6468746,24032696,-30675492,13386840,20454405,-47256656,50483496,-34352752,14697900,-2633808,-1104056,916688,-224572,-25480,28668,-5048,-778,376,-20,-8,1 # cft deg4 r=0
24094721,-106931180,201863506,-207233416,138615995,-63082784,13604902,9686980,-12637630,8815964,-4843190,1219936,-382545,-60496,181826,-30660,51766,-5676,4758,-624,447,72,50,4,1 # cft deg4 r=0
3493121,12183500,12494758,1849712,-11238509,-26641320,-6784438,34041132,16830842,-17685404,-10884418,2998904,4575623,480072,-777370,-332508,21878,47820,12122,-632,-945,-112,38,12,1 # cft deg4 r=0
30500369,-452880,-142896092,55189632,216099968,-173137032,-86379852,153262872,-21159096,-36246624,10754172,-3131936,6158114,-1937376,-720852,273984,54499,1144,-13592,872,672,-48,8,-8,1 # cft deg4 r=0
16241,207392,-1468912,1360108,4783889,-6896456,-4059130,7818488,4015720,-4948312,-8848308,9801836,3325611,-8187620,2643368,1241852,-918800,64852,78530,-17592,-1791,844,-28,-12,1 # cft deg4 r=18
-131605,-26337600,-16591510,-53236630,-32149584,-13711576,-8781419,-8146626,2467927,764944,-124654,589284,-260243,178064,40396,-60726,14527,14384,-4739,-2116,517,164,-29,-6,1 # cft deg4 r=6
1095491,-1079984,-931322,1512856,628645,-1877868,948488,283860,-124172,-135312,-248770,392568,-26359,-236644,125388,42740,-50988,2792,8986,-1912,-727,236,20,-12,1 # cft deg4 r=0
346321,943696,776948,-748104,-1056285,190512,908168,-88540,-212602,-292512,100160,275528,-96209,-121304,57508,29380,-18838,-4408,4336,8,-517,56,40,-12,1 # cft deg4 r=0
1277561,-3910064,10147548,-11334664,6905475,-1947648,-826192,204740,2574958,-3996992,4349160,-3697112,2678671,-1463304,256028,306660,-208638,13832,25496,-6072,-1077,456,0,-12,1 # cft deg4 r=0
310291,-605344,1991118,-2885704,1823805,1319492,-141272,-470220,356388,-1008672,663270,131448,62561,-425684,216668,17620,-2988,-33928,16466,-152,-1567,316,20,-12,1 # cft deg4 r=0
1011771,1321272,33678,-1136664,-226382,746844,1613906,819432,4983,49540,69934,-57840,-184520,-148784,34464,90760,18264,-19884,-7412,1832,984,-48,-50,0,1 # cft deg4 r=0
825371,1085352,4305598,8853816,10135918,6630604,4169986,304232,-706957,-380660,622474,1433840,1461480,1301976,1012084,438040,-4476,-79164,-18372,4552,1824,-88,-70,0,1 # cft deg4 r=0
1365971,207112,-2098642,144216,2377078,535804,-500894,438472,119323,-724500,-245326,393040,189080,-121944,-78036,24280,20724,-3084,-3652,232,424,-8,-30,0,1 # cft deg4 r=0
308411,686072,2249758,3719336,4384338,-455876,-2322814,-623128,71543,575780,1572334,1154960,-131720,-393904,49264,170440,32184,-26124,-9012,1832,984,-48,-50,0,1 # cft deg4 r=0
477175721,7907354532,226437648,-13117331242,2366246166,1193399476,1072445749,650716896,-177596261,61236726,-120016768,-28998516,18706190,9201074,337409,-2818704,107286,323340,-32719,-17658,2408,502,-79,-6,1 # cft deg4 r=12
-2394250569469,1177945089288,2778313603190,-1317066972868,-1017290123756,513535515040,145727936148,-79762064024,-17552238563,7565970884,3614792202,-1165379408,-454640329,158045292,32645652,-13454156,-1840044,922824,40706,-37472,1,1012,-48,-12,1 # cft deg4 r=12
161871107211,170859566052,-76110146118,-145023200988,17317157014,80643421648,5982927032,-38048743248,-5587239883,12783166204,1790572320,-2778923632,-296710455,395366440,28136016,-36737996,-1212238,2173896,-7024,-78304,2851,1520,-96,-12,1 # cft deg4 r=0
58212951291,-335591302068,-185580123318,216837896124,-100545200666,17762807192,18578148896,-14832633072,8139585165,-2469682556,274286952,230946096,-166380439,63341944,-16149888,1529796,1008810,-648968,173096,-14832,-3941,1136,-48,-12,1 # cft deg4 r=12
-1118561389,-4214422960,-825146580,7447868478,-340955305,-3344051944,2939108615,-2570484650,970001401,46463318,-257386499,181937284,-64700961,9830124,7044151,-5104472,246317,482126,-59388,-22664,3427,546,-89,-6,1 # cft deg4 r=12
33523171,-52119100,-17112306,-4356692,228358746,-276625704,40067244,67355920,4815209,-6137428,-18916600,-33199056,75404025,-50080336,10831660,3226820,-2119530,189944,111788,-26240,-1541,944,-36,-12,1 # cft deg4 r=0
1,64,-918,-17089,79672,-19195,-32968,1850852,-2447087,-8855056,-4739228,3387783,4294525,586773,-1092899,-411386,130781,79996,-9238,-8466,633,448,-39,-9,1 # cft deg4 r=12
-32259259,692425094,-3318166868,5809890696,-2757104043,-3219059690,4136534192,-579776073,-1584245822,923488444,231321157,-333841142,7594745,65137578,-7884464,-7989231,1240791,637476,-95533,-31291,4043,833,-94,-9,1 # cft deg4 r=12
46180183,364420836,1055609094,-2507674096,2746686345,-1193923944,-409250486,520592556,-158923956,-81053300,59335542,9269064,-8269695,1439160,1838430,-205180,-276912,-2172,28714,5160,-579,-176,30,12,1 # cft deg4 r=0
1510271479,5518921080,7646661804,4127812868,-1515739734,-3891088512,-2448845810,-403201704,457048959,389407792,138466872,15494832,-10654221,-6603084,-1437030,200828,289734,108744,16978,-1560,-1335,-200,30,12,1 # cft deg4 r=0
83016199,56188080,8150847420,4925556044,-4540389348,-5492041344,-972151478,1255767744,750888717,69804088,-47142720,-250272,11984571,6183492,1556154,-145444,-214614,-20928,16594,3000,-831,-200,30,12,1 # cft deg4 r=0
-179516,-2138144,-9193632,-14747360,6730568,48757520,35996928,-43526016,-67507244,3058192,46951472,15821904,-14450508,-9279560,1399872,2166560,193521,-227256,-48240,10352,3384,-160,-96,0,1 # cft deg4 r=24
160276498,-541350952,1456794476,-10532885928,17850072846,-10277160920,2466190012,5311849088,-12902952715,8319283768,2813852648,-5473507200,1467105700,638071240,-318302784,-24898304,25855332,112992,-1081860,10024,23958,-96,-252,0,1 # cft deg4 r=12
-16345724,-204898944,362449136,919155872,-1497278616,-1141056304,2123921200,599191904,-1519818588,-199294000,517554976,14581952,-70831740,9120408,-1235872,-833664,566625,-32320,20332,-3656,-912,-64,-68,0,1 # cft deg4 r=12
4525090546,14487202040,27814754340,39496966192,41214467666,32888829104,20591797040,9582276096,2923567589,392858024,-60711528,12622656,56342300,33842392,8731832,-118528,-846476,-237072,5268,16080,2410,-280,-88,0,1 # cft deg4 r=0
-188,3424,20096,-218528,-9240,1742064,173568,-5466752,-1891340,8130640,4855568,-5692624,-5150652,1398696,2536912,294368,-540911,-198984,25720,26064,3720,-416,-120,0,1 # cft deg4 r=24
265678,-2474472,13447948,-48413880,122755786,-228729576,323684508,-354802872,303905725,-202537240,102586192,-36884848,7282500,818312,-1155512,350976,3136,-39248,12548,-440,-678,144,12,-8,1 # cft deg4 r=0
20879172,-19429056,51628944,92467776,66811144,-17916048,-602496,-106085152,193091260,-165323392,102451280,-53343264,29637524,-16403144,7521192,-2620496,765897,-163864,25236,-4112,908,-120,20,-8,1 # cft deg4 r=0
3136,0,67026432,0,57349632,0,7767680,0,-5410320,0,1213536,0,704976,0,6960,0,-15567,0,92,0,378,0,36,0,1 # cft deg4 r=0
327402436,-456465504,397593408,-18242336,-281542608,213049392,6194512,-101199360,39957324,14378768,-14569680,1066224,2449428,-596712,-174480,83392,12471,-3024,-1736,264,270,-16,0,0,1 # cft deg4 r=0
25975684,-85040928,148631136,-152919776,112175472,-68173584,56441968,-52570368,41130156,-21266896,6127872,-447984,32724,-428616,415872,-247808,115863,-42288,11224,-2040,270,-16,0,0,1 # cft deg4 r=0
1106386,5847432,16458636,26381728,28594122,13872792,3240424,1609440,5790741,5506936,2658648,300480,-513252,-354744,-77112,16544,16644,5424,-20,-480,-78,-16,0,0,1 # cft deg4 r=0
695599,-2443792,5862252,-8930992,11010648,-10599304,9093592,-6717512,4862307,-3301632,2323048,-1485920,942288,-502672,265328,-114736,52333,-19696,8108,-2672,920,-232,56,-8,1 # cft deg4 r=0
386492104,-1615184064,5500855696,-6686165664,13937978284,-5495306064,13553770472,1788607920,7378710202,2997282336,1931222140,727805208,315524705,67370988,31522606,4008348,1652053,293832,51368,11136,2011,108,46,12,1 # cft deg4 r=0
737183602,-6470100616,35678807052,-106031985064,192142985902,-231757271672,204661718932,-136507651128,71353085813,-29572689448,9870811056,-2651106576,587531748,-114656856,25116264,-7116992,2270084,-627360,146980,-27496,4534,-608,84,-8,1 # cft deg4 r=0
17413522,15197448,-31558308,66867520,381102042,530700648,544383304,432643776,301630581,163252144,73436304,24092544,6372132,628848,-110136,-97600,-2940,-600,4660,576,138,8,0,0,1 # cft deg4 r=0
134416,-994240,3845536,-10480704,20817472,-28495488,23436624,-3989216,-17140052,24946688,-17307496,4554064,3419332,-4756728,2936640,-1161104,329091,-81184,22236,-5728,956,-96,24,-8,1 # cft deg4 r=0
14489902798,-53122200488,90446538572,-95862567944,72290352122,-42608631352,21204219692,-9418423560,3864339741,-1511569872,581912816,-222207696,82741884,-29505264,9922576,-3089808,884224,-233256,56516,-12360,2466,-440,68,-8,1 # cft deg4 r=0
26687556,-252183456,1029329712,-2336221152,3397218328,-3508388976,2763319632,-1732926688,914135692,-446052448,208158224,-85463856,30513308,-11269064,4542384,-1526816,343929,-55456,12996,-4544,1004,-96,20,-8,1 # cft deg4 r=0
461132676,0,1821150216,0,2761948206,0,2012743188,0,798857721,0,273786696,0,67416372,0,10705752,0,1102626,0,74544,0,3246,0,84,0,1 # cft deg4 r=0
64,0,-1056,0,19314,0,24780,0,-123951,0,48888,0,52724,0,20232,0,-2850,0,552,0,138,0,12,0,1 # cft deg4 r=0
1726596,0,1787832,0,-173178,0,-3167316,0,1812537,0,1098360,0,-627516,0,-25128,0,27810,0,9168,0,1158,0,60,0,1 # cft deg4 r=0
1152,0,25056,48384,19602,-13104,-31380,-25920,-2127,2016,8928,6816,6148,-21888,23856,3328,-4770,2784,992,-96,378,-16,36,0,1 # cft deg4 r=0
7727932,-107724448,644424384,-2204090384,5016967244,-8286506768,10332021808,-9747141528,6823057321,-3453305840,1226567520,-291584976,44317932,-6674256,3353952,-1685920,527842,-98928,10144,-352,272,-160,48,-8,1 # cft deg4 r=0
141270728206,-118992958400,523456072192,-811637480456,802022746260,-618448895856,416552637812,-240808395736,120269981789,-51688481536,19189432368,-6046142880,1627354260,-369694080,72596520,-12759776,2458480,-524672,121104,-22360,3368,-336,52,-8,1 # cft deg4 r=0
331565896,-1233515104,1891810320,-158994880,-997972112,-3102208912,11071631440,-14920831960,11797812849,-6752745632,3624524496,-2067123760,1047047980,-392692928,103351440,-20632864,4066926,-955136,227296,-46352,7420,-944,96,-8,1 # cft deg4 r=0
45218250364,-259293983424,673770497936,-1099282544496,1316436548676,-1243109976320,950662194472,-600997502872,320866169017,-145376189744,55224341552,-17523901200,4767796812,-1168141040,263832992,-53663392,10201106,-1803536,272768,-42944,6200,-784,120,-8,1 # cft deg4 r=0
3502554574,-13406538912,24311810328,-26009884824,16101380324,-2557317656,-5757990252,6738235240,-3841458147,961966048,380009872,-550740736,324088212,-124570736,33107608,-5819296,589424,-36032,9944,-1960,-424,168,4,-8,1 # cft deg4 r=0
46076944,0,631153728,0,38668288,0,236512704,0,-105665320,0,44060256,0,-7993976,0,39360,0,321305,0,42804,0,2710,0,84,0,1 # cft deg4 r=0
945263214,1245031704,-1958284164,-1676996088,3754981930,-2420924360,971157708,-656829624,584554509,-393787176,219544624,-109503920,45705508,-14846664,3958904,-946560,248560,-75680,21556,-3384,-102,96,12,-8,1 # cft deg4 r=0
285022204,15402816,417378912,32139648,197357528,-22669280,-510128,-25239296,27385560,-928192,1279328,-1544304,1515264,-553184,304840,-134688,34363,9648,-2040,728,274,-88,24,0,1 # cft deg4 r=0
12281180224,25182800896,40130912256,26824733440,14898241728,5351556864,4611902912,3809580416,3469329936,1784063744,834625536,195144384,38266520,-9331264,-3964368,-1776384,-156896,-26784,15000,224,594,-48,28,0,1 # cft deg4 r=0
3763264,-17107968,60362240,-162386688,281795776,-282243840,125765312,14721664,24884880,-174369024,264613248,-239472832,155150872,-75515072,28366320,-8339456,1934176,-362464,60600,-10592,1938,-272,28,0,1 # cft deg4 r=0
1231,43968,1487280,-8335888,62112338,123256760,115610000,81394488,14051319,24870208,19970336,-4680960,3091460,-1138480,401792,-168656,93081,-46144,17968,-5296,1218,-232,48,-8,1 # cft deg4 r=0
219069376,-1125565440,2542947584,-2875796992,405540800,2731182080,-2664383872,-3759053312,10559051152,-5212355072,2505383296,-506415104,212315632,-47527680,23408320,-3276352,1279408,-95040,52096,-448,2080,-80,64,0,1 # cft deg4 r=0
5432008,-4010528,1633040,-5159808,-15272040,-4030624,5057568,6968320,10071604,12524480,11771712,6015616,2172256,1065024,140080,-29248,55882,1080,-8220,32,814,-8,-32,0,1 # cft deg4 r=0
2495400049,3927139000,4730702632,4419813368,3537339992,2311456496,1391832680,767743320,374896147,159497624,61543928,21968456,6739110,1934648,479564,110352,15328,3288,552,-424,154,-16,8,0,1 # cft deg4 r=0
1299411073,3117874048,4837197764,1812969344,-252055624,-83887624,36619100,66543000,99774616,13104416,30999420,3594200,5461134,379328,749564,79248,75733,2184,5092,-184,280,8,8,0,1 # cft deg4 r=0
1397041,13255792,37529260,10720208,338840,108010088,192293276,6037944,-124454708,-41824624,10051004,-5827240,4409358,3315392,322364,772944,184765,27720,34164,-1240,2332,-88,80,0,1 # cft deg4 r=0
60393649,-41616976,179540388,-317490720,356275808,-344208824,296617316,-203779304,126181768,-76632800,43071052,-21368168,10232214,-4550880,1804676,-657136,234973,-69912,19484,-4888,1192,-136,56,0,1 # cft deg4 r=0
380872,547616,-198256,853664,3145512,-916384,886608,1050656,-2154252,927104,183136,-619072,457408,-60512,-80336,43360,-10710,3016,-204,-632,402,-152,44,-8,1 # cft deg4 r=0
5844923064,-8587521504,1325522448,7190419680,-6348746376,634312224,2492446896,-1738755168,402678820,128637632,-90469312,15426432,6533936,-4031072,1847920,-778464,244414,-27768,6388,1304,1046,-168,68,-8,1 # cft deg4 r=0
130608657,774383400,1578735588,577471728,334452808,442834224,550134924,80983160,149407171,67389968,18088136,20016096,2995904,853024,766584,44656,56115,2024,4644,-656,440,-144,44,-8,1 # cft deg4 r=0
6734776,-8926688,73232,2692192,2850392,-3340192,1049936,-349536,431844,-419904,334784,-167808,107760,-43104,40048,-20064,11806,-4728,2420,-1032,462,-152,44,-8,1 # cft deg4 r=0
3353032,-17999968,43144400,-96749152,136927848,-2453920,59830800,-13110496,7870452,-18347776,6237472,-8340544,3961216,-1781600,869872,-264224,136170,-42968,23652,-4664,1986,-344,92,-8,1 # cft deg4 r=0
296964792,-851137632,1066600656,-818335008,494089848,-332685792,256142064,-174247776,97315876,-46488256,21905408,-9770112,4683440,-1575776,458032,-33120,10558,-4440,3460,-232,-106,24,20,-8,1 # cft deg4 r=0
116120241,-219906792,394543212,-335113584,159188632,-39310656,-3137772,8553464,19122403,1551344,-2800840,-477792,438272,-26816,13032,6640,1971,-2344,-756,400,-88,0,20,-8,1 # cft deg4 r=0
1519288,588064,1074320,648928,-2567176,-1016800,-46864,-465504,908004,363840,-606592,-128256,216432,93792,6160,36000,21790,2760,3092,-168,726,-200,68,-8,1 # cft deg4 r=0
2268469153,-2443989272,-591322952,3641842520,-257722720,-1146011632,379315184,-398188584,104034259,18707192,54705416,-7605784,-4413810,-2180968,574100,295440,118120,-6072,-2016,-3208,178,-64,32,0,1 # cft deg4 r=0
29658817,86399408,190912388,191584480,195072208,76461096,36050108,8754200,10175128,13382704,9979028,3080280,3115030,264832,1067996,84112,243133,-33192,39788,-3160,2536,-88,80,0,1 # cft deg4 r=0
1770144561,1391843160,3781999500,5099073744,4039040200,4275237120,2782403268,1285560824,689365027,146397296,924728,7865376,-1664800,-3612992,-364344,6640,79731,-232,-3348,976,344,-192,68,-8,1 # cft deg4 r=0
31231672,-27638624,118782416,-91775264,14450168,4933280,22217840,-14509920,14924004,-4740672,6872000,-2253312,2678640,-971808,733456,-258528,141598,-45336,18500,-4776,1494,-296,68,-8,1 # cft deg4 r=0
375364866421,-368830265463,288425677207,-212878662584,110366468682,-65122190620,27701153140,-11733138681,5102300393,-1089780843,630065426,-57508751,31377930,1733063,1079898,1541228,257390,180937,30835,9182,2109,186,74,1,1 # cft deg4 r=0
4612923181,-13355453098,26810481513,-33845643685,29400730582,-14538924424,12404536792,-3274378539,3109815831,-328422349,669773800,47486921,130281967,21597274,19035830,3364263,1875476,290899,119896,14835,4733,423,104,5,1 # cft deg4 r=0
1159670840576,3927743965696,7300674380608,8061482378656,6597769685312,4388286494104,2449819791732,1191904669110,516213240631,196214380534,68315353192,21125571647,6054787948,1441710074,411985363,58062437,21888356,1597535,762793,35747,16952,562,212,3,1 # cft deg4 r=0
294205462321,-177438430850,777172361,-152536164464,222046857057,-130976955962,62318079222,-29431647703,9858677681,-2811489293,869579278,-129263379,19304979,-9834707,-169777,-246244,436770,-15051,23939,-448,1682,73,52,3,1 # cft deg4 r=0
16336249833671,-49787173789210,71576019786651,-65615304685122,43812436573610,-22925920456974,9748367278445,-3404080464447,969974020145,-219424412797,36347254948,-3257700893,-235564553,126117234,-13397090,-2574824,1546266,-498789,137963,-32424,6281,-1019,143,-15,1 # cft deg4 r=0
19502801111,-46466141865,67176048501,-72074060432,61579355880,-48995294779,36582413130,-21356147592,8788064220,-2920068377,1146850943,-463136068,98976992,12378089,-12298265,1771206,593431,-252439,13098,11776,-2949,86,78,-15,1 # cft deg4 r=0
177539104016,-136628995904,175480251432,-23549189554,-21968945109,79462987383,-39528094549,9705242487,11384820174,-7927901527,3142544858,-165902212,-68881170,17957857,20516336,-2256743,14216,256300,28259,-2886,1783,386,-16,3,1 # cft deg4 r=0
1018176310141,-1064538000950,1222155839831,-649403516924,324955274071,-30841249662,14992441056,39923779885,4496121219,9078496931,2052542940,683656628,152823920,26657972,44258090,-514795,1695600,-240143,89702,-13385,2594,-28,51,-9,1 # cft deg4 r=0
39561823031,83714852885,137424806386,156048162926,148591370187,112595065278,72277617582,38181672437,16886715086,6090289717,1797703048,467928596,118941294,34406263,9093593,1879946,208655,-62101,-24781,-6233,-1158,43,17,3,1 # cft deg4 r=0
9453511141,55968490582,108720060777,-336417944529,266747975512,11003353355,-149734247245,94330081599,-6040116392,-23519634138,14949896761,-3851245701,-109731395,409617123,-129441057,12453418,3643305,-1446848,187150,5277,-4956,586,14,-9,1 # cft deg4 r=0
2298241591,-3558586273,-4015213200,6812353241,4042564447,-5621160146,-1233423250,528802253,1121693148,-152119192,115327667,-137364947,23490602,-16268062,13161006,997805,2114277,182784,197717,18974,9115,769,175,9,1 # cft deg4 r=0
97148581,-334607465,440277611,-152307072,437874875,-302495654,-764639460,737453653,940918350,468322173,209911823,50300537,16034827,6033949,1034625,-112749,-594,25771,678,266,401,26,-27,-5,1 # cft deg4 r=0
2779534991,-15030856467,31914764607,-23038585736,-14992718453,29158421780,1921981620,-30211181469,26147484958,-9875003627,1522930021,3640161,132249635,-105557973,21241933,5332137,-3390910,498323,64430,-31592,2619,454,-91,-1,1 # cft deg4 r=0
33614053456,-14498626904,69257138348,-32913034442,45750887373,-19689728285,13365404696,-5901145250,2785381984,-903585659,192704671,-872058,19294697,-10342667,2843250,-756496,205865,2632,4672,-3997,690,3,-7,3,1 # cft deg4 r=0
9388017131,60327096553,174219747564,301316416372,344999359400,270151741150,146796198571,56319226466,16614599658,3256946773,-115272052,-200749296,11649597,16736648,-1700565,-820635,557598,139096,-35630,-8689,1626,310,-43,-3,1 # cft deg4 r=0
39162539831,-47368451732,26303489951,-25089716821,16700771971,-3866638585,822904226,50660924,-365311061,41430522,-4207767,10174787,5511183,-1151998,60416,-300098,14303,-11627,10381,487,-552,80,-2,1,1 # cft deg4 r=0
19842367914001,-24068003502332,12298267985828,-1594578650200,-1540985722163,624956120634,-92394444483,-3852563796,28445746381,-9914890346,554939405,316943849,-101305388,30569526,-2308475,724207,743556,-107514,43836,2855,818,247,29,5,1 # cft deg4 r=0
657236986691,-26887170966,786746927002,-218238035306,460696600136,-206163600148,194602198156,-111654274977,66718313409,-36327914948,15584387363,-6241959868,2028567600,-620219842,168991951,-40231532,9732521,-1903655,380034,-66654,9853,-1446,159,-13,1 # cft deg4 r=0
552163325741,-2485855756295,4965323511214,-5833411247500,4529238214307,-2498471143210,1044969954845,-359406714880,111952260234,-31772960140,6410766218,-189253145,-336082959,100277490,-9534131,246805,-134979,-24950,49931,-11530,-169,435,-47,-5,1 # cft deg4 r=0
1217026326151,1384873989095,3505864977685,1815927524284,787184849055,248188992247,98663022015,39335299250,19666201026,852323511,1593798959,114332952,35364079,6309513,7199654,2786894,1446492,487812,124738,30303,5107,797,104,7,1 # cft deg4 r=0
4367015522321,401009006823,-2290039978537,146368123930,874495538672,44957170564,-120800489703,-34915097701,-1220422394,9446668184,2467208090,-1035579721,-211703738,52620531,4831765,-361783,1079626,392376,57051,6085,2658,537,29,5,1 # cft deg4 r=0
31865008816,137159020688,231311743328,277867217342,305412842509,184843951821,102374905850,38164014632,13179884620,2868009037,1368882282,-14303341,221434796,-4170720,25844153,-142332,1695750,-83437,88140,-4393,3794,-94,62,-3,1 # cft deg4 r=0
11921144576,2465926144,4059997888,-1723027456,13090336000,-2257687152,5050323408,-1009100100,829925423,-351559743,87630545,-61084348,11182361,-4892406,1830628,-47690,223282,23453,17101,2752,853,144,30,2,1 # cft deg4 r=0
357381478256,-537288004880,691445679704,-555455268610,274168304547,-127349255925,33615064615,-7489875320,4316210149,2995436150,-1434679357,-164225570,-6044349,-27894805,18011574,-2826855,1402371,-33790,61521,3640,2661,280,83,5,1 # cft deg4 r=0
6182518560543991,-8907612650856511,8796658412777753,-5967675017097736,3234711119179645,-1507033230503482,588877367433628,-207186289078010,63929236362188,-17738190472693,4519242061895,-1003993863548,218235244521,-38473750886,7388549448,-989294650,177540812,-16143867,3052341,-143888,37253,-376,290,2,1 # cft deg4 r=0
3115118362576,17329743695880,42856118917804,61616307375470,57054560459727,36168696251715,16726083743433,6077837779530,1770742207103,372260297570,50966048003,8204994540,2433655463,229581315,-50707762,5178025,5665773,355720,-80037,-9320,1017,-50,19,5,1 # cft deg4 r=0
86543201,440868341,716055653,102513944,-500727251,-90975976,125472378,-107627101,22898952,40424087,-17244375,5122491,2977915,-1865895,349439,71703,-47968,13943,-2186,102,-69,-30,31,-9,1 # cft deg4 r=0
100505277401,63076939345,108450367476,59507787404,57144186246,24990425807,17244152761,4914310575,2266716349,486305884,410982155,78712202,46328080,8706808,5417790,866580,436440,9498,31237,365,849,-27,51,-6,1 # cft deg4 r=0
87678422576,-233645681664,319078931976,540569865394,-116992969469,24983884973,211799188753,7025278806,-8225742244,27675347455,4186341216,-638136740,1566062814,294935731,16585808,38719308,7335810,589112,378531,49699,3643,1243,86,3,1 # cft deg4 r=0
74241816151,-54789435306,-78280231868,98102777733,3970220903,-42945035942,20894983589,-2772203294,1091202413,-1136908255,459534066,-37922245,21741030,-16339043,7385976,-1134245,472599,-83863,22987,2286,869,34,30,5,1 # cft deg4 r=0
3720653296,5805018432,4891524612,1663655328,121519395,-340284051,78781347,459561600,326264133,72876456,-20131395,-30119256,-17823809,-4352643,466572,714735,254127,46404,9329,2664,603,162,45,9,1 # cft deg4 r=0
160137599491,136953880389,-29124728403,55508111424,165144868119,72396035928,-26810573695,-28364823756,-3717364290,4083142896,2049359283,-3923757,-283941739,-57164175,17438037,6704676,-276930,-348336,-9605,12834,549,-432,-27,9,1 # cft deg4 r=0
74920340251,65666835252,20879942562,-20816725132,-7985748663,-1413841512,1044941728,1754278755,2427100581,-721101772,-825038862,60078546,151715043,5883003,-12716058,-1120764,463716,-16155,-10173,6876,1047,-186,3,9,1 # cft deg4 r=0
674009995,-845889510,2693109195,-176139475,-185283594,-847149153,-192372701,331213443,560684712,471568732,257091999,93810603,22213587,4616787,1175769,-73942,104427,-16728,13564,903,1212,112,54,3,1 # cft deg4 r=0
8290762891696,-4454574234096,2848647168528,441133195350,-357936098463,314062440639,3786142730,-19445685042,19636310928,-2552091281,-62875650,482252043,-100247712,9127104,5204085,-1763552,246828,12549,-15600,3093,102,-20,12,3,1 # cft deg4 r=0
5909273993776,-1043979151776,673627503864,1733655133582,-95036177619,-254850148872,-26160619227,40974221178,19273983834,-2138801630,-2330015655,-338857623,170199309,68985909,9640095,-4370081,-1713801,-221991,72407,30420,651,-870,-69,9,1 # cft deg4 r=0
7137115411,11813835737,7507719589,2631933753,1737451330,1557327995,1104815231,694554534,433626488,223305317,95804663,39557671,16329202,5283787,2012595,850730,211948,81424,30955,4659,1541,255,42,3,1 # cft deg4 r=0
22019818571,-9563095071,-25122184619,-46930781303,199645860001,-274263337226,227715700228,-138267575778,69203243022,-30705542438,12355456157,-4492872165,1479667503,-447074357,125468927,-32290298,7496574,-1550874,292514,-49590,7519,-949,113,-11,1 # cft deg4 r=0
194943856,943714824,2320997872,2848716880,1893604907,-286286328,-656296453,-56466745,1328894881,1169047001,1051005322,596869444,305468171,125082137,44741818,13419187,3506007,788079,161294,26294,3923,497,67,5,1 # cft deg4 r=0
16388677231,5368486394,-18207900435,4284326115,5995180935,-4285484626,1998121101,-752835952,187939037,-37645545,29666853,2916917,-2083009,1796469,-521826,-61514,82390,-18383,3333,160,-289,-14,9,-1,1 # cft deg4 r=0
833120831,-4184032442,3832503906,3731186759,-1889564544,5242068980,3467456436,-1234267261,1637983584,129762382,293308428,107010667,55613733,20803382,10727291,3128347,1158703,296918,67386,13702,2743,235,83,1,1 # cft deg4 r=0
231386096681,99603625622,-50408749662,104720895960,119534042057,-15104499874,-23833856943,-14785217269,106287251,1042963391,1324681300,114050191,158021067,-26220796,8193375,-1854187,170606,-70816,9526,-3055,1068,-192,14,-5,1 # cft deg4 r=0
85545983433811,87902641114880,22867712551494,-7188966110294,1959080885253,716868860268,569405031328,-434703178508,82851814339,24707780944,-11485783164,1710053160,400773917,-122816272,21951418,2132416,-79729,161078,-5080,5676,1109,-28,34,0,1 # cft deg4 r=0
53515355696191,-21178869739951,297245698688,-5393267326281,2610099031209,-995969246350,640769621300,80354461050,-110874946764,-14180401507,7525465410,3480223370,-624568337,-297377411,48031806,10079071,-1783770,-32068,-6390,-5643,2876,22,-84,3,1 # cft deg4 r=0
9747624567071,-8677287948855,3963200814945,-388101005844,-252030339730,-26856764182,74286189155,-39044722630,10594889691,86004574,1270778674,352612578,376258699,87230752,45905779,11359886,3861952,827998,219213,37252,8057,898,149,8,1 # cft deg4 r=0
49829501881,-19151099850,30100841760,-44483043386,12541749500,55530486447,-30706446260,-22400453970,15026516731,4504133541,-3721362536,-442688293,556924609,7440223,-50735001,2315074,2962937,-222758,-113427,10678,3072,-273,-46,7,1 # cft deg4 r=0
196248784651,567487721193,1507115201511,1624021174899,273560198016,-509085911395,-176666867459,98852537324,44626304614,-9993521953,-5685589257,438284157,472396978,54122317,-29319679,-11055888,1991048,825238,-107349,-33943,3883,775,-82,-9,1 # cft deg4 r=0
15653831041,-21215913343,24530344585,-19785484259,14271356382,-8490996651,6131012210,-4011159712,2986569228,-2020935357,1256748677,-635633762,279554912,-107986942,38560801,-12306645,3575682,-900176,207672,-40211,7250,-1011,135,-11,1 # cft deg4 r=0
296037534211,-1230552391804,1951815842102,2864583845966,-1303126563893,280536320324,417426978130,-390102050145,203820179197,-77899482570,25489449029,-6170428649,1788287247,-285745520,110499007,-11321144,6855886,-260698,352581,-10703,11942,-432,191,-5,1 # cft deg4 r=0
94622587861,-226388801903,169659322215,43514202451,-180388816243,159029516734,-45135134420,-23434494422,32561216338,-18391307352,7174726797,-2267661557,662211367,-187614577,48556801,-11127220,2243382,-441476,85052,-15996,3135,-581,105,-11,1 # cft deg4 r=0
2900511837071,-5642322085644,3021265794545,1261054543864,-1181364081555,-392375350786,367107371893,87104788339,-49999130907,-21732548763,4121763595,3654502380,512511908,-50683697,14139264,15639183,2527067,-85139,-2150,21542,4386,69,-2,7,1 # cft deg4 r=0
6268124169,8139053259,16337821176,15376796946,16913736738,13675563666,10507750200,5965682661,3200983695,1351358124,613370181,218471796,91361198,24084196,8675942,1018809,499323,-67015,25750,-10782,2785,-569,127,-17,1 # cft deg4 r=0
68561652877,278095993030,573716650156,778950765440,827628244618,689885390948,486400137833,286188685102,146867851443,64992993692,25593678568,8895965358,2803768635,789082834,205067008,47744270,10424945,2016548,375111,57932,9315,1014,143,8,1 # cft deg4 r=0
1223579,14534954,92736933,364528306,928172691,1482437358,1294915156,301709481,-211691127,-34907300,123584272,83807353,17167395,-7626256,-3040049,2174910,1376000,140445,-28956,4699,2644,-147,-38,7,1 # cft deg4 r=0
74547970551,-500174593566,1553728519481,-3007314946512,4134785375813,-4352249254983,3664651623817,-2531007979032,1455062767384,-702452936452,286215877643,-98660097299,28752970018,-7046626337,1435966999,-240665353,34015100,-4692961,750716,-114125,11386,-654,79,-15,1 # cft deg4 r=0
63941699,-190782275,474355499,1423762080,6781983376,-15386000054,16651292151,-14018658484,10256538168,-6255555295,3340854702,-1595008482,645861807,-223854814,66970160,-15965035,3316653,-717313,83607,7594,-38,-687,10,9,1 # cft deg4 r=0
1554163984,1859384384,-27226228,-3803610804,2885705543,-1448612296,1186482669,-675568850,217808950,-49002386,24354707,-4426039,-3502029,3980745,-1776255,288209,61557,-47961,18395,-5822,1537,-356,63,-9,1 # cft deg4 r=0
40698834944,22845289472,29686469888,-4636172224,21894552976,-9977277176,10277680024,-6243503708,4604879767,-2653640862,1448984967,-671127432,274829730,-98065336,31030091,-8572395,2167548,-465639,102269,-15537,3633,-223,94,1,1 # cft deg4 r=0
26993256723,52791516639,38769602922,5753195934,9920222114,8948966179,-2274195656,671084108,1958410875,-1179879900,764479827,-431521425,290764861,-145496751,68091799,-23974374,7745694,-1977089,467437,-86447,14884,-1893,221,-16,1 # cft deg4 r=0
66216197647,-64886628672,397414516412,-1013709803504,1643224773517,-1911151388278,1667886074943,-1134474667233,622869732666,-283827462222,109379137850,-36159815386,10396590420,-2633543308,594371600,-120957721,22548483,-3875130,609464,-88457,11285,-1213,132,-7,1 # cft deg4 r=0
16932324997,54689765487,74120143384,42489852091,15866303456,2953067407,2058491300,-620972527,-1060270805,-113464758,441216250,252550821,201481731,49546239,24857640,-491124,76329,-522541,73684,9328,3112,-525,-36,-4,1 # cft deg4 r=0
1896179117,-1711292170,5165004740,-472711722,5769366547,211669038,2980172500,-37216408,859717086,-93602066,162726624,-37281006,23670655,-7664718,3024880,-982696,344186,-86294,31104,-5354,1919,-214,68,-4,1 # cft deg4 r=0
2590531357,24610785172,87583008728,142701816228,95636517714,-9591870108,-41371282188,-7517460196,13444559975,4828157080,-1959394272,-1069180456,278777532,130794840,-28371976,-10414104,1979195,535188,-96664,-18300,3378,388,-76,-4,1 # cft deg4 r=0
581517056,-291189760,622680320,41308416,494655616,144504320,228539072,96186624,61630016,31419200,10941312,4945664,1601712,149440,146352,-31472,-11032,-696,-2828,-72,28,-60,26,-4,1 # cft deg4 r=0
23737088,248478208,974696704,1756647168,1346772864,-77248256,-698386752,-230805120,193858240,113108992,-26956544,-29260288,1458704,4154592,30256,-467616,-1128,38600,924,-2464,180,124,-4,-4,1 # cft deg4 r=0
4381596287,-3250947403,-824621276,2966388739,3059793748,2846812047,2045959336,1101948360,603543834,265938138,118094334,45112816,16752776,6120734,1834783,618110,189537,46636,14049,3640,565,162,29,1,1 # cft deg4 r=0
4147440409,-12786704546,24046117704,-32813208043,34405626318,-29373942619,21179984781,-13038074276,6916073639,-3196835237,1287145083,-444603493,129167198,-30712728,5622522,-642464,14066,-1444,5583,-1764,384,-64,-3,4,1 # cft deg4 r=0
3769607,22943318,15728496,-79687654,90039697,47524211,-44723037,22178618,38631349,29967974,28551004,22524390,12614733,5552932,2631874,901234,211071,70427,23447,4195,750,236,29,1,1 # cft deg4 r=0
6737733,-30584139,109836769,7851271,69253750,-63075457,-18232583,-11327827,8768654,8123847,-732427,-1331875,117219,108632,33861,-14111,-9201,8451,54,-699,206,-10,-4,-3,1 # cft deg4 r=0
1464953,16001391,72357425,10253709,55151023,46078306,6393131,40477047,19016270,5275164,11226075,4588674,2008179,1492616,502477,250038,94836,29095,11871,2650,943,145,45,5,1 # cft deg4 r=0
1384907851,-1018903284,5065702752,-5330935586,4899042466,-2881472888,-1885252309,525364604,1225035671,61372896,-207754468,-48596440,25000993,6797020,-1939706,-737182,164275,53944,-7395,-3050,565,120,-13,-4,1 # cft deg4 r=0
327327001,-1067854876,1577322428,-1321049654,569706266,90865452,-234571571,262608684,-28427841,34204560,43442980,-3187720,9816827,1053764,-611310,490646,-175939,-5156,5767,-5534,1749,-284,77,-4,1 # cft deg4 r=0
542383,2526693,4165349,1791244,-2627159,-2889615,624908,2210121,878582,-221726,-100974,144803,77989,-14816,-13267,3386,2906,611,438,287,95,6,14,2,1 # cft deg4 r=0
5233520974941,-6629773065174,12105869213718,-8374654619814,6356196180838,-3241643453958,1681728809209,-723915145990,337541619148,-127658877416,53645945750,-17126706088,5836225513,-1482854998,429459740,-75255288,22498024,-1968910,821683,-15140,18838,292,228,4,1 # cft deg4 r=0
47955712,49486080,9856448,43646624,15466304,-43420440,-37551044,-3689214,-12185621,-7733784,30706038,-15197580,9072305,-1378528,-334749,463110,-105994,32422,13695,-2668,1399,32,73,4,1 # cft deg4 r=0
61011721,0,-636799722,0,22984347623,0,35646559083,0,20823676403,0,9491302743,0,4955797265,0,623378010,0,36647885,0,1197414,0,22562,0,231,0,1 # cft deg4 r=0
476208769,804011771,1357660971,-1093403934,-2886369892,-1896190303,516108083,1069543664,1353042446,874995108,568211392,217256942,127270193,27453118,18072292,1903728,1718003,64057,109607,-56,4445,-84,102,-2,1 # cft deg4 r=0
9399409712,19128502008,21282008888,3482778376,-2584988791,-4250111782,3491391840,-1677562592,2530863285,-716678202,723377228,-66460046,149705804,12868058,22187751,3870994,2346573,458328,165872,28390,6881,866,141,10,1 # cft deg4 r=0
5426965413,-4766886531,4168116225,-574727238,2621569122,-1123008273,902538179,-447920634,327132126,-173737968,89146134,-37114590,19232979,-8633766,2931264,-1044776,403905,-126063,35591,-8922,1971,-350,60,-6,1 # cft deg4 r=0
43406599,309777454,993369286,1860885904,2680449517,2884313697,2545196347,1712360128,1026331782,471526094,218333977,69638010,35862472,8464867,6531000,1274343,949964,145583,81584,8660,3828,231,93,2,1 # cft deg4 r=0
542470640643,-172858077702,-85946111667,-141187941459,44204847012,82986332274,63771533775,40257042660,7072105725,-4808271324,-2312310213,170938533,323177822,41343486,-20051749,-5012502,687263,266622,-21871,-9752,958,307,-34,-7,1 # cft deg4 r=0
745033,14650900,105541599,-391832879,298826556,197558336,-223512024,10141657,67290808,-13555217,-18093084,2846527,4469419,-506359,-675843,-20876,73995,1953,-3386,550,501,-30,-19,1,1 # cft deg4 r=0
253704069956,-625168560736,961042306792,-981002859792,829076368702,-561706093104,341254117372,-172548620336,82568899977,-33169751768,12908603856,-4255417392,1376618420,-372802664,102853208,-22486192,5413394,-924232,202504,-23968,5566,-296,108,0,1 # cft deg4 r=0
2820617184200,2524047720800,3197531244080,2104015938880,1703695835224,949473107840,534591282816,240264995840,102908611652,36724219200,12506537824,3511973440,965297488,213076960,47657776,8396480,1628642,249880,52044,6000,1758,80,56,0,1 # cft deg4 r=0
79784304209,-75197549400,36996192460,-18573049344,20710130860,8267086280,10444875780,7286438488,6181815840,4015484208,2126268924,821221984,234033350,33507880,-2684988,-3567312,-858081,-93600,24376,5544,1364,-216,0,-8,1 # cft deg4 r=0
480087104,-763124992,541253504,317825792,10441728,-435050624,674866176,-525519488,338875216,-266839808,192187712,-96045888,32148216,-5677216,-784720,857344,-226280,13888,9088,-3232,298,120,-28,0,1 # cft deg4 r=0
316111936,-843969280,1919742080,-2776984832,3346300032,-3201829504,2647233152,-1953403008,1317243536,-811136128,431574784,-187445824,63997688,-16172896,2764496,-271616,-17880,17216,144,-2656,730,8,-28,0,1 # cft deg4 r=0
1093224446,1634309072,1020998968,849949064,665178652,431076984,272975708,77677128,69312861,17660504,-9751776,12673776,569728,-708856,1056624,-314240,62360,19624,-8200,2504,-268,-16,36,-8,1 # cft deg4 r=0
240866599,1415300856,-17791592,-8156743960,-802526180,6641785656,2494919444,3118487848,8087898235,9449979184,7327019668,4002898968,1648978534,424626072,131388060,19362304,6758354,570168,269532,10136,7070,48,116,0,1 # cft deg4 r=0
833318856769,0,1031458302540,0,672034550102,0,261319501604,0,81626220255,0,15304469976,0,1940957396,0,185835368,0,12694815,0,545948,0,13462,0,180,0,1 # cft deg4 r=0
3658083991,-1976495672,51712336,2783607720,-712865990,-1700142272,2087203024,-446600032,-290623529,115830992,85896864,-47017008,470468,2283232,880608,-163488,-55695,392,1616,-856,90,-32,16,0,1 # cft deg4 r=0
3282709830625,0,2987560562500,0,1257024459650,0,169160097700,0,48265777791,0,7885447880,0,990017724,0,111739240,0,9326751,0,482740,0,12994,0,180,0,1 # cft deg4 r=0
236010384481,0,-570019132060,0,234254777974,0,232048248524,0,64994037407,0,10174608392,0,1028079252,0,75102584,0,4389183,0,203220,0,6582,0,124,0,1 # cft deg4 r=0
859,-315747,-1422167,65937057,-89120726,-330692437,469486412,602907754,-810448106,-572121309,620670366,336447791,-231892588,-120571768,40788612,23671897,-2850717,-2389710,-18927,109845,9202,-1596,-186,7,1 # cft deg4 r=24
1681,8692,46980,136524,130124,-184464,-463840,-53884,792991,856820,-14208,-565532,-290586,78508,112852,29456,-5240,-7092,-2988,-424,270,208,68,12,1 # cft deg4 r=0
109233103,-2492137256,6662806752,-8378147540,7127872052,-4311955956,476295716,2368619688,-2087574823,74469540,735097394,-233888000,-123683875,64308752,11377734,-9095852,-511712,764548,-630,-38288,1301,1048,-62,-12,1 # cft deg4 r=12
-27777049,89318212,520237212,440289362,-647777071,-1123544636,-140340913,646317314,382263923,-33066190,-105289655,-51099636,-12757027,3345148,4056615,1130416,79309,-53594,-36668,-4784,2049,326,-65,-6,1 # cft deg4 r=12
162767266943,-100642912148,81071122964,-35458579148,13135371465,-867072440,5494970486,-314530868,-3348632993,1175902544,843226068,-429853096,-110236095,80115636,8916426,-9184788,-388011,683160,3092,-32448,783,908,-46,-12,1 # cft deg4 r=0
-3444191,16226364,3924914,-21607496,-8907015,18132112,15666456,-7381892,-2910983,991208,-795612,-197900,407941,330260,-61764,-162908,10363,37968,-4120,-4364,721,228,-48,-4,1 # cft deg4 r=6
32800950233,16463285184,-166582016246,-28016803144,201729436451,79964492056,-115635747780,-54658879052,44467942373,19851266952,-10728325370,-4184230324,1673193803,528876364,-172936674,-40696276,11737673,1896660,-507804,-51284,13191,720,-182,-4,1 # cft deg4 r=12
-551329,-7016756,-7629484,2133340,44253801,67560396,-176714200,13887860,104642151,-8202148,-35287858,-6598400,10874183,3871988,-2800056,-806116,454219,88752,-42762,-6040,2395,228,-72,-4,1 # cft deg4 r=6
26546521,-89801696,-27212446,81171688,122262899,80641292,-108908724,-98843148,46945057,97260800,-16848706,-56614632,6074035,17242544,-1685094,-2976168,297445,305704,-32316,-18372,2047,596,-70,-8,1 # cft deg4 r=12
4809133639,19690132020,42636426252,52510558994,34335424212,5943708600,-6803110133,-3294014184,1821140217,2070803378,444988974,-251688228,-154171766,-8862342,14897325,3670868,-552564,-301032,4069,15990,1230,-478,-57,6,1 # cft deg4 r=0
-158919003,-869361174,-1466693568,103624596,2938998411,2518922772,-1087503138,-2430854712,-436157379,950652774,445640940,-167550930,-144319995,5021622,23831172,2915568,-2089881,-485406,87960,33030,-837,-1038,-48,12,1 # cft deg4 r=12
22921309,266854800,1343723700,3839988136,6867485124,7993321584,6115717234,3080916306,1083198969,339464824,92207352,-13594704,-22499513,-1024986,4135164,506122,-693180,-214632,24418,17814,921,-554,-66,6,1 # cft deg4 r=12
105058127233,122091021066,78116127852,62062942774,39913897872,14895343290,5081299830,2223569448,489021849,36389380,79468578,39945078,578111,-1972662,-482460,-624040,-235584,43668,38914,3642,-1893,-438,12,12,1 # cft deg4 r=0
1,0,-114,-94,663,-996,6368,-11052,-30459,95780,31908,-234768,26677,339612,-117618,-157520,65751,30726,-14584,-2604,1485,76,-66,0,1 # cft deg4 r=12
26521,657420,39384,-6701828,8349576,-7095516,14904398,-10303074,3072993,-5044772,3165624,2187144,-2688737,345378,574920,-231706,-47244,41724,194,-4062,309,230,-30,-6,1 # cft deg4 r=12
24210013,-17686278,35839542,31920938,19571712,44394972,32477230,14209332,15865263,7166792,1014162,1203000,705585,-62592,-75450,15808,18342,-2910,-1826,324,279,-20,-18,0,1 # cft deg4 r=0
-6094751,-39132990,-67903318,7704678,85966906,97013772,107454498,-160009258,-149658161,94362212,76893018,-31571944,-22593191,7375130,4198920,-1300994,-492098,170066,30942,-14226,-481,602,-30,-10,1 # cft deg4 r=12
-339023,-3329806,17787520,65858,-32908225,10315736,32020914,-1242300,-47058787,28436554,14585010,-20479686,3366503,4421238,-2229096,-492216,399785,-6340,-57680,1238,4409,170,-112,-4,1 # cft deg4 r=12
616031221,-2135276936,3468217630,-3380913824,2119082782,-847659462,196665122,-2763188,-39667057,43860292,-26031424,5100854,3947653,-3395142,996864,37392,-112094,22178,5986,-3162,197,134,-20,-4,1 # cft deg4 r=0
-1119287,69353128,-52716100,-534187224,669821321,297701566,-585962688,-53076228,255901621,12863588,-110198302,20213374,29165225,-14831470,-993226,2633846,-604737,-111010,72486,-7344,-2267,614,-16,-10,1 # cft deg4 r=12
324617761,-715387712,580668710,-17452656,-177881870,-167922406,520647590,-465182340,189923271,-564164,-35109372,12192582,2553353,-2927998,520208,266256,-139774,8258,11314,-3034,-155,198,-20,-4,1 # cft deg4 r=0
66440233,89742218,59894968,19237036,11287066,14912066,25231176,26155238,22901025,14569388,7675766,2774386,848143,137418,38868,15588,20708,9452,3952,800,7,-92,-22,0,1 # cft deg4 r=0
5752981,5907414,12162724,15849660,33930446,33756134,40906092,33110878,27348429,19082792,12291586,6335682,2996095,1329194,552908,168996,33388,4972,2496,1232,175,-52,-22,0,1 # cft deg4 r=0
3637,-2782948,22759356,-59458946,42376473,35580866,-53080506,-6024182,30646786,-4799376,-9092696,3152190,264573,410894,-309422,-68018,56258,-1088,-272,-1606,217,194,-50,-2,1 # cft deg4 r=12
644992,42382592,230548864,-241257264,-444560796,295342144,579253296,-344795192,-385760416,253945832,137644088,-106446952,-27760507,26793576,2995754,-4170456,-101413,399360,-13268,-22560,1683,672,-70,-8,1 # cft deg4 r=12
15457093,21348166,30287830,2681274,17983293,12214526,1974184,-599432,1424894,536846,-365726,-141010,253445,153106,52224,16952,8126,-102,798,954,317,-54,-12,4,1 # cft deg4 r=0
91383037,142784030,135434934,116349930,81831717,23984910,4506312,-1741768,-1696714,275798,316066,-179554,236989,48898,17248,4472,14854,1362,510,234,53,-54,-12,4,1 # cft deg4 r=0
-27374987,51162408,93572942,-234976960,77978073,89634304,-91267406,53038376,-3191970,-22306504,10004694,-42368,-11059,-216496,-110218,86216,3474,-8328,-1550,1376,85,-160,-10,8,1 # cft deg4 r=12
-8144624,-32147072,906862576,-2565144432,2385130900,469245888,-2504596920,1563367448,230255716,-710852312,258293576,67869776,-72060443,8638620,8014914,-2636164,-363993,283480,-10188,-15728,1955,420,-78,-4,1 # cft deg4 r=12
9776029,-21613772,88966574,-125668676,241238417,-217712260,227907150,-136965920,83806502,-31264476,11706110,-1599916,520133,99972,-6838,38608,10458,1628,-678,828,237,-60,2,8,1 # cft deg4 r=0
20128777,-30946892,98027414,-117338244,119155625,-103324796,76310766,-47362320,28690330,-11998108,4270694,-773228,114413,-45124,165674,-83152,20358,-1684,-3006,972,157,-100,2,8,1 # cft deg4 r=0
65677,-1485898,-11619962,-3101228,74003904,32598876,-195275764,-45704604,255131751,11218156,-175149330,11706172,66915197,-7986354,-14782320,1943306,1934394,-224506,-149340,12464,6463,-292,-136,2,1 # cft deg4 r=24
97729,-2969024,-8644086,-21920390,-73114780,-142171714,-130649040,-31706222,29436723,5760920,-18192480,2369306,23637653,17227498,2678304,-2528876,-1386534,-139730,79652,23380,-163,-792,-66,8,1 # cft deg4 r=12
85300717,146446566,34133536,-230539308,-515602097,-633715624,-572030288,-445357254,-321078679,-235835662,-173858070,-93833360,-17453203,14134620,10307068,1710094,-714489,-329452,-10496,17360,2553,-354,-88,2,1 # cft deg4 r=12
-2239199,-154523374,-729122964,-1671615188,-2625332005,-3276845860,-3354126540,-2791788190,-1937481727,-1189942514,-631649170,-221809000,4740397,54322684,26517636,3187566,-1747753,-685080,-23708,29320,4205,-458,-112,2,1 # cft deg4 r=12
3659869,26969460,72916546,66324722,-77542664,-240128922,-182513972,56510002,179397915,86836608,-31798928,-41797798,-669339,14152762,5421480,-1118908,-1208986,-187754,63440,22868,153,-760,-66,8,1 # cft deg4 r=12
114905869,541913736,1309136790,2065212266,2408123484,2223623870,1708462332,1135340850,677872831,379058748,205087076,107292902,52602105,23304294,9115540,3085116,866862,180570,17652,-4272,-2195,-380,-6,8,1 # cft deg4 r=0
33940609,-188548714,371543566,3038869772,5372337797,4625505078,2799519964,2690362006,3435035141,3268657210,2255860022,1205639202,524069375,192204530,60902096,16702476,3898177,741986,106138,9688,279,20,30,8,1 # cft deg4 r=0
111973,360480,-4181554,-29940066,-71459234,-35485798,167914900,383032512,313093483,-9972828,-221061556,-157596902,-10870019,41848488,21233110,669314,-2602574,-739882,39248,48210,5117,-786,-150,2,1 # cft deg4 r=24
48767796841,-33533190662,1433893232,-5379910098,12034279603,-7193712052,3383551280,-995487666,-197756679,337393594,-77544588,-7224180,20799803,4225088,943388,12810,123893,89990,15616,368,-965,-234,-8,2,1 # cft deg4 r=0
27045577,65097318,103190820,110969160,91020122,55088706,27383536,12607658,9773873,9419388,9311254,7588122,5473635,3320410,1746192,759788,274040,82172,19932,2964,-289,-192,-2,8,1 # cft deg4 r=0
-246059,-1419016,3562226,956876,-6739838,5351926,3079862,-7819888,60124,5583130,-1167064,-2449266,913984,650098,-348544,-104612,78465,10420,-11496,-450,1068,-22,-54,2,1 # cft deg4 r=12
517393,2426522,2952728,-2333056,-7369688,-3822338,1852952,3184352,1610113,-2143796,-2388502,1742802,1863103,-814376,-783634,210190,182280,-31604,-23928,2718,1743,-118,-66,2,1 # cft deg4 r=12
7009789,2529924,18254086,-9729226,27041532,-8430718,24536316,1229366,16334847,3073276,6195712,1351930,1333621,344866,232004,56948,23386,5918,104,120,-103,-60,10,8,1 # cft deg4 r=0
6511297,-38640,26810650,-346738,22263240,942818,7042956,3265022,691479,782980,483112,-115070,502573,39226,166172,68948,38158,17510,4640,1272,161,-36,10,8,1 # cft deg4 r=0
10814581,88512906,291036450,584141782,686740056,269294100,-193144256,-193243446,-35116191,32783758,65045748,60746754,28187272,7043154,715020,-760160,-610128,-132498,27802,15564,768,-536,-66,6,1 # cft deg4 r=12
2750861593,1352204184,-7097120850,321003496,7342878960,-2631942846,-3865510710,2120840604,1252181850,-852471766,-280044342,211806594,46573838,-35155386,-6008076,3998900,602787,-309072,-45114,15534,2322,-458,-72,6,1 # cft deg4 r=12
-1048787,-1110852,4406790,4175032,-1715784,8856654,7342602,-22976100,-28995270,-19640418,-34693110,-37590222,-9393138,10697334,8044752,1011700,-799101,-277908,15062,19014,1362,-554,-72,6,1 # cft deg4 r=12
523946377,-1274897406,-7588408554,13091644190,4177952760,-13848801864,162900044,6568062930,-454347027,-1908049222,97753872,376491114,-3389360,-51977622,-1846920,5037976,373680,-339750,-35806,15492,2016,-440,-66,6,1 # cft deg4 r=12
-17272907,-3895018,65417540,-1186730,-169211417,-504280,254316990,-36645904,-163532683,47264862,33178778,-13043846,1076923,573762,-929168,79108,70201,-11988,-3176,3366,493,-326,-40,8,1 # cft deg4 r=12
31608841,-509593822,2745606164,-5975981962,4684691730,3177639698,-9637901606,7920621558,-2098235791,-1106596108,1021502242,-233815774,-49680613,35318212,-2777374,-2435738,528104,161716,-61798,-6092,4131,-76,-96,2,1 # cft deg4 r=12
320942173,-91400308,334390212,-443253948,806508702,-757556308,621901822,-333632720,149301737,-38581792,8717196,21180,473867,-320252,284650,-82880,3972,10072,-5222,180,365,-108,-10,8,1 # cft deg4 r=0
37806553,-78434356,210106356,-252020508,256838142,-207146516,148269802,-84248480,33072989,-2873384,-3612012,4297740,-2196341,623292,289330,-247488,89388,5272,-7602,1620,481,-140,-10,8,1 # cft deg4 r=0
548063437,2171155340,6111609422,11245012102,15481162372,16388479994,13869893176,9468262322,5226068823,2281118236,738750812,137920718,-16145151,-24556882,-10121092,-2130020,15054,172610,55684,5648,-1331,-452,-22,8,1 # cft deg4 r=0
263922381,946258848,2633613210,4636657350,6657296976,7615016298,7269708900,5811922146,3883493359,2143583068,950521892,316727230,65004105,-1103906,-6386172,-2162276,-145898,137834,52056,4928,-1575,-484,-22,8,1 # cft deg4 r=0
200869,-1718136,-897318,9680848,-21309540,3651618,47961110,-43898292,-16293270,29588974,-794454,-8377362,909862,1683846,-235800,-288244,55023,34920,-6970,-3390,606,218,-36,-6,1 # cft deg4 r=12
1573,2574,-32526,-53950,79716,93756,299400,666870,268401,213670,212496,-485802,-152668,396354,35628,-151952,492,30930,-1758,-3564,348,224,-30,-6,1 # cft deg4 r=12
-3189563,1187862,14339442,-14369134,-10442016,15798120,6468132,-13283106,-2052231,7794226,281952,-3486186,135104,1147002,-89004,-275600,28524,45462,-5538,-4764,660,272,-42,-6,1 # cft deg4 r=12
373,-632172,-752538,1377616,5351292,4064430,-9332338,-9696780,1232790,1810306,614178,1057614,-91754,-355314,5904,5636,-4629,12564,326,-2406,150,194,-24,-6,1 # cft deg4 r=12
-21225971,94760640,-37404694,-269715920,270784580,143152330,-370785182,110618920,175800238,-133608770,-16316658,46527182,-9795126,-6483874,2863652,356136,-363377,2292,35262,-5454,-1418,458,-8,-10,1 # cft deg4 r=12
-196391,-1418794,13839666,-37596042,50781396,-38546220,19326996,-11838190,6113981,6041878,-11988448,5702882,1710588,-2667826,608104,350572,-200012,206,22018,-3920,-960,348,-2,-10,1 # cft deg4 r=12
-87757163,66174550,437971554,-953809346,430848948,907341892,-1368788168,442767266,438360837,-381574914,-6632996,113054042,-31088604,-15240986,8997920,201556,-1067024,159502,56486,-16648,-820,676,-34,-10,1 # cft deg4 r=12
-11999,214266,1110330,-6629358,-25233256,14703768,39565636,-37100310,-3068883,14238414,3574076,-7614086,-395780,1597158,-175924,159652,-147956,2390,23214,-4532,-1048,392,-6,-10,1 # cft deg4 r=12
-563,-47288,-150586,64208,391204,-50694,-245358,-76972,22654,215758,-8958,-227646,30682,142970,-22524,-54912,8175,13320,-1926,-1958,282,162,-24,-6,1 # cft deg4 r=12
-11,-548,-2870,19376,6280,-70534,-34610,28116,114862,63858,8574,224698,260778,35230,-106952,-19344,53099,17320,-9330,-3438,834,250,-44,-6,1 # cft deg4 r=12
2411,-15246,21980,-16602,54484,239766,-635277,-317264,1812811,160662,-2388162,51436,2017823,279738,-774204,-160564,159591,34934,-19383,-3714,1407,194,-57,-4,1 # cft deg4 r=12
43893296,-113804288,-531349248,-1036288,1456989696,1546763088,231066368,-389759264,-168963656,-24538640,-16506328,5149264,9196212,994832,-521304,39384,-35252,-34016,5332,2804,-754,-220,38,14,1 # cft deg4 r=18
-976,-27776,-225632,-486272,622176,3749968,4420800,-940992,-5914312,-3911440,686888,1947760,843636,40288,-112408,-74968,-27972,-4424,420,380,290,196,74,14,1 # cft deg4 r=18
401,88890,2155262,-21602574,-46115387,126261978,450277812,494626732,182156998,-91060626,-128178474,-57293978,-4429687,9931650,5824260,803948,-437334,-155542,13398,11946,501,-418,-36,8,1 # cft deg4 r=12
-51101104,7041920,-54961440,189528800,-14521600,90026784,-156803232,2324352,48068304,-3450960,-8558896,4299952,-2291748,616816,68152,-93176,52696,-17592,3444,-1016,-56,200,-36,-4,1 # cft deg4 r=6
-29239984,-42243456,-32813344,15486176,6926400,-49762656,-67918368,-1872640,33351952,-9633936,-29973104,-5234384,7395132,1898064,-938440,-270520,87112,32328,-6380,-3096,504,168,-36,-4,1 # cft deg4 r=6
13415861,32679726,-8624018,-106695154,-95541566,82455534,207955066,137936282,13370619,-25780252,-9316804,1657988,1212968,56284,3892,23956,2335,-2594,-1290,62,214,6,-14,2,1 # cft deg4 r=0
-26959,223974,-742610,1175868,-667328,-580336,1279847,-1113936,567131,211146,-528578,-54492,455125,-96270,-211046,91690,45997,-27752,-5497,3964,451,-280,-29,8,1 # cft deg4 r=12
356,-12720,9724,2290284,-13249636,1024568,39575986,55813848,26479130,-12602928,-22452318,-9197106,2555535,3859502,991477,-411400,-286034,-20450,25767,6646,-602,-412,-25,8,1 # cft deg4 r=12
964,4336,-22484,-53908,124396,126392,-264638,13688,163674,-97872,-39262,63134,-1953,-22954,7277,6936,-3134,-1666,743,270,-170,-68,11,8,1 # cft deg4 r=12
16889,-14466,-249230,146484,1808880,431408,-6513441,-8577368,961947,8624458,4144186,-2739796,-2829603,13938,785550,178330,-108719,-43848,7223,5076,-53,-304,-21,8,1 # cft deg4 r=12
23398649,149415938,223923347,-9428450,-166765387,-74060738,-105163075,-237303400,-100591103,148541192,137233754,-13873596,-51387783,-9284704,8827756,3095780,-690161,-404544,10929,25480,1474,-750,-76,8,1 # cft deg4 r=12
235617716,267129568,536130100,496553444,481364496,319334752,229087270,127571460,79849802,38927780,19056974,8235256,3453871,1243750,508089,158524,53898,15698,4855,1066,378,64,15,2,1 # cft deg4 r=0
-109559,-1080990,-966281,6898966,-2074371,-29788938,3349769,62926776,15104081,-54013448,-18533498,25381620,9120077,-7484040,-2494644,1452372,414319,-183984,-41783,14280,2410,-558,-76,8,1 # cft deg4 r=12
823118596,-523384496,1057040788,-631495292,505136616,-259642632,127112158,-44725508,23322950,-5340548,3249386,-956320,515355,-145162,99149,-19068,14242,-2294,1615,-214,150,-8,15,2,1 # cft deg4 r=0
434050816,-3685902848,-11793423616,24137791552,46474861440,-40665571664,-68371154996,25915840780,45573757365,-7281085932,-15574885920,833450860,2920837882,-1760840,-315795860,-8100536,20256075,748920,-775304,-29972,17230,564,-204,-4,1 # cft deg4 r=24
-25870144,-2557184,138230768,46846192,-248591228,-165441576,193314362,211563690,-46118611,-124040184,-17829217,37167732,12868005,-6534508,-3679738,546820,569294,256,-49672,-3150,2517,196,-73,-4,1 # cft deg4 r=12
-17725,1874850,3955960,-7487220,-22627041,2269662,44493493,21232220,-37958674,-33196476,13360445,21886814,688526,-7243154,-1941191,1096500,518520,-54746,-55297,-1130,2933,174,-81,-4,1 # cft deg4 r=12
-1,-118,670,-258,-8726,34574,-52223,-11148,167623,-234710,22308,276700,-272461,9366,130028,-58860,-18721,18346,-405,-2462,355,158,-33,-4,1 # cft deg4 r=12
-1838549,4716386,12234958,-25198202,-31606362,51523566,41658241,-58793020,-31583549,42252098,14017176,-19894732,-3354213,6153158,243676,-1215092,70911,145114,-18757,-9670,1735,318,-69,-4,1 # cft deg4 r=12
27059,-52728,-158113,273016,512315,-562762,-1188844,7676,1136777,810812,-124013,-484414,-200334,73078,78253,4016,-17951,-4492,3740,1782,-239,-232,-15,8,1 # cft deg4 r=12
89,1976,12134,34638,98964,228558,12187,-586214,-494273,277662,484542,120876,-96151,-84068,-14624,13372,-3479,-9424,-1167,1708,451,-102,-39,2,1 # cft deg4 r=12
22741,16270,-745886,1531372,392676,-1628252,-8088211,16854246,1301403,-24787560,8730694,17191774,-7612961,-8492758,1938070,2570558,55633,-344344,-54819,17424,4455,-250,-115,0,1 # cft deg4 r=12
1347394889,10349381524,23034919121,27279244354,13211939457,-13427195222,-33232715247,-33513900734,-18727840201,-2994266310,4370211896,4153597558,1593367927,55481046,-220119330,-92519808,-10612093,3308220,1315233,146384,-6798,-2794,-136,12,1 # cft deg4 r=12
72773671,203465228,291032759,277656578,212785361,147268446,105172816,85930852,70344923,44840472,20902029,10457446,8369240,5924264,2598739,767564,363607,271724,131474,33104,2717,-542,-117,0,1 # cft deg4 r=0
1301,-127560,2770198,-5372330,-47844,5767870,-3448169,341474,1078023,-1801634,691186,396412,-342859,106580,3084,-53052,24649,7216,-6095,-212,679,-30,-39,2,1 # cft deg4 r=12
32535259,235397120,474923815,159951472,-403354269,-296094218,73518396,74758452,-18187427,7123036,26921851,457866,-12759966,-3238650,2710097,1103752,-276059,-169092,9196,13510,561,-536,-51,8,1 # cft deg4 r=12
-941,16104,-60555,-89184,264336,-94148,-1011844,144408,1655698,117668,-1435720,-266544,753656,184970,-254700,-68876,56659,15178,-8251,-1970,761,138,-41,-4,1 # cft deg4 r=12
21789,58968,-131301,-480654,175284,1936386,2402226,567738,-1875420,-3491784,-3170646,-622980,1781012,1751618,312076,-440294,-276309,-16248,34255,10172,-367,-520,-41,8,1 # cft deg4 r=12
-6949,-199520,-1605602,-3238804,3920774,12151366,-2079277,-15236742,-2836297,9048024,3746914,-2722934,-1710430,478746,464671,-56298,-106702,-11476,11853,3262,-432,-256,-9,8,1 # cft deg4 r=12
1319,4944,-3799,-50312,-77424,113580,426512,101368,-946234,-830492,1171808,1707200,-504640,-1587286,-354192,498268,237763,-39654,-37195,-506,2477,154,-77,-4,1 # cft deg4 r=12
-4,8,788,612,-5460,252,-3266,18688,51850,-165180,69864,171318,-193597,964,93823,-35468,-16688,12428,483,-1886,214,138,-27,-4,1 # cft deg4 r=12
356114821,-784015090,893175906,-977420950,1092526116,-882592262,608901547,-415512454,245804503,-113963426,43873942,-15357992,4897797,-1421742,401992,-125852,42673,-5678,9,-284,215,-62,-11,2,1 # cft deg4 r=0
241,3974,12209,-17182,-120349,-102132,218163,364934,-115443,-495082,-77638,373154,149969,-171168,-98636,48240,35145,-8224,-7185,856,826,-56,-48,2,1 # cft deg4 r=18
361,4332,3249,-60648,-25631,247646,62890,-425296,-81339,346788,84493,-154318,-85078,56902,56055,-28432,-18557,11472,2316,-2394,95,208,-35,-4,1 # cft deg4 r=18
469661,-4558708,3276797,38182248,-46542647,-93346658,119246926,73556904,-128289159,-8983428,67159129,-13936462,-17991254,7433974,2294631,-1643752,-65437,189480,-15524,-11642,1767,352,-71,-4,1 # cft deg4 r=18
149,-4514,14525,559642,-4328673,6268772,-1538081,-16040650,18453181,12711790,-20757206,-4716462,11196201,442304,-3216536,122808,528577,-33184,-51213,3080,2858,-128,-84,2,1 # cft deg4 r=18
-24123409,-41466050,145332384,117434376,-321219980,-135510030,371525688,83750026,-257612131,-27581660,113988717,2790596,-33167125,1292996,6400013,-585044,-806526,111638,62875,-11744,-2611,666,29,-16,1 # cft deg4 r=12
603679,-5419898,-17800188,-33726430,-93536090,39696630,225279796,-10023390,-208706741,2577192,108770268,-6369488,-35085210,4681882,6993007,-1546700,-789866,260728,37776,-21380,364,720,-63,-8,1 # cft deg4 r=12
89897681,848727054,3500166191,8240354746,11987752458,10539915568,4300698479,-1352701282,-2663884073,-1114802058,184454682,327698296,74519084,-31815950,-17307420,350460,1676811,169390,-92067,-14596,3203,534,-75,-8,1 # cft deg4 r=12
28724081,71202036,-535387048,-755771712,2405748922,-341856246,437192526,-495848996,26542325,231141796,-708008783,-274079240,219567265,79059070,-30698923,-10549378,2534846,782424,-135621,-33596,4751,790,-101,-8,1 # cft deg4 r=12
51167902549,132672872648,181320318905,154552223218,85864948464,32164457726,12689428242,10361056708,8069822718,3620485270,660959508,-34669360,74541929,102382064,38154158,1658000,-2821476,-714876,27340,34212,2915,-628,-98,4,1 # cft deg4 r=0
99829,-1530778,3963981,15326192,4856469,-82836214,-91908109,108712228,191203077,-105953964,-164606012,97997140,55093169,-48944710,-647781,9159228,-2014026,-526008,261172,-17892,-7144,1314,3,-16,1 # cft deg4 r=12
-21810749,442336372,978599405,-6968109830,1505146269,10206386584,-2239700829,-196475122,-1431037391,-328430708,-247901316,-292849024,182394775,16815576,16365911,-16324778,-436704,1576036,-74264,-67596,5404,1300,-121,-10,1 # cft deg4 r=12
-1299056,6541744,74992456,-313181492,337141609,321856076,-1139016713,1000454558,222142,-630541986,406422019,16799072,-123149121,38526912,11556512,-8115032,105471,705376,-81255,-29982,5034,598,-123,-4,1 # cft deg4 r=12
2647093616,-461618608,-5742749772,6658617400,4088299695,-12404806218,-2450269733,8668364084,1192103038,-3234535458,-399881127,742520892,89994107,-111287696,-13596948,11104316,1372709,-732394,-91183,30740,3834,-746,-93,8,1 # cft deg4 r=12
-59057101,1138924808,-1448285435,-11854602570,-12314876155,-8904022908,-7366318653,-1745580550,-1008633087,34320864,133646196,-31746220,17690099,-3179476,-204129,4951822,515752,-631644,-104540,27464,5896,-448,-129,2,1 # cft deg4 r=12
-401,192662,-1378086,1721226,-4935902,10753866,5155015,-32103048,10403775,32234312,-17775716,-16724936,10469137,5198250,-3033688,-998434,486039,115420,-45665,-7718,2529,274,-77,-4,1 # cft deg4 r=12
-122224,456192,2625216,-9540448,-10760768,46749648,6442656,-76108576,8655432,50402480,-9957640,-15454336,4120116,2333504,-918360,-186960,123040,10512,-10924,-316,756,-32,-40,2,1 # cft deg4 r=18
4861,-17542,-613010,81742,1427598,954638,2591362,2797642,-2999117,-4406156,917020,2586156,9960,-900420,-105284,200852,38367,-29246,-7322,2630,810,-122,-46,2,1 # cft deg4 r=12
13264,-148704,-411040,407488,1135408,-581552,-1360608,412896,1070848,-63248,-791520,-16032,472468,-28784,-180064,22288,43664,-6352,-6876,920,690,-68,-40,2,1 # cft deg4 r=12
7121281,403734548,339175974,-1475162956,-413826091,-373231316,-168208238,299370524,-106885178,91746292,-27400734,9378316,3496121,-754268,1145398,-446724,227866,-62460,22138,-4540,1205,-188,42,-4,1 # cft deg4 r=6
-64250539,193806602,137415028,-840129690,187142490,1288791806,-695751440,-806054730,586028067,167711060,-158398456,-4204348,8817184,-1582764,1750080,127948,-134729,-1102,-11740,-1722,486,62,48,14,1 # cft deg4 r=18
-105963031,-209314492,-444757086,-440077020,-426464123,-226548524,-118943714,-51340196,-13989314,-8504956,-1232978,-2103588,-1383231,-900564,-466902,-122916,-45910,580,2910,3764,1133,76,-66,-4,1 # cft deg4 r=6
-317351,94282,8798956,8017134,-78307522,-160329330,126007376,664214886,675624707,82569284,-309828912,-215092540,-26669488,27577700,14457592,3322908,571699,150370,55044,14590,1842,126,56,14,1 # cft deg4 r=18
-6723632359,443806708,-2312803358,1931289348,-4236308875,499126740,-1026837026,342151068,55887326,-24505708,-14135634,-5726564,2795809,1777484,-48918,-393284,-68790,93940,-2178,-9036,1213,332,-66,-4,1 # cft deg4 r=6
183184,-1177856,-23506208,49548704,315643552,9647504,-543523616,24932288,259503912,9572304,-39324472,-16986880,-2247900,3550016,1454168,137808,-184760,-83992,-364,6972,1528,-200,-76,2,1 # cft deg4 r=18
270224,405536,834304,205824,-3606928,-7395120,-7723872,-2822464,5133152,8728688,5851072,931968,-1986524,-1518512,154784,523872,81120,-81112,-21772,5808,2006,-180,-76,2,1 # cft deg4 r=12
-229459,517346,3203090,10806,-12603498,-20325370,-13581282,1679418,14628179,15603156,3361428,-7273620,-5939336,37852,1873124,605380,-198897,-139750,-4598,11710,1970,-306,-82,2,1 # cft deg4 r=12
7859548849,6562761156,-2224290010,4025805396,-3373446363,1442466252,-1283037486,249658396,-171149850,30493060,10737058,2408972,5881049,-328796,721718,-192164,34394,-29068,4058,-2620,645,-156,42,-4,1 # cft deg4 r=6
-2339899,-21519690,267843,81736658,7910089,-76656518,31511297,51676154,-20515331,-17600364,8200018,6066906,-1933479,-2038616,148800,427652,33963,-52648,-9387,3780,958,-142,-48,2,1 # cft deg4 r=12
-33769,-322058,-1126952,-2058928,-2627587,-2633900,-1444946,-175222,12974,400094,1026564,663940,-447481,-614000,15664,234586,50210,-38798,-13058,3108,1329,-124,-60,2,1 # cft deg4 r=12
2459,-127194,665368,-1158384,-216983,4360388,-8001178,5268978,3735330,-10386946,7975900,-526892,-3151653,1574096,396992,-513238,53662,68930,-19306,-3540,1797,20,-68,2,1 # cft deg4 r=12
-751,-3306,2759,23474,-1259,-61798,6957,73146,-43703,-36772,62306,3634,-31707,7872,6788,-5572,-385,1720,-371,-212,142,-14,-12,2,1 # cft deg4 r=12
-11504,88896,1005920,-2526272,-9625312,30359776,-4881696,-49190272,28419400,32547008,-26158096,-10891320,11547476,1884000,-2921952,-131536,450032,-6236,-42692,1664,2430,-100,-76,2,1 # cft deg4 r=24
211,-11814,65354,-39734,-410248,765810,291046,-1397030,242679,894228,-227948,-167020,15700,-58252,8828,43172,3509,-11454,-2238,1442,420,-86,-34,2,1 # cft deg4 r=18
-641,-14698,371412,-555614,-18781535,92993346,-135158542,-10157392,184545128,-163411774,42147276,22475934,-25798839,15681422,-9284158,4805808,-1555456,154970,74268,-26718,1509,650,-94,-4,1 # cft deg4 r=18
-2406704,29870624,-12318816,-159886400,-111789584,107191216,147508864,2012896,-65177128,-14172400,24213120,9382200,-7185636,-3781448,1269856,853304,-121060,-114244,4044,9224,324,-416,-36,8,1 # cft deg4 r=12
1930736,7687968,3067456,-14930176,-24291200,-11572704,3171424,3353120,-10200,1509824,2571200,638504,-783100,-479912,48496,102736,9412,-13844,-3000,1148,376,-60,-26,2,1 # cft deg4 r=6
234749,559690,91060,-1587022,-1143558,2034350,2343264,-556182,-2396173,-1082300,1468216,1202828,-730592,-769420,168352,256036,-23137,-62910,-7308,5938,1286,-210,-64,2,1 # cft deg4 r=6
16,-704,11104,-75584,201632,81792,-1308992,1254848,2432632,-3362048,-2311280,3418856,1489124,-1688832,-629192,441296,159992,-61940,-23100,4504,1786,-156,-68,2,1 # cft deg4 r=24
-5429,101646,246976,-5677182,-2393355,34697138,-25366954,-37641816,52279636,-733230,-30744056,16046206,3567989,-6267778,1665006,598720,-455236,58306,30632,-11318,217,482,-66,-4,1 # cft deg4 r=18
-64829,466474,175390,-4646894,-373000,18485426,6200098,-32807302,-21752345,20508500,22303132,-832668,-8915564,-3230252,1242148,1018148,19925,-127278,-20090,7658,1860,-214,-70,2,1 # cft deg4 r=18
-8462704,164127392,-665488320,148948352,2576498928,-1821405168,-2386685472,1835764160,975152616,-893217424,-216902512,266211000,31097148,-50225672,-2716248,6579560,325924,-545844,-36068,27336,2412,-736,-80,8,1 # cft deg4 r=12
629009,-14444886,-51520500,-70124470,-40221810,-2952866,-2322688,-12040070,1301539,16814900,10717312,-2545332,-5207904,-1178684,896344,475476,-37829,-71022,-7500,5210,1106,-178,-56,2,1 # cft deg4 r=6
19351664,-63469792,87133888,-75737088,58231360,-39437440,17034080,-4079456,2037848,-1418112,354272,-121880,130804,-26712,-21768,8960,6476,-3692,-2240,836,420,-76,-34,2,1 # cft deg4 r=6
-1,-6,123,96,-278,1254,-391,2488,-14869,14392,43458,-58962,-44044,86922,30314,-60264,-16749,19562,4444,-3322,-478,302,9,-12,1 # cft deg4 r=12
-85329,-4480086,8103010,6863192,-29074541,-2850596,70999831,-8940900,-104046337,31284196,71885335,-27831760,-24904685,10787380,4783925,-2228968,-522457,267040,29904,-18782,-531,726,-25,-12,1 # cft deg4 r=12
92111454551,39972799944,26724637991,-44224168596,-18336948794,-7328036316,9057836386,4748967464,2928511106,-113228306,-274966354,-233517706,-38550604,4535244,8689896,2154694,79081,-193886,-42589,2534,2681,104,-59,-6,1 # cft deg4 r=0
69371,-1609470,-10273601,-16784528,-4420846,62660230,55723765,-80900320,-76412445,56169600,48702174,-24922530,-17436364,7441578,3715186,-1491368,-466925,194138,31604,-15442,-786,670,-19,-12,1 # cft deg4 r=12
13851,115938,385178,546408,-88169,-1391092,-1552021,443804,2157679,998308,-1174157,-1170896,239899,605284,36293,-185392,-29641,36504,6124,-4662,-499,358,3,-12,1 # cft deg4 r=12
18584591,-69705792,234113615,-410304364,557497894,-325891852,136989674,-57622360,80349178,-46949938,15383630,-4854170,4485740,-1719620,141720,-148634,91293,-10630,731,-1826,549,-8,5,-6,1 # cft deg4 r=0
-826108279,1523834294,5589079520,-23652655332,31935739261,-11776095262,-13961603042,15573560938,-2285496916,-3988628540,1905906702,282015992,-381738976,36606814,37069032,-8799828,-1789693,760240,23118,-34496,1660,818,-77,-8,1 # cft deg4 r=12
-331,-17762,460432,-1622820,120973,7635138,-10635198,-5423030,22878032,-12909236,-10533018,14440592,-1923180,-4705882,2264112,403676,-532597,72632,42786,-13960,-312,610,-49,-8,1 # cft deg4 r=12
410491,1791336,-11887705,-14096378,135791478,-161198774,-174124258,475837892,-166787653,-329392950,313420430,-8662096,-96075305,30722526,10231442,-6362722,-121751,568512,-52930,-25042,3884,520,-105,-4,1 # cft deg4 r=24
-804597244,-1558813080,6400492548,602507572,-10876408240,4838825980,5648649912,-5262948516,-505679412,2114730018,-323361342,-464552668,123324207,62845594,-21716609,-5247390,2270908,253020,-146497,-5580,5674,-22,-117,2,1 # cft deg4 r=12
-175211,67988,2233320,-13853246,41811736,-73800242,41339939,135345362,-300703691,183726370,220286558,-225497418,-40941987,76903268,-2680926,-11470246,1401811,852782,-143885,-32258,6425,584,-131,-4,1 # cft deg4 r=12
-1619,12749,-19064,-45388,119145,-20277,-151150,189053,-46705,-155303,177749,-17961,-101666,67601,26114,-40462,-1715,13512,-1450,-2398,455,188,-44,-4,1 # cft deg4 r=18
-12549244,6509984,13469384,-15131402,-22498252,61527930,45775249,-95126170,-89776121,23842460,39724848,-3777020,-10212041,2513744,3932784,311424,-612663,-163256,29795,15790,306,-572,-50,8,1 # cft deg4 r=6
343981,-1447056,3646981,-2947898,1335065,323708,-4996185,5861268,6459225,-4478168,-2104641,3908894,2575424,97306,-47406,144328,107805,14022,8420,-58,445,-122,-4,-4,1 # cft deg4 r=0
1,47,236,-6452,29398,-23004,-209855,814090,-1365643,1047684,161970,-1142267,1042291,-306954,-168580,168104,-28818,-22412,10926,142,-1124,204,28,-12,1 # cft deg4 r=18
-403204,-2139492,-2972232,5046870,19094584,20383786,8617865,3128763,3818876,431875,-2282114,-464447,674533,-12847,-110391,182272,107595,-23778,-21188,732,1761,6,-70,0,1 # cft deg4 r=6
1254011,-1199078,6775201,17572408,-1037292,-27963844,21224365,7796310,1118082,-6184296,-1192270,3350308,195021,-112194,-164975,42604,65017,-45112,18961,-5098,1191,-296,68,-12,1 # cft deg4 r=0
887439356,2768985384,-8456379212,-2126562342,10551348472,687797720,-5419234395,-361085663,1266446698,172052224,-91825271,-37530748,-13696180,3099286,2720552,26464,-106835,-18611,-4965,1951,394,-193,-19,8,1 # cft deg4 r=12
-1115204,-25347976,113660228,529677698,-473100388,-2445256020,-1225845275,1570803587,1281122138,-299041856,-401972931,14060912,53805980,-2728114,-3888548,1017104,276605,-104361,-16585,5321,434,-263,-19,8,1 # cft deg4 r=12
865422641,-1060837396,2767085136,-1851072028,475618810,1347298108,-3134331000,1127512428,1424167775,-1231829928,233335264,45094664,571164,-9066184,-78256,406808,237135,-56708,-11760,-108,1290,-52,-24,-4,1 # cft deg4 r=0
5296,31824,-54464,-408416,-800920,-270640,3533004,11520012,17470088,12900984,795572,-6461592,-4358033,182439,1433740,494315,-133217,-119082,-12810,8442,2231,-130,-82,-1,1 # cft deg4 r=12
-6844589,10286668,-29515705,-3658040,51782205,-7968922,-23366661,-7062126,11411897,2614270,-836003,-1409454,-367364,297828,161286,-8432,-28865,-9846,1642,2050,251,-138,-44,2,1 # cft deg4 r=6
148691,-3167916,-7114209,16215898,39077289,-21767916,-74937259,2250776,61961627,8270320,-27670505,-5252938,7895380,1735094,-1681854,-395728,276407,60958,-30928,-5534,2041,250,-70,-4,1 # cft deg4 r=18
-108769,305020,999959,-2249478,-3385323,3793204,4637093,226904,697271,-10264,-1332953,-833978,-297636,-147466,-48158,42352,42855,11622,2216,1074,417,74,-22,-4,1 # cft deg4 r=12
801911,-9562918,24688079,10880748,-115255240,131093160,26609071,-157009346,103470418,16531272,-54485212,21966596,6094507,-7754258,1441355,892120,-444057,-5196,44295,-6866,-1719,520,2,-12,1 # cft deg4 r=18
-165059,-468528,3773724,-2804032,-16871800,43425400,-34827704,-13239866,43546523,-22993878,-9986827,15208336,-2770418,-3532138,1719995,278260,-342412,25514,32795,-6686,-1359,480,2,-12,1 # cft deg4 r=12
116101,-149869,-608314,1015579,-591074,-603059,1750622,-458499,-2089615,1294898,1554089,-1294248,-747468,739602,228431,-258924,-41023,55363,3205,-6859,134,425,-33,-9,1 # cft deg4 r=12
372581,-2677357,9181570,-19505427,28642065,-31555988,27429642,-18902917,10037423,-4634364,2622015,-2022735,1233043,-321061,-36409,73366,-41888,7558,1895,-1496,166,122,-18,-6,1 # cft deg4 r=6
-5642383549,-23406276938,-30557780535,-7223396013,20737273280,20776150433,2251686612,-7639147318,-4345511607,469872864,1216846570,264200135,-143475832,-70563474,4628471,8268679,715852,-532553,-95840,18546,4951,-282,-118,1,1 # cft deg4 r=12
-349,40725,2167866,-6013979,6109537,-6778797,1537202,9189392,-2912504,-3053583,-1460172,-1416099,2608179,1665068,-1457102,-486494,370210,62819,-45586,-4268,2777,143,-83,-2,1 # cft deg4 r=12
133169341,534159688,1237801081,1717762112,1706310928,885192024,588650985,-62662350,395947957,-260253994,185829075,-142585058,64927521,-22254616,6950225,-1501834,187467,-1818,-14124,4898,-839,156,-2,-8,1 # cft deg4 r=0
6182656,8179328,-4866624,-17547648,149648,15552784,18473080,-12199120,-273993,-1216114,7706600,8809212,-650784,-143346,-852775,-391034,443227,-132728,37276,-9622,721,156,-2,-8,1 # cft deg4 r=0
51521,-1298839,2529803,5523628,-16911827,11378725,3208311,-32950565,71402264,-42892664,-41703139,68869517,-25909923,-8452857,8820055,-1131126,-881230,281307,25587,-20357,935,628,-67,-7,1 # cft deg4 r=18
-8207204,80159748,-96111428,-78850628,160251300,-37377964,-53337283,49543595,-13773727,-19943821,25611085,-12812019,2246621,2069083,-1756358,437660,40587,-83349,41874,-9044,-22,383,-45,-4,1 # cft deg4 r=6
118088875,257048750,310215200,-258714400,219647955,-608581310,937818065,-707917390,205255981,51364940,-18652075,-63094590,74520941,-44988110,18536330,-5636180,1241786,-167750,-2295,7970,-1984,180,25,-10,1 # cft deg4 r=0
43720025,-133443000,113039150,83210200,-200809490,35383700,234194750,-368894240,363901906,-289383880,182963735,-92247290,44104941,-23008650,10919890,-3873820,961021,-147890,-1070,9080,-2619,290,25,-10,1 # cft deg4 r=0
271,-2799,-4346,38408,59879,-167548,-210824,880196,1702423,-652023,-4054081,-3044093,1271942,2956031,1223529,-329366,-391710,-58667,35055,12107,-470,-639,-53,8,1 # cft deg4 r=18
-9124,-44584,616020,-112878,-4523572,-2383820,7806439,7402128,-2552073,-6320680,-3410683,546000,2180201,1261448,100546,-288703,-198469,-44602,11216,8176,932,-317,-73,2,1 # cft deg4 r=12
-9906569,-15629214,40619035,82484222,-32604812,-132763280,-25219816,82294613,37154837,-15179280,-7923318,-905265,-3427529,-749252,1570266,659257,-172109,-134717,-4789,10486,1652,-287,-73,2,1 # cft deg4 r=12
-23169724,-177579664,-89443296,306669618,214233024,-30705428,91069451,56246476,7661783,2637557,-10759931,6552907,-109008,-3233539,27909,579664,-142100,-101477,28035,17457,515,-699,-68,8,1 # cft deg4 r=6
-2248109,22496368,-66643490,55671204,50887763,-90553090,-827814,40916181,5826192,-14284815,-7268257,4152770,3140981,-522831,-861106,-51151,154286,26134,-16606,-3748,1082,249,-47,-6,1 # cft deg4 r=12
-703294019,-503229209,1183642997,626545972,-549185104,-439099602,-22728301,255163648,50399339,-57301476,-37942483,13385954,10691833,-1380730,-2511571,68673,382813,11626,-39784,-1757,2743,41,-88,0,1 # cft deg4 r=6
270941,-1674874,-3542468,8137132,13072746,-15214877,-22618426,15235698,22290654,-9315971,-13723543,3709719,5522068,-990065,-1475901,176938,260398,-20354,-29469,1353,2013,-39,-73,0,1 # cft deg4 r=18
-14669,-220102,-1215320,-2770216,-159627,11871840,22989216,14991156,-2488913,-5904170,-665387,94825,-100339,374764,-61411,-146531,55691,29819,-11401,-3418,1022,219,-47,-6,1 # cft deg4 r=12
47703121,133919928,150053550,55913082,-5243796,77980830,127865103,-2389254,-132026778,-111055296,-5512583,66790812,64370116,29568772,6742317,136764,-395914,-115846,-4499,5328,1166,-18,-33,-2,1 # cft deg4 r=0
478415281,2780880208,7983180055,14294243282,18298235689,17467507040,13613924133,8932526076,4940097867,2254680784,762748902,149533612,-2147499,-12478488,-4874203,-1075036,-102939,26054,16936,4058,171,-128,-33,-2,1 # cft deg4 r=0
-392718376399,835981628068,288798827129,-1720326042512,660070827571,993695935909,-610302497948,-281560666928,224074472701,47965342710,-45891445641,-5585550645,5811808819,482464933,-472988243,-31084544,24940485,1397391,-840381,-39637,17378,619,-201,-4,1 # cft deg4 r=24
995795431,1927417050,12406996396,34732796278,70050557593,84202755376,63003847672,19468762636,-7403607566,-6939138732,-798605536,668586830,206167227,-22914314,-17725178,-778182,1029476,109986,-39060,-7442,1094,314,-19,-10,1 # cft deg4 r=0
62168050981,51255025601,59632569403,67464066414,57555902679,37177344739,24880197133,15730250599,7079721032,2285554842,818525055,215009271,-94530495,-87753245,-11644971,7643318,2335507,-237132,-153971,-928,5336,220,-104,-4,1 # cft deg4 r=0
77681,-690791,1574348,140997,-5145316,4798939,4950814,-8594661,-1015770,6470083,-1342862,-2169447,849886,220363,-149932,11203,27220,-7871,-6326,949,754,-23,-42,-1,1 # cft deg4 r=12
7801,144769,245005,-767386,-1224386,1465535,2749857,-1647578,-4741893,3847237,2703103,-3366136,-448699,1406121,-98417,-338412,57381,49537,-11001,-4334,1066,206,-52,-4,1 # cft deg4 r=12
8325391,-29443430,127580781,-188636852,251108213,-319397214,202828202,-16017494,-24218791,-17643292,25518329,-9267430,1717512,-1667314,1627807,-890532,349711,-112754,30190,-6642,1259,-236,51,-10,1 # cft deg4 r=0
124802896,69362400,-204185824,-97117312,149598208,-2267064,13401112,-7265584,-21040676,-501632,14371344,-5123210,-696023,376746,271707,-210332,52926,6426,-9425,3188,-406,-86,51,-10,1 # cft deg4 r=0
1671103081,6098407172,8370401799,6692838933,3788067540,1706459962,766793800,490349002,393180719,244440290,75101412,-10463557,-13515661,1135323,3752211,902696,-289398,-143226,11147,15088,1854,-371,-79,3,1 # cft deg4 r=6
-4815021959,-4144698510,11755173249,12844359199,-7543674503,-13699127226,-1399954171,5889012441,3180866771,-470362223,-1096145482,-366178955,73604337,93356577,23233861,-3633625,-3380083,-598695,73040,41477,3357,-763,-127,3,1 # cft deg4 r=18
1197739591,-1304023334,-47101413,225974056,199758122,73001488,-61909167,-124502740,-18971314,60855560,33827563,1062760,-3821154,-1090416,-177808,-33752,42915,20932,3203,962,-5,-40,-3,-6,1 # cft deg4 r=0
5850251,-9277214,4293907,9687676,14898157,44729958,7589308,-45240450,-14804064,18313140,3698353,-5871500,791896,2515624,287162,-221352,8815,22092,918,252,670,70,-3,-6,1 # cft deg4 r=0
-244289,-774799,16152473,15560117,-332458214,133017901,2093773632,-2112351785,-2119653407,1262702202,980932110,-145117693,-158793172,-10731391,4710320,1576383,594564,-54837,-51747,2773,2238,-101,-68,0,1 # cft deg4 r=18
149145181,-300077791,124715059,305232600,-416864313,245236939,-157700280,166792808,-87520155,-3272130,19924797,3104880,-11460992,3087798,1685045,-1126054,-58506,163222,-14179,-18348,2475,707,-107,-6,1 # cft deg4 r=6
40628125,243015000,818837625,1368548350,1525249780,1104889700,2261087640,1473774160,1907459116,911564518,501406933,132757858,-2321001,-3660982,-2269553,-397948,34718,-27278,172,1504,340,134,-31,-6,1 # cft deg4 r=0
90716375,423944250,1085502450,1770995650,2076090805,1414830090,566293440,-154753930,-105194614,-26239142,-153711902,-39355722,29548114,5328438,3972297,118312,-266642,-58878,-2943,1214,1225,24,-31,-6,1 # cft deg4 r=0
65501936,-28139200,-53926632,119777374,61236537,-274999820,252765728,-148931072,78134135,-18592134,-14637033,11880080,-736461,-1932708,497039,165182,-96589,9912,4493,-1496,147,-50,30,-8,1 # cft deg4 r=0
246130621,-507418820,600408083,-859728356,1108345282,-862773140,278157323,142144778,-203462405,78327696,12848232,-22071890,6484674,426422,-740141,241382,-55064,3622,4253,-1836,407,-90,30,-8,1 # cft deg4 r=0
6438462416,-11575327296,-30650777488,18039761280,54467463000,17360939592,-12943443492,-7749761248,-1640017180,-432674712,774635032,577587864,-84746879,-117877410,2809318,13092735,292871,-906470,-43517,38798,2487,-959,-73,11,1 # cft deg4 r=12
20736,-124416,216576,-340992,-157696,2971264,-3288064,4441856,20270272,-11058240,-34347360,-3231328,20003600,4142144,-5294384,-1130768,764472,144248,-65048,-9624,3276,320,-90,-4,1 # cft deg4 r=12
767480071,-3537739906,5323875221,-2528199931,1095119085,-4499268615,3743796809,2877025772,-5163790482,1440542574,1182047812,-742237742,-52949288,128162604,-13617335,-11421000,2315783,574393,-163475,-16043,6166,220,-122,-1,1 # cft deg4 r=12
2499264176,-14781846704,34225624080,-33962145232,-1334789648,36792444776,-32956053028,3949554012,12751017548,-9310711896,1363513254,1507022376,-898537445,117190545,60651745,-23152220,-302955,1447203,-162272,-40505,8049,446,-149,-1,1 # cft deg4 r=12
-158166949,780176139,-1282316508,443454080,851310520,-660497503,-226930127,259468552,34428825,-42135397,5164797,606469,-6877204,229795,2247653,240625,-352269,-80490,27243,9943,-748,-544,-18,11,1 # cft deg4 r=12
-1647259,-7910831,-14602209,-6246701,23482385,48101440,31454269,-16884643,-41806242,-18928606,11905657,13904408,757337,-3870066,-1061805,558460,247158,-42557,-28975,1402,1901,5,-67,-1,1 # cft deg4 r=12
7273216,49640960,-29798656,-575003648,-258400128,1553605504,644492928,-634105216,-217425024,176719616,71097472,-42719008,-14666256,9083904,1229632,-1291408,15920,109672,-10024,-6056,852,224,-42,-4,1 # cft deg4 r=12
1375750276,1878845656,-2934520140,-6315588182,-1644566088,3652688586,3302774177,504948197,-807264382,-484934961,20642229,104800576,23458975,-11499135,-5989915,608340,827065,1613,-70257,-1890,3529,81,-94,-1,1 # cft deg4 r=12
2296576,-1714944,-2862080,-4090752,27943936,-42937184,42467024,-44692624,61486040,-67616120,57685048,-35415506,15185539,-4305486,802508,-150638,55917,-27444,11147,-3260,872,-232,53,-10,1 # cft deg4 r=0
4118381,-25317624,80698080,-151051682,195274396,-167526894,91742889,-29825684,-88310,10289850,-10396352,5989044,-1339941,-779756,678018,-191158,13972,15986,-8448,1890,-3,-122,53,-10,1 # cft deg4 r=0
16303436,-43855168,-82206872,138472900,86662742,-123655314,-14000357,2792605,4403906,21606208,-3734027,-2354192,-2503639,37766,316737,227499,51152,-40573,-12999,48,1793,6,-67,0,1 # cft deg4 r=12
4122344641,-6306094114,3094453729,-2949862403,3777024950,-1484810710,-143593646,-283698737,344438572,109954588,-112792650,-60130597,45039846,12619909,-12124279,-430656,1629510,-114752,-117724,12832,4861,-486,-110,6,1 # cft deg4 r=12
171165616,574350208,698452032,70096800,-216367920,166330520,638212072,175429016,-67422424,-70523744,70364656,-13894678,12184771,-10014170,5771524,-2549638,847610,-176106,19114,2446,-1658,342,-23,-6,1 # cft deg4 r=0
1,0,-174,0,2040,0,-8553,0,15775,0,-16644,0,12607,0,-7384,0,3111,0,-957,0,199,0,-21,0,1 # cft deg4 r=12
1,0,-216,0,5850,0,-47544,0,94513,0,-47997,0,82999,0,-27193,0,20034,0,-6237,0,793,0,-45,0,1 # cft deg4 r=12
625,0,-355125,0,602163,0,-590004,0,524338,0,-350412,0,180337,0,-74260,0,21999,0,-4302,0,529,0,-36,0,1 # cft deg4 r=12
261565929,0,376724115,0,249478542,0,60753915,0,1226889,0,1576524,0,354784,0,-240070,0,83253,0,-12921,0,1171,0,-51,0,1 # cft deg4 r=0
35129,-275008,907847,-1639484,1711994,-926770,125542,-124300,604863,-649728,138136,215256,-99413,-88910,71054,16604,-32551,7914,3846,-2246,94,162,-27,-4,1 # cft deg4 r=12
43,10326,-191668,1216202,-3856380,6658874,-5331289,-1450692,7350563,-5826534,-195894,3152860,-1611445,-376482,613776,-111132,-90729,39978,3757,-4890,419,254,-45,-4,1 # cft deg4 r=12
2906836,-22074704,80545356,-186164124,302227564,-358479180,308503170,-177541304,43972874,28684536,-35981752,14958342,980357,-3986134,1527877,128600,-271228,59434,14315,-8142,528,316,-51,-4,1 # cft deg4 r=0
1,-50,76,4990,-3018,-44890,30580,162910,-114049,-308436,172280,332748,-124348,-214196,45352,84220,-7201,-20186,-196,2838,230,-210,-28,6,1 # cft deg4 r=18
-1,-20,404,7712,36888,59776,-32496,-218436,-214685,54984,243256,167856,15968,-56736,-54208,-21832,2589,6668,2164,-272,-248,32,48,12,1 # cft deg4 r=18
-2859,-2148,46488,10116,-250950,-52068,571960,231484,-533561,-369672,71664,166152,160076,79672,-49616,-74120,-16509,14700,8440,52,-998,-212,24,12,1 # cft deg4 r=12
-447217,-1705670,-2756226,-805626,3210243,4159874,5570,-3190392,-1166820,1779122,1453038,-608294,-914305,114790,358342,6432,-88428,-9882,13610,2870,-973,-314,14,12,1 # cft deg4 r=6
1063,-142,2274,1198,-9217,-2950,806,-22360,-27268,-9110,-6254,-3070,6627,-4226,-19598,-11520,4180,6622,1510,-930,-545,-34,42,12,1 # cft deg4 r=6
50093,-109642,532790,132762,886010,-1229606,-575098,609270,1906199,-1084380,-1035020,628220,161708,-97188,23188,-11100,-11365,2758,630,74,250,42,6,6,1 # cft deg4 r=0
-13339,-162732,-534951,251526,3876615,4461362,-5368554,-13332626,-3342952,10496386,7598714,-2883646,-4482349,-267618,1273090,351656,-177943,-85400,8586,9184,469,-428,-54,6,1 # cft deg4 r=18
17939,128040,-223132,-502288,-79169,741446,10810,435732,537918,69590,-734718,-811044,279800,719494,166540,-176132,-84849,13932,14918,978,-1178,-244,25,12,1 # cft deg4 r=6
-443,-25508,5077,596462,-276481,-3182518,1164886,6459846,-2330600,-7065598,2243994,4685506,-1118261,-1989234,270142,537928,-16275,-86896,-4542,7784,841,-348,-50,6,1 # cft deg4 r=18
9451,-33280,12480,3328,3419,-50986,-116182,-5044,213722,415702,442774,264908,41508,-173234,-280712,-185316,-28193,31132,16210,546,-1394,-292,21,12,1 # cft deg4 r=6
-5743,-75098,-127187,662808,486654,-562868,-489861,-266714,826975,-66586,-587334,-146370,522050,235064,-294860,-106104,84371,23288,-12997,-2730,1125,168,-51,-4,1 # cft deg4 r=12
5508681,29336064,54897123,18690102,-81590574,-112214928,-27771967,36390248,14789717,-6390242,1577213,2197000,-1124243,23990,299737,-136576,-32325,29448,-1654,-3014,657,174,-45,-4,1 # cft deg4 r=6
1693,6426,-32656,225376,-385834,205160,127386,-211238,-7193,156538,-18841,-139398,73853,53818,-49451,-10588,18310,244,-4105,264,571,-42,-43,2,1 # cft deg4 r=6
-107,-778,2897,36800,103734,82460,-71941,-80834,90455,36182,-137542,-35834,103846,26576,-48672,-12992,14831,4056,-2953,-778,377,88,-27,-4,1 # cft deg4 r=12
9,0,-99,0,-36,0,-66,0,3633,0,-10458,0,17929,0,-17570,0,9865,0,-3166,0,520,0,-39,0,1 # cft deg4 r=12
16,0,160,0,720,0,1732,0,4656,0,2432,0,-1789,0,-93,0,584,0,-305,0,92,0,-13,0,1 # cft deg4 r=0
-6093,20916,234099,2628,-2623581,-5338746,3145353,27209100,45503700,33826176,3409365,-13839312,-9602048,-484048,2152858,806746,-121928,-129856,-11364,8622,1697,-242,-72,2,1 # cft deg4 r=18
-1,-28,115,1622,-5663,-7034,28266,9396,-34450,-1630,-17325,-15388,45810,29634,-26110,-18082,10343,6170,-2397,-1102,337,104,-27,-4,1 # cft deg4 r=12
-1113363,3236580,8610741,-3890826,-21375387,-15018408,-3261189,2215518,14120844,18449916,4245633,-7452708,-4800965,704350,1363567,164174,-189374,-52392,12940,6152,-210,-350,-23,8,1 # cft deg4 r=6
398603,3718220,8774675,8883206,4082081,-545186,-207914,2461660,1070194,-2761294,-2803393,458452,1605778,254970,-459222,-130282,81615,26578,-9937,-2910,833,168,-43,-4,1 # cft deg4 r=12
7044517,-8898422,-132492236,355714224,184263281,-1646654260,1986300224,-215394222,-1268680366,813071910,147069216,-295946796,44651545,46630488,-14846992,-3689898,1872058,134398,-127844,-524,5021,-100,-108,2,1 # cft deg4 r=24
-110384,-1098880,5512992,-26944384,65310720,-78129760,28695936,32127904,-9459752,-61807808,61894240,-549544,-28033820,12444304,2450944,-3022048,365352,260956,-71452,-7656,4038,8,-100,2,1 # cft deg4 r=12
769661,1353298,-9145782,6767442,15469849,-37718138,42261208,-30242428,12191538,505654,-5201206,5049462,-2690147,466238,464632,-445348,137526,32098,-30822,2674,2113,-326,-64,8,1 # cft deg4 r=12
9152361,-28824462,18576576,52952808,-43806003,-53909172,86108816,48626930,-61591234,-20385138,25506244,3303820,-6388379,562584,1009984,-297770,-76418,47974,-1784,-3476,737,92,-36,2,1 # cft deg4 r=0
-16,288,-912,-5440,13872,35776,15436,109160,258828,-33744,-579680,-489604,150097,411882,145610,-88010,-77537,-7380,10984,3776,-221,-294,-30,6,1 # cft deg4 r=18
-441107,-270572,1491144,1595830,-840538,-2005450,-1281195,240996,1917075,1283500,-947252,-1224776,115067,546560,81646,-140938,-46515,19854,11863,-146,-1207,-210,29,12,1 # cft deg4 r=6
32432,-87008,-291056,738816,894944,-1379680,-3667780,3409736,5365100,-5022496,-3684964,3785700,1420565,-1610734,-349694,412854,62407,-64964,-8620,6072,839,-302,-46,6,1 # cft deg4 r=18
101,2028,2252,-9354,-5042,-8858,-9051,-1148,-2573,1308,-9692,-28872,-21573,-11608,-13222,-5434,6413,6614,1027,-1138,-551,-18,45,12,1 # cft deg4 r=6
6241,0,-245372,0,2360458,0,-6435480,0,8566457,0,-6638909,0,3225223,0,-1009525,0,202978,0,-25401,0,1849,0,-69,0,1 # cft deg4 r=24
729,0,-290871,0,17569386,0,-192033882,0,-62095050,0,11571102,0,859483,0,-621864,0,190570,0,-28354,0,2011,0,-68,0,1 # cft deg4 r=12
729,0,4374,0,1944,0,-15282,0,-52749,0,-126648,0,493738,0,-336875,0,102160,0,-16426,0,1438,0,-63,0,1 # cft deg4 r=12
625,0,9075,0,53758,0,187545,0,382063,0,134705,0,24997,0,-52205,0,21569,0,-4440,0,529,0,-35,0,1 # cft deg4 r=0
-22096,137280,201216,-309600,-397952,79480,251236,152208,-34316,-83308,-3106,25820,14379,-9006,-9355,1456,2260,238,-715,-120,184,14,-21,0,1 # cft deg4 r=12
173,1900,3876,-4158,-26850,-35548,10889,75348,60915,-33460,-85296,-28532,47867,43852,-6734,-22710,-5007,5436,2567,-514,-523,-44,41,12,1 # cft deg4 r=12
-39887,-10489660,8379564,22487338,-27683110,-28434292,37771709,31131284,-27938293,-22749140,14698648,11031308,-5467929,-3506108,1345090,734274,-205871,-101540,18187,9078,-743,-484,-3,12,1 # cft deg4 r=12
-534416,2367808,-778688,-6450976,3927088,4975320,-2151724,-938288,-111356,480836,403174,-620388,-49717,299522,-47635,-77264,21764,12318,-4675,-1144,584,46,-37,0,1 # cft deg4 r=12
80757,164376,-109620,-430242,-287938,-92424,-37942,215726,345041,-34122,-293501,-730,235913,67194,-98695,-47124,24288,16496,-3185,-3238,137,316,-3,-12,1 # cft deg4 r=12
-1759,25104,-82640,-180346,1788886,-5098192,8241254,-8554522,5180681,-272378,-2568653,1972998,-54591,-718750,316845,87468,-96356,5488,13807,-2838,-943,316,13,-12,1 # cft deg4 r=12
5987809,0,-11343186,0,9758796,0,-9192822,0,9328479,0,-6267036,0,2605078,0,-700479,0,125616,0,-14982,0,1146,0,-51,0,1 # cft deg4 r=12
2047761,0,-14614992,0,36961758,0,-49033836,0,39806397,0,-21236985,0,7658019,0,-1869993,0,303138,0,-31485,0,1989,0,-69,0,1 # cft deg4 r=12
25411681,0,-43206411,0,42276927,0,-30781365,0,18698877,0,-8843424,0,3170092,0,-841821,0,158730,0,-19203,0,1404,0,-57,0,1 # cft deg4 r=0
-43,606,1213,-6200,-2070,16222,-12766,1054,11358,-19434,7868,8884,-2786,-11634,7368,4228,-4639,-370,1479,-224,-245,86,9,-8,1 # cft deg4 r=12
111553,511550,-570267,-523960,-679242,894630,1439002,-1088162,-1656786,135150,2362700,-319004,-1639958,485718,539328,-223172,-90931,49622,6999,-5888,-17,350,-27,-8,1 # cft deg4 r=12
28370351101,-17905934490,38965191626,-19067862688,20640741513,-9901759178,7802839447,-4423740560,1055126911,409380508,6884607,-94991348,16429375,1929376,2295239,-1496772,179201,37892,10218,-7312,611,174,-3,-8,1 # cft deg4 r=0
-2549,38048,-35049,-764958,2880264,-4094714,2756806,-69240,-2228365,990350,1182046,-1179100,188913,954854,-276110,-444566,46859,97660,48,-9814,-102,512,-13,-12,1 # cft deg4 r=12
48108087,-121216986,-493777161,-39414222,652052727,211776120,-276680397,-74437698,48878039,-18133894,-17563414,8323322,5296685,-818554,-276026,375192,69813,-58398,-16191,3444,1388,-86,-60,0,1 # cft deg4 r=12
-21734527,70749548,221052027,339460258,100962361,-275845524,-347836670,-53301726,174981043,61771130,-46444721,-22226968,7602418,6631628,-1131941,-1344748,213123,159858,-28974,-11014,2081,404,-73,-6,1 # cft deg4 r=12
3626089,-37544190,-681465,-35078914,-3465509,73089840,17075844,-13019000,-13699651,-13086522,2583477,5534570,517254,-414322,-441179,-199390,131893,48864,-21868,-4208,1859,154,-73,-2,1 # cft deg4 r=12
-705589,66116080,-78520895,-953904310,-777030207,709246044,782810125,-58626022,-295080517,-60508864,57312144,20792016,-8124001,-4424772,884268,772376,-19291,-86236,-6903,6150,912,-252,-50,4,1 # cft deg4 r=12
247217,2975482,-3557241,-49897340,80140542,17658672,13841458,6796884,-81657557,15509868,51710650,-15963392,-15625673,6126416,2652774,-1292116,-244945,162368,8466,-11952,386,474,-41,-8,1 # cft deg4 r=12
62204,-420304,-5829252,10169700,135049628,54631316,-566948116,-134740328,979140280,-193974518,-612534572,285584972,131175541,-108804550,2102661,14714430,-3030700,-662140,280515,-5610,-9182,1092,71,-20,1 # cft deg4 r=24
51169,14510136,29126772,-180903126,134839496,326328966,-862310977,844450286,9948673,-1090349862,1442812366,-951062738,303433345,10137080,-46462786,14699758,-18585,-1039078,206703,11958,-9023,816,89,-20,1 # cft deg4 r=12
-197738281,823647864,-1794941577,2849947360,-3281088542,1753167364,1579994934,-3492227082,1884129225,629515258,-1109643202,264696678,190367081,-108180220,-4021984,14635320,-2301045,-795050,264490,2630,-10222,1138,71,-20,1 # cft deg4 r=12
9456327,-54417684,-15591217,183993768,-93387919,-175193340,220872793,63899084,-177401371,14113872,96644280,-29880130,-38747773,19262200,7042919,-5363008,-48384,537462,-53636,-24806,3890,524,-105,-4,1 # cft deg4 r=12
-1022571,-4909410,832450308,1360582488,-2850992097,867355068,92804871,-27196764,-42761134,62353926,72196751,-74372834,894178,8912916,4245547,-3259048,-234936,441148,-39843,-22166,3527,476,-99,-4,1 # cft deg4 r=12
18997850628,-34847676804,41037208306,-34064639568,22153924115,-11388979966,4942300500,-1786896418,607389891,-209270774,92293300,-54168748,35336345,-17954724,5965408,-490544,-543181,217374,-3746,-13910,1867,374,-74,-4,1 # cft deg4 r=0
8728877,6367534,-68449058,-31425604,209764843,52742890,-335368270,-30438614,309386100,-9439634,-170692322,19876350,56749993,-9646156,-11397690,2232028,1382131,-271924,-100604,17330,4318,-530,-102,6,1 # cft deg4 r=24
5721119,63776498,-31707400,-304692862,38640072,530191672,50090128,-446219550,-121307700,185961954,82252798,-31057364,-23114740,-1271244,2018940,659958,66610,-362,6216,1492,-557,-248,-20,6,1 # cft deg4 r=12
-3340663,6547400,21205166,-12238822,-44499495,2763688,46026864,9457466,-27914992,-11042080,10627114,6098456,-2570411,-2053124,373618,453616,-22213,-66470,-2618,6106,634,-302,-44,6,1 # cft deg4 r=12
-61673,2798186,-8294382,-11022214,29734065,43323478,-30779236,-80353032,-20324131,35246350,19257524,-3530124,-3598386,180412,139960,-285148,-88264,47160,27174,1422,-1877,-426,10,12,1 # cft deg4 r=12
1033371,3333906,1655136,-3555198,-1889559,2078982,-2524258,-5388660,1302672,5024122,615322,-2421614,-811329,675324,363228,-101240,-90219,3558,13170,1408,-1022,-236,24,12,1 # cft deg4 r=12
185352597,678973644,702484434,-214450704,-769445304,-288976290,125388398,65959868,25928906,43408996,5809212,-14487382,-4401357,1251224,538952,-83560,-65784,-5226,4298,2168,718,260,72,12,1 # cft deg4 r=12
-1431,-6966,77238,82602,-1658643,2962002,1560910,-5578340,-1319729,4722798,1725030,-2154048,-1197970,509620,427378,-58568,-95322,-276,15364,2254,-1229,-350,12,12,1 # cft deg4 r=12
10503,123930,-677232,-6621462,-5880207,1417398,3091526,269780,-7277692,-3858342,5866222,1684802,-3712489,-777972,1203020,186424,-287187,-62082,31610,9552,-1154,-564,-8,12,1 # cft deg4 r=12
-418937,-2174078,-1800590,6096842,8553497,-4403218,-9452656,-110240,3710713,742286,-151192,89540,-207962,-170548,24968,37948,8676,3744,866,-1154,-653,-50,42,12,1 # cft deg4 r=12
-149227,-271752,990678,862914,-3200015,-293384,4150328,-451334,-2132624,-1095016,1007942,1659944,-526447,-972148,159494,322768,-15269,-62990,-2910,6706,730,-334,-48,6,1 # cft deg4 r=12
-351,1404,20826,-127764,97188,521196,-1002886,-125224,1062062,-626186,189468,680108,-180036,-90928,120416,-36772,-62586,4236,14000,1742,-1163,-298,18,12,1 # cft deg4 r=12
1432729,5968082,12222542,1393484,-6134985,-249350,29415266,13441054,-18878605,-3184240,11914416,4427306,-196510,148898,-108290,-194930,-19836,8956,-946,918,547,-62,-18,6,1 # cft deg4 r=0
698099,505452,-2138322,-1998864,841876,1568606,1433407,505680,-429608,-207686,-111619,-48440,-30234,-71640,4964,19940,13915,4430,-5455,-768,778,34,-45,0,1 # cft deg4 r=12
-4187,48530,81074,115518,-195544,-446380,-371714,290010,618891,512534,88099,-660246,-484135,257628,277021,-46052,-83556,-2268,13443,2082,-1025,-278,19,12,1 # cft deg4 r=12
-148748599,267705360,-227355075,738528154,-1177025238,638061346,-718334291,1539004220,-930626033,-546210028,810180879,-155514320,-169282489,82583150,7260241,-11778442,1227669,730366,-151410,-20254,6553,208,-129,0,1 # cft deg4 r=12
-66510911,540550626,299357405,-778124538,30976757,344900418,-184965826,-85297556,76107435,6141756,-16711037,4714408,3875326,-889716,-176832,305874,27524,-39288,-2255,3694,106,-308,-38,6,1 # cft deg4 r=12
32726681,279562842,938389569,1619039942,1538864821,760626074,113727562,-56537468,-14123109,12849668,5666843,-2385448,-3471974,-1613068,-160884,83946,-36332,-41216,-1691,5358,802,-252,-42,6,1 # cft deg4 r=12
-112943,1921712,-12231899,42928314,-106543590,197244450,-274143739,273537212,-157249213,-5143060,92716939,-57089136,-7936161,18880550,-2820991,-2710162,751741,198822,-76894,-7254,3961,104,-101,0,1 # cft deg4 r=12
6747233,16059954,-4682086,-42114426,-23530424,35589292,34404774,-20302382,-30159917,7347798,19258699,60618,-8031699,-1237756,2087945,514004,-323800,-101188,27223,10658,-905,-558,-9,12,1 # cft deg4 r=12
19759,412620,-1667266,-10620688,-14812588,-4615130,2960835,2825264,1869920,-921726,-1452271,85592,479026,150904,-142724,-68172,41743,10894,-7263,-832,730,26,-41,0,1 # cft deg4 r=12
77481,-7319034,35979696,-23228982,-106400250,129666726,105225645,-192642468,-31889289,136070856,-11858592,-52850784,11722727,11920106,-3738962,-1570842,622713,116928,-58541,-4514,3109,70,-87,0,1 # cft deg4 r=18
-115389,108792,-24723,458856,-1440009,1514790,1018752,-2918622,1220163,755250,-869457,321306,206440,-278828,-19925,97252,1193,-20326,-656,2610,193,-190,-23,6,1 # cft deg4 r=6
9,-18,-216,-342,-738,-3906,-3855,17340,34335,-19512,-77712,-96,87319,13378,-57282,-9114,22713,2496,-5273,-306,677,14,-43,0,1 # cft deg4 r=18
1179,16704,-22383,22752,68139,-140706,-540492,-402486,148095,228066,-126441,-302358,-201136,-31204,39663,4540,-19555,-4734,4940,2282,-131,-222,-23,6,1 # cft deg4 r=6
463797,4724334,-28965906,-45970524,-47371140,42596262,112749600,99172410,-74322033,-122020602,72194169,109003410,-4947511,-33281048,-3905599,4859354,953906,-378900,-94545,15752,4699,-312,-113,2,1 # cft deg4 r=12
-1857501,21092058,23794227,-52060824,87075513,-46857726,-51974142,101169762,-76090164,-104478,45169716,-36925434,3962645,11388418,-4201402,-1512748,818573,96342,-77226,-2080,3871,-48,-98,2,1 # cft deg4 r=12
1190843,3596488,1540034,-1419036,-1567676,-2505230,-1848112,459176,2405639,772278,-2401583,-1028532,1467659,683010,-500581,-230222,110424,44030,-15559,-4494,1335,220,-59,-4,1 # cft deg4 r=12
-14681,-4952,237498,-208268,-353756,1269450,-1557332,383016,1300935,-1886458,915481,398612,-763909,254122,169579,-137654,-5196,29710,-3779,-3358,659,188,-43,-4,1 # cft deg4 r=12
