# IGP24 class field sweep: deg6.
127,-1152,4810,-12382,21004,-25954,23272,-9492,-2346,28391,11221,39960,41083,19276,20618,4148,1695,-5,-89,-58,95,50,22,8,1 # cft deg6 r=0
25900227593,25715123294,27770043390,8645876670,14005591482,6992050544,-5304455746,-6281661036,-1005540255,721310884,446957098,110711332,-28021039,-22331720,-3367550,356740,314442,93930,6434,-3508,-1321,-176,30,12,1 # cft deg6 r=4
-38531,-648462,-538044,20244754,-26106702,-27984612,46319294,-19427212,-17108763,19474830,-351289,-3321390,260558,-266944,241529,44544,-32239,2440,-3486,1406,-98,22,1,-6,1 # cft deg6 r=8
485,-1510,6298,-11953,21274,-30110,40275,-67613,3232,48943,-25536,-5415,3011,-7983,2489,3398,-56,183,-203,-312,71,64,-14,-4,1 # cft deg6 r=4
9,-81,297,405,-5394,16461,-28152,31140,-22184,6564,8746,-19991,25791,-25576,20111,-12184,5234,-1217,-138,194,-17,-44,28,-8,1 # cft deg6 r=4
1963,-7756,13017,18024,-39275,-17773,73965,-48560,-31273,64148,-16217,-26035,19885,73,-7156,3410,825,-1438,382,221,-173,20,19,-8,1 # cft deg6 r=0
-447,-109857,-553377,-1089756,-781273,488900,1231693,484857,-573637,-577614,65761,295863,58231,-96373,-38055,21816,12369,-3565,-2597,430,361,-38,-30,2,1 # cft deg6 r=4
-883298911,204276512,3081680746,-5437378626,3000823993,148651794,-452287453,-809335412,1366420045,-799320656,146408045,111047864,-92981933,28440696,-882031,-2500248,898358,-76016,-27214,10048,-1552,-22,55,-10,1 # cft deg6 r=4
126316021,582120868,386845390,-257760448,38677375,204430162,-99771192,-27519068,51064082,-9698034,-8132596,5661006,-83481,-1016304,305298,41218,-52665,9902,3320,-1466,144,60,-26,0,1 # cft deg6 r=4
121441,226451,-44684,-406837,-180676,347306,334494,-141548,-283193,8282,169706,17712,-78772,-9925,30493,2101,-9236,-2,2129,-203,-311,61,25,-10,1 # cft deg6 r=0
149,-1545,5111,644,-34939,21314,133343,114331,-31163,-185336,-291713,-297199,-195651,-66299,14533,39486,31873,14007,1237,-2348,-1393,-318,-10,8,1 # cft deg6 r=8
-52279259,-36555738,397374679,911882532,796844365,229808842,-121798065,-135958276,-85081587,-55678974,-26858883,-5931804,201660,1047370,940882,492134,152405,21020,5423,830,-274,62,12,0,1 # cft deg6 r=8
2809,-4028,-30519,32838,150958,-74360,-296250,253152,84953,-155514,41153,13623,-16303,8780,3063,-8883,6842,-2893,267,525,-287,18,30,-10,1 # cft deg6 r=4
205209,-362853,-152361,394929,411297,-34317,-530304,-396063,309955,368244,-77320,-132355,33014,20271,-27777,-5685,9156,1183,-1668,279,523,52,-35,-4,1 # cft deg6 r=0
44521,173864,448239,815569,1199418,1395793,1336551,1067163,742051,499652,360129,280950,194014,84030,-5125,-36293,-21010,-802,4052,1379,-154,-153,-12,6,1 # cft deg6 r=0
-497975,-701960,5985453,-11614686,12528303,-9009812,2639224,4920712,-5629705,-285218,2877037,-353300,-770456,121682,111489,11736,-628,-7082,-2076,972,713,272,67,10,1 # cft deg6 r=4
37503,158841,370926,408183,305645,216354,239282,202112,113995,31940,-3675,-27310,-26339,-10741,3636,5538,2165,-482,-814,-142,127,40,-12,-4,1 # cft deg6 r=0
44871,-588588,1311090,6356496,-10042199,-11886234,13553348,5931690,-2943101,-2827998,396548,-1296032,1906858,-1015364,659022,-372444,131200,-59078,29813,-10056,2689,-612,91,-10,1 # cft deg6 r=8
-89557731,-1051484868,124554636,-819522906,1963596821,852019162,952119892,-448343290,-330963370,-323652338,-77925064,-5483682,17333007,9566748,3105401,424954,-91968,-69734,-17629,-1142,802,334,79,10,1 # cft deg6 r=4
9567,23415,-73400,-59296,-330888,483799,-1025059,772912,850554,-728469,-814467,956772,1893,-390914,153136,42506,-45592,6554,4612,-1860,-31,148,-22,-4,1 # cft deg6 r=4
-1586323,23597910,329947756,1169835512,1524586724,235583070,-282856694,1906845020,3116373684,1430288724,-249632689,-515783616,-215706678,-1852506,37393230,11445804,-912665,-886986,-123615,-1688,3096,1034,140,12,1 # cft deg6 r=8
-305,-1945,-5289,-4506,-3729,17820,-50413,-56689,66495,30462,-39319,34221,69609,21697,-17455,-15702,-2851,1945,1637,368,-195,-106,2,8,1 # cft deg6 r=4
293123,-174294,-80060,440410,356541,-509886,-19171,415979,132160,-243696,48853,55969,2887,-29561,10831,844,2572,-4591,2335,-344,-121,42,8,-6,1 # cft deg6 r=0
-7954805,-30669688,-24309326,17654688,21801364,17438108,9043941,2618116,-372401,-1900996,-1358847,-31930,795540,941368,783050,537328,305523,142950,54276,16502,3991,770,116,12,1 # cft deg6 r=4
88527353,417140930,439333722,-341510310,-205169672,103474804,36222549,77141162,-65761769,-27979360,-260392,3962068,3704474,-1253132,-716398,94220,86010,13710,-7069,-3452,-74,222,68,12,1 # cft deg6 r=4
3181,-15202,28054,6327,-77085,-45256,238657,-150282,-40310,-3027,90968,-13238,-46406,401,25838,-1718,-9998,2020,2132,-676,-246,120,4,-8,1 # cft deg6 r=4
9,351,3852,2259,7566,7794,4494,7356,1387,-4290,963,-2754,-367,-1886,3601,-1406,685,-522,58,23,7,13,-7,-2,1 # cft deg6 r=0
3265,-9420,29962,-85055,148531,-216658,258805,-180105,76331,-57374,51299,-17609,23015,-10325,-13027,5472,5876,-5318,1402,500,-473,88,22,-10,1 # cft deg6 r=0
-439,525,1970,-442,-887,12903,18879,-1060,-5876,27069,38788,6163,-12226,3821,13673,4240,-2644,-680,1207,563,-82,-87,-4,6,1 # cft deg6 r=4
615227,4111595,11914171,19575161,19561673,11196485,2744057,901954,2857279,2629584,-41052,-1552982,-828809,217192,355888,67298,-56339,-25707,2771,3562,332,-196,-36,4,1 # cft deg6 r=0
-7267,-16393,-21605,-585,6832,16580,20228,16313,19207,20609,18345,6671,3000,3289,-1051,-994,494,13,-43,86,-23,-14,2,-4,1 # cft deg6 r=4
3638827387,1609892076,1794393300,377863632,226395554,89844894,110609055,80083496,31716173,3970122,-4332957,-4389306,-1938236,-379776,134018,133744,53217,11742,-304,-1058,-229,66,52,12,1 # cft deg6 r=0
125,-1108,12040,-50530,116475,-128463,11974,133365,-130960,11750,74249,-71317,23237,11977,-17343,7916,274,-2354,1554,-470,37,36,-8,-2,1 # cft deg6 r=0
311,-1714,4227,-9874,24679,-43241,51532,-51275,58307,-63899,39941,2876,-24886,13492,5323,-8045,1131,1947,-944,43,43,3,1,-4,1 # cft deg6 r=4
9,81,-45,-3861,-25908,-95919,-235632,-410259,-513263,-435358,-171093,152629,371352,407227,304657,164582,61078,11435,-2471,-2704,-957,-148,10,8,1 # cft deg6 r=8
-579,-450,6069,13275,7087,-12810,-44461,-74583,-83740,-66661,-37998,-15244,-1047,10287,16018,10574,764,-3061,-1365,234,268,11,-24,-2,1 # cft deg6 r=8
543065725,-84653230,1018489968,-448058958,993063246,-798174014,876433765,-703909044,545764230,-339719466,181500345,-80607288,28765518,-6770688,1390446,-343986,5517,11700,1705,62,18,-108,15,-2,1 # cft deg6 r=0
-26097447,140834988,-143247722,100779404,-343437727,506200780,-443350138,269419460,-109717486,27765508,-4561411,-1517138,1536876,-1072876,443928,-40512,-72320,51708,-18811,3598,56,-220,66,-12,1 # cft deg6 r=4
6051855,15982680,9511589,3404074,39671172,32562688,-25568870,-60974826,-52905107,-25665412,-5451281,-7196,-86786,-309786,-276306,-131592,-42527,-9546,73,1502,874,308,74,12,1 # cft deg6 r=4
6397596357,-1709807682,1320371430,6352427574,4143713689,1880662170,1945769766,1227154314,116212382,-587795566,-528352963,-146208110,61324074,60879756,22500440,4116956,-441928,-405720,-85987,-15008,-2394,-154,32,12,1 # cft deg6 r=4
347,2388,4323,787,2941,60886,191910,369141,515216,557053,501106,374477,237445,126803,54219,19770,4557,247,-406,-422,-152,-50,-14,2,1 # cft deg6 r=8
3037862741,-6048431042,6453935272,-2018904282,-2964287088,865134036,1013768413,-1439170934,-118398341,342045438,-120832889,-67015962,71270635,16156294,3574879,4245464,397047,-21306,27401,-5434,-1254,96,-24,0,1 # cft deg6 r=4
41501,-194708,418353,-594711,704152,-719219,560963,-355191,345959,-458126,413477,-209489,63373,-49459,71283,-57682,24351,-2969,-2172,1062,-26,-138,60,-12,1 # cft deg6 r=0
4817,-22347,42619,-81257,140422,-104798,191957,-52613,145178,-6243,91831,-2541,52884,-6199,21411,-2972,5244,-467,838,-72,126,-20,16,-2,1 # cft deg6 r=0
-205320911,-60688914,1354599980,1557823954,-275933738,-849366508,98291769,353584030,-10562561,-77925316,13550093,12852778,-5136012,-885014,1308361,-66106,-169170,39018,11789,-5888,-293,392,-17,-10,1 # cft deg6 r=8
2593113,-20197746,93128598,-211689444,242192104,-64691616,-244960104,421090290,-355765288,191695088,-60343334,2608888,13556295,-11416042,5994631,-2681380,1001603,-308212,88737,-21902,4336,-794,107,-10,1 # cft deg6 r=4
45417,96807,120552,78447,-244405,-809551,-711176,564079,1201317,76721,-809440,-248674,311436,134293,-67509,-47703,13100,6576,1151,-2045,49,200,-24,-6,1 # cft deg6 r=4
-66181,53754,-663,338572,-80775,-171474,-60447,-141844,323018,-177678,83589,-93284,41690,7002,-4220,-7078,5566,-1796,580,-334,171,-76,30,-8,1 # cft deg6 r=4
-6901,-2549,5521,-7279,43084,31612,-111808,92588,-49752,-5390,38050,-36015,16686,5687,-9401,328,2742,-588,-273,48,-9,18,5,-6,1 # cft deg6 r=4
-8885,74945,-86683,156796,-219375,-177841,-63601,219043,276939,-9704,-182924,-16956,109036,17378,-50091,-27784,-1795,5189,4713,1838,22,-188,-40,2,1 # cft deg6 r=8
36235,-200540,558398,-924873,1109603,-1287671,1499023,-1436076,1182194,-923750,597132,-290248,147693,-89426,49774,-5440,-10599,5178,870,-1580,403,72,-38,0,1 # cft deg6 r=0
18225,0,260685,0,-186569,0,-300519,0,446014,0,-212363,0,17032,0,24898,0,-11624,0,2184,0,-135,0,-10,0,1 # cft deg6 r=4
-8337003,-121352670,-330577986,-838951932,1515353780,-616711840,223330148,282988414,31970268,47613080,-278794,3020232,9355287,3892722,1148367,213788,-68373,81676,51933,20918,6280,914,155,10,1 # cft deg6 r=4
-367,-291,10887,38383,40582,-15028,-53890,1727,4485,-63268,10985,36003,-17765,-7287,6955,-1512,-924,672,101,-138,-36,44,-4,-4,1 # cft deg6 r=8
-12671,-16901,-3422,14413,41365,-60636,-174630,-44430,138868,91218,-13226,-29578,-16279,-1616,6866,356,-1516,-409,383,340,-7,-24,14,8,1 # cft deg6 r=4
149,-567,1377,-351,-1011,1777,-1209,1104,1188,-3056,3502,-2534,3417,-4265,3749,-2262,1482,-1197,891,-473,160,-11,-16,4,1 # cft deg6 r=0
69709287,-6572868,247582959,244654800,201149006,-47276886,155919426,-31645590,-73553,13981846,-16291815,11991088,-6071330,2681854,-1132057,348862,-102093,30852,104,-928,831,-324,55,-10,1 # cft deg6 r=4
-5569,-11007,13531,11790,24322,56124,9107,-24714,-15524,-33179,-36619,-6177,6858,-771,-2417,745,1292,758,421,87,-47,-11,16,8,1 # cft deg6 r=8
-298157,-900948,-1861752,-3940228,-5585543,-4323379,-1948097,2292657,9266408,5955035,-5276458,-6247569,397293,2421545,525147,-418882,-185565,22567,25464,2278,-1478,-336,18,12,1 # cft deg6 r=4
328725,-1210950,913770,1682370,-3594876,1666155,2048649,-2842005,314279,1548010,-818245,-438622,462309,52625,-153909,5826,34838,-2991,-5557,392,594,-15,-36,0,1 # cft deg6 r=4
613,2315,7915,6347,7184,-15044,8340,1647,1565,-802,-563,-2446,1636,-894,1626,-444,115,-161,122,37,23,-5,-4,-2,1 # cft deg6 r=0
7381,-295867,922282,-512479,-1389099,2358119,-591388,-1512331,1693598,-375747,-847386,761101,138865,-384731,21973,114170,-12324,-22168,2042,2940,-79,-238,-14,8,1 # cft deg6 r=8
-59531879,-157223990,-69252615,183783016,176668166,-90032780,-122058387,32320476,55429568,-10136214,-16455262,3463978,2511381,-1396626,-57435,290694,-53164,-29526,9990,-202,-692,236,1,-10,1 # cft deg6 r=8
-1521,39780,-217197,-17484,413102,-177788,-268688,413788,-42070,-351042,196836,120156,-121757,-12442,35384,-228,-8856,1322,1548,-552,-95,82,-8,-4,1 # cft deg6 r=8
-1877,-448,38782,41219,-143949,-93276,308222,151369,-331812,24591,222953,-130489,-47526,68107,-9533,-12030,6424,2213,-337,-226,139,-20,-24,2,1 # cft deg6 r=8
12451,3485,-130011,-264068,-255565,-99401,500462,951563,231500,-698675,-340952,396561,210164,-145673,-88066,36593,25062,-7328,-4592,1086,505,-99,-32,4,1 # cft deg6 r=12
237717,-302121,-1582929,721467,3502875,-1255848,-3899790,1708299,2403103,-1314308,-910713,640875,209373,-219104,-14048,49300,-6543,-6508,1982,504,-328,8,33,-10,1 # cft deg6 r=4
2347,7936,22015,32889,49840,42674,54606,26207,31024,2531,9252,-7201,852,-5126,984,-1716,727,-406,289,-121,72,-27,12,-2,1 # cft deg6 r=0
67,41,696,714,3979,2465,8648,-527,11108,-10136,14138,-14295,9532,-4606,1414,525,-412,-168,261,-100,48,33,-15,-2,1 # cft deg6 r=0
425,-815,-484,1714,1409,-4114,-134,4087,291,-4780,1780,2369,-1315,-1258,1300,-58,-285,-6,125,-52,23,-20,8,0,1 # cft deg6 r=0
221537,52089,-602204,-366254,781447,664326,-647503,-761439,277183,471333,-196406,-323370,108776,240600,33750,-81975,-41359,4395,8532,1630,-519,-225,-6,8,1 # cft deg6 r=4
594925,1421100,-3435301,2040214,1928752,-35795602,50761872,-10580654,-9437648,591734,2838035,-3833768,4252737,-2730284,1433797,-701014,278244,-99030,33137,-9224,2287,-502,79,-10,1 # cft deg6 r=8
937,4475,-8147,-85950,-229829,-358816,-487567,-770314,-1113465,-1085794,-580939,-82662,35620,-60597,-88842,-25441,24165,25658,10130,1225,-491,-206,-14,6,1 # cft deg6 r=8
-579373,-3499066,-12124858,-25098570,27307643,63137646,49018101,-15752352,-31827256,-11009798,2591130,3469818,1530458,-160322,-400171,-123284,12217,21356,7795,-18,-795,-194,11,10,1 # cft deg6 r=4
2824727,-3514832,-12167553,43699459,-64348808,47395858,-62689,-39142515,40624846,-14722597,-6580042,8862954,-2106337,-1639075,1141368,-35815,-191266,53813,10776,-6888,230,343,-41,-6,1 # cft deg6 r=8
-2978103,-1966176,-6367083,3604266,14611999,13247916,8588120,8623184,9256939,4415422,967597,230268,235868,348098,195269,63312,7804,-3698,-1292,460,497,224,59,10,1 # cft deg6 r=4
85149,-101868,291962,-302085,-155364,-214157,-1910,221314,610370,737485,743745,602174,450123,257180,130620,47552,9397,-1565,-2596,-1048,-240,-4,30,10,1 # cft deg6 r=0
-579,5697,-86208,-142014,585304,232547,-763184,-291053,636958,488303,-266263,-396466,19784,153357,25002,-26738,-10633,653,1841,424,-96,-54,-10,2,1 # cft deg6 r=8
-152727,-1158702,-2831688,10481718,18784580,-14182748,-4072068,-375346,3580322,1569466,268501,-887216,-159716,113178,118314,35588,-20226,-19594,-6419,-462,474,246,65,10,1 # cft deg6 r=4
683,4236,1909,-1244,-1752,-1187,2551,-17480,-18850,22444,25699,-8439,-14079,3279,6125,-1067,-2327,-532,100,-44,-22,23,26,8,1 # cft deg6 r=4
-1795977,-11644506,-20228958,-13190892,25299475,81339568,100355207,52117058,-9916438,-29148548,-16899520,-1780884,4611685,3961296,1814871,496424,26678,-39874,-20640,-5880,-821,14,28,8,1 # cft deg6 r=8
-267208037,2732712742,-9534708870,14553568808,-10070526092,4124926090,-1555935253,-1745037294,2139790509,-170708652,-783191191,250820060,129417374,-85223510,12551308,3541304,-2640219,672438,-4580,-31762,8135,-1518,184,-12,1 # cft deg6 r=4
12343,22335,9365,-68828,-211864,-330083,-322951,-210227,6968,171085,129703,4237,-33508,-24837,-15173,6224,11060,-271,-3017,-90,443,10,-34,0,1 # cft deg6 r=4
82719381,-840271134,67059216,-988274226,91481516,-384009020,-53158920,-171414210,2137506,-53117102,-5759883,-13883552,902844,286882,257006,-52764,55286,86830,39017,19218,4490,854,129,10,1 # cft deg6 r=4
-45677293,-61178116,423163131,-373305248,-118443158,490850866,-651739098,485162850,-128619337,-11041378,81444725,-31197664,16269678,-126434,-887001,840622,-277385,49876,-2448,-4552,1583,-460,79,-10,1 # cft deg6 r=8
-118471,-595737,-1435714,-2042467,-1797713,-747089,582232,1792517,2476179,2311783,1451321,490773,-109508,-308011,-266369,-156752,-69075,-22414,-5245,-984,-266,-60,-8,2,1 # cft deg6 r=4
1,0,73,0,1313,0,2535,0,917,0,-1527,0,-1782,0,-893,0,-434,0,-91,0,15,0,9,0,1 # cft deg6 r=4
457,-3625,40669,-84792,165118,-291306,402537,-509910,632455,-575698,405338,-246490,115801,-45564,29650,-27994,22877,-14812,7591,-3138,1062,-290,62,-10,1 # cft deg6 r=0
-25,210,567,-4482,-389,17025,-24237,-4020,41146,-39261,29495,-8325,-24785,36445,-14472,-8153,9652,-2875,-534,757,-271,16,22,-8,1 # cft deg6 r=12
-129,-5223,-39564,-30627,234952,-288076,20403,207415,-47000,19003,-40021,-91653,62175,50560,-34509,-14415,11402,2395,-2400,-182,344,3,-29,0,1 # cft deg6 r=4
242475,-5994990,3840186,-10169550,-14640161,37608194,-21603827,-13937632,34477884,-23756314,5543998,5634238,-7101442,4115194,-1498851,185396,122501,-111324,48543,-15654,3757,-710,107,-10,1 # cft deg6 r=8
-68869,-959146,-4220325,-7289421,-2557781,7079678,7222803,-1849715,-5268752,-577793,2487053,930863,-706834,-455975,117241,137242,-4630,-26504,-2503,2990,510,-174,-38,4,1 # cft deg6 r=12
-130075,-2602545,-9987752,-18075519,-14541556,5697769,28211293,33131560,18819474,1341668,-6162737,-4451987,-850121,609729,423301,47608,-47795,-17877,1723,2036,130,-135,-22,4,1 # cft deg6 r=4
-4662276803,-682682218,4659213345,9102869158,12098264471,3809883432,-2915089524,-1849637420,53469652,529696516,297451016,43661156,-26613228,-14786690,-1522842,2351032,1683481,631558,172926,35998,5852,894,104,8,1 # cft deg6 r=4
80303,-118624,-27898,141207,-102953,-21714,247057,-202559,-164969,236536,-9343,-119471,88083,-24059,-47817,36536,1520,-11514,2234,2062,-299,-214,4,10,1 # cft deg6 r=4
-15501,261690,-163463,-533976,280529,841857,-590899,-680459,661129,371304,-561492,-59945,319848,-87671,-79749,47338,4903,-9910,1984,572,-343,48,16,-8,1 # cft deg6 r=4
37413,-47511,7875,-621,102944,7719,95159,27054,-73322,-78569,10679,-66407,-9165,37237,19368,8041,13369,5048,-1137,-699,-122,-50,-1,6,1 # cft deg6 r=0
67129,-257313,10883,94263,27757,-18770,-181166,23829,266397,77803,-62303,23715,54106,1761,-23419,-12202,205,3371,1725,-10,-333,-100,8,8,1 # cft deg6 r=8
15,-75,447,-264,772,511,-3180,3328,-9163,-1110,5460,-668,1441,-992,-3680,292,595,737,572,-6,-154,-98,-10,6,1 # cft deg6 r=8
158258957,745427478,249224890,-693798938,-215652388,539384996,119262754,-348566406,-125384190,97421102,43235517,-13566328,-3727238,2958194,272422,-260974,37764,4536,-5480,550,-373,48,-9,-2,1 # cft deg6 r=8
3923,28342,-71239,-81157,150721,174512,-202448,-156340,179992,50466,-45439,-73703,59028,13448,-28057,4935,7817,-4979,167,997,-423,23,32,-10,1 # cft deg6 r=4
1849,-9589,16817,-5683,-10213,3904,790,12787,-3145,-8931,9067,6776,-5991,-2654,3336,372,-876,282,121,-123,-22,32,4,-6,1 # cft deg6 r=0
933,1371,-6930,-8082,15433,-435,-44844,-17615,77590,129995,67941,-28199,-66268,-40665,-5591,8906,8649,4211,600,-880,-730,-208,-4,8,1 # cft deg6 r=8
-1938987447,2705970786,5766539298,-2967395826,-4908230386,-1806762060,1692440232,2658252794,-1495651101,-917103514,825431880,56705392,-178725902,19047320,16029972,-2888168,-644975,203792,-24946,1742,897,-290,60,-12,1 # cft deg6 r=12
1391,-9536,23788,-19724,-12598,16047,27295,-21843,-27170,6966,28533,-3265,-12453,1979,3519,-3566,-1583,1383,401,-113,92,46,-17,-4,1 # cft deg6 r=4
3935,-31195,116121,-272909,455270,-564979,519994,-329854,97198,66916,-121308,96015,-45455,7136,9491,-11390,7968,-4467,2230,-1020,417,-144,40,-8,1 # cft deg6 r=0
-24814967,-5599046,-20647746,-6951406,-120778561,-51978136,75990945,26933590,9172568,27781336,5431191,-9288520,-3620144,618032,720308,228472,-38225,-54992,-5259,5400,974,-240,-54,4,1 # cft deg6 r=4
5941,-39410,140732,-353508,657010,-885186,780772,-288439,-263442,474864,-309697,55916,77903,-77108,27231,10605,-11705,1963,1435,-439,122,51,-25,-2,1 # cft deg6 r=4
331941,-430866,935637,-7056,-918886,713591,-143331,-377131,874590,83068,-481465,94077,166679,-58731,-54009,-152,6085,4754,2713,2,-518,-126,18,10,1 # cft deg6 r=0
7681,15498,7826,-1623,-46,-20335,-10103,31791,36757,-18112,-19219,28880,28558,-7067,-8692,6412,4947,-1890,-1678,253,309,-10,-27,0,1 # cft deg6 r=0
-3025,2310,62772,-22232,-158158,-213106,338735,455035,-119986,-608157,22143,319357,39397,-123222,-52008,35881,26210,-6360,-6234,535,760,-16,-45,0,1 # cft deg6 r=12
8319765,-10927170,8944922,3315006,3274881,-14108498,15106137,-2487830,-6861570,3191302,2664764,-3346014,1275387,291762,-479666,138348,41773,-53166,26649,-8772,2140,-462,88,-12,1 # cft deg6 r=0
169,0,-431,0,-2257,0,-23427,0,-80334,0,-107983,0,-60488,0,-8702,0,2844,0,444,0,-103,0,-10,0,1 # cft deg6 r=4
1,0,169,0,7395,0,29417,0,23210,0,-22487,0,-11700,0,3762,0,92,0,-324,0,93,0,-18,0,1 # cft deg6 r=4
1,0,2201,0,24875,0,-8043,0,-17978,0,16797,0,-5652,0,-6026,0,4108,0,-1532,0,341,0,-34,0,1 # cft deg6 r=8
6961837,2566420,-17940060,27597290,-19247407,17373086,-13680496,7705378,1645446,-4978062,4210964,-2103798,700587,-182164,44681,-19298,13152,-7570,3947,-1722,566,-166,47,-10,1 # cft deg6 r=4
-5070477,-24629718,42878691,1061310,5775157,-23767610,17077053,-97060,-2316147,-7158320,1107029,2106750,702638,-197376,-246863,-55584,23808,14652,2453,-1054,-605,-74,25,10,1 # cft deg6 r=8
4493,53075,312154,1195392,3267965,6624144,10075816,11356553,8907165,3661065,-1417312,-3831608,-3405634,-1740540,-396009,140294,165629,68180,11554,-1797,-1331,-217,17,10,1 # cft deg6 r=4
-2377,3881,96621,476824,1219517,1686287,724164,-1441659,-2567456,-1376041,549350,1236263,674815,-20911,-240021,-134008,-14536,18303,9411,930,-687,-244,-8,8,1 # cft deg6 r=8
-3189341,-19606626,-32567304,-3671622,43384881,25200748,-38777191,-34814790,4496978,16472812,7552092,-1912144,-3683185,-1385408,-96812,14648,-22411,-13230,-1907,1622,1194,396,82,12,1 # cft deg6 r=4
-11115327,-90752514,264324246,-292178376,146085925,37703766,-30145207,-36991254,-17888,16547640,4999616,-5477600,-1337279,885544,273426,-133404,-2960,5548,-2245,-132,802,-312,61,-10,1 # cft deg6 r=4
6503673651,-24221519700,38226068349,-14014182990,-34583063588,68676718122,-55031663546,29334560672,-9775188583,2082299072,-1112120985,698449928,-399082578,146110810,-28769326,-7020,2089081,-816642,124387,-2992,-3366,946,-40,-12,1 # cft deg6 r=4
265899,1644834,7112745,7234278,7645121,-348798,-6945904,-5656902,857916,3366104,327928,-603708,-75532,-668050,305137,-35154,46916,-1652,-4466,458,-462,34,20,0,1 # cft deg6 r=4
338815159,5292931344,21143780710,5512010254,15355723678,1614346638,10547204718,1469027334,3291490412,746136808,504305598,176259940,37787706,2776006,-4450456,-2774768,-119824,30024,78690,12818,1215,-212,-96,0,1 # cft deg6 r=0
-8891769,-189826812,-570305622,-934877196,-930649073,-654858668,-447862100,-345650544,-317994642,-228820324,-129605273,-63692384,-35336920,-23196238,-13321918,-5396108,-1435680,-168840,46581,28092,6690,1210,156,12,1 # cft deg6 r=4
169,-15613,354365,416116,707989,624671,95630,-622001,-1164758,-1237380,-918461,-403416,72556,226618,131801,30245,-5170,-8487,-3345,325,572,59,-35,-4,1 # cft deg6 r=4
15625,-133750,491235,-1025530,1433094,-1585182,1591656,-1369356,688743,291062,-947987,916231,-444919,21292,135279,-102493,33566,1657,-6789,3045,-495,-110,72,-14,1 # cft deg6 r=4
2104457,-9179810,-4311501,23145124,47820901,56892728,45595542,28653914,27543410,31463206,31054618,18389170,7564262,1919166,-226809,-651206,-253782,-42672,-2776,4818,2356,116,100,0,1 # cft deg6 r=0
366075,534375,1324110,3235605,5851543,8308886,9699626,9416554,7595433,5018340,2660943,1058900,260558,-12254,-45252,-20720,-2125,2473,1580,350,-28,-38,-4,2,1 # cft deg6 r=0
19391,-35727,128122,-170552,326920,-320514,402375,-305557,280392,-182334,140485,-77053,47547,-15705,5465,-1048,1124,-479,339,-86,27,-18,8,2,1 # cft deg6 r=0
673504549,463281174,306044351,-753783070,-1793782271,-2711197556,-2971864734,-2627837978,-1939722125,-1224535436,-684833615,-338905284,-153296786,-61271366,-22074570,-6737672,-1759512,-350658,-50495,-958,1398,528,94,12,1 # cft deg6 r=4
163489,-101533,-403570,700535,1170329,-759859,-1363751,947653,1988124,345967,-792199,-236187,357765,230312,-23315,-52793,-550,13976,5256,-124,-552,-121,10,8,1 # cft deg6 r=0
-16493,24706,85864,-29557,130720,96929,-54109,122919,18304,-37537,52069,-4545,-11266,3651,-2423,-1304,-59,-858,-364,-26,-35,22,16,2,1 # cft deg6 r=4
-453,-3111,-11022,-26280,-45083,-57918,-50029,-428,75080,84230,-12094,-86750,-39795,34924,34018,-4808,-13940,-1436,3155,734,-450,-170,10,10,1 # cft deg6 r=4
-15325,-83800,30715,456040,-403958,-885551,1217831,744665,-1816024,-616716,1050075,177825,-361029,-44767,36119,-820,4415,2666,961,604,2,20,14,-2,1 # cft deg6 r=4
9505,13585,-25722,-80963,-56308,67643,119739,7366,-90660,-47078,32420,40643,1800,-18336,-7120,4886,3636,-575,-1009,-43,172,21,-18,-2,1 # cft deg6 r=4
221,707,2014,5359,15574,24332,31223,37671,43158,21909,20568,17786,9200,-11939,-10970,-709,3877,470,-267,-123,-37,-3,29,-10,1 # cft deg6 r=0
29129168441,44446919666,18530135181,-15035313588,-8301169999,-30090687462,-30772839829,13886980296,21712033262,-529984226,-6401590813,-697431392,1095284794,181824358,-125658376,-21652286,10305938,1284596,-553480,-32428,15977,254,-210,0,1 # cft deg6 r=12
-921,-510,17478,36336,-57221,-293938,-448196,-322400,-36468,177400,234059,168960,55818,-28496,-48674,-27740,-5318,2954,2439,632,-70,-94,-20,2,1 # cft deg6 r=4
4385,14965,11866,4706,-22971,45691,-17557,-30381,33077,-26613,8261,8940,-8699,7844,-286,-1575,900,-823,35,187,-64,7,1,-2,1 # cft deg6 r=4
169,2002,10456,-17148,-11107,38808,350,-36357,57053,-36188,23704,-18108,10998,-11089,8310,-4039,1753,-563,202,-103,36,-43,34,-10,1 # cft deg6 r=0
-4591023,-4390026,24150330,-12066018,-4688017,7553080,22724148,16724610,1959527,-4244362,-132270,2057704,784295,-465244,-662342,-364936,-104092,-4612,11269,6428,2150,504,87,10,1 # cft deg6 r=4
-2113,-14716,-19528,36720,53265,33331,82272,79939,49157,47945,31026,12343,5921,843,-1999,-1094,-613,-399,-57,-14,-15,-2,0,-2,1 # cft deg6 r=4
85,1054,5769,17485,29954,23348,-7636,-28238,-8944,21244,17527,-9854,-15974,320,7204,1676,-2247,-389,700,-402,208,-82,20,-4,1 # cft deg6 r=0
-64737,72657,259569,-39171,-188513,-95036,-426320,-744666,-684801,-562340,-446310,-246794,-58801,28234,45370,36946,18546,2755,-2777,-1878,-391,64,54,12,1 # cft deg6 r=8
-325,0,-2103,-599,-8443,-2789,-13969,-6660,-9692,-9623,4613,-9894,13335,-5952,9900,-2100,3598,-595,643,-190,47,-44,4,-4,1 # cft deg6 r=4
439,231,-5905,-1717,29604,4768,-66009,-17148,64133,58223,-33007,-68940,7427,35141,-1653,-9127,1611,1327,-746,-96,171,1,-20,0,1 # cft deg6 r=8
3350261,-33172218,-46402193,103121518,2297428,-95881140,-9645778,83735958,8735590,-43184304,-7070563,13399748,4812769,-2969752,-1636895,493768,300242,-55000,-32100,3684,2010,-134,-69,2,1 # cft deg6 r=8
138933,566955,1715301,3349800,5221401,5947053,5434575,3657903,1821815,489873,-139346,-241589,-143659,-27787,18385,21122,8758,1817,-224,-414,-178,-30,0,2,1 # cft deg6 r=4
3423037,-3755870,22336921,-133029898,296364700,-346380798,161551024,73059060,-113579742,22499230,20543179,-8967730,148475,466130,-597042,253036,104868,-61088,-10059,6408,691,-346,-36,8,1 # cft deg6 r=4
392641,-382658,2495034,-1371885,2867944,-3177948,2077842,-1458904,968340,132813,-260154,140904,-87522,10410,25980,-20912,7848,212,-1013,310,8,-70,40,-10,1 # cft deg6 r=0
-659,-246,8302,24121,24286,5902,-113,-27457,-112844,-119887,44908,178261,94633,-75091,-128107,-65276,-910,15183,6907,380,-651,-200,-2,8,1 # cft deg6 r=8
-48003,270519,-383904,-405267,1560830,-1114176,-733954,1452161,-388485,-610144,469654,45834,-172645,46616,27976,-17899,-1966,2971,-80,-350,73,41,-12,-2,1 # cft deg6 r=4
40039,83751,168406,298272,188398,67442,456057,583691,3903,-109064,281527,178551,-119787,-61978,70561,48866,-3177,-10631,-2261,939,436,-30,-33,0,1 # cft deg6 r=0
6741432897,-13269742890,13235948817,-4417728906,888116683,143604386,-642354500,201728514,41169716,698336,35250357,-19438782,4972564,-2252340,648012,-116736,11892,12432,-5434,642,279,-184,53,-10,1 # cft deg6 r=0
36173,45024,-22941,-309662,440904,-97971,45715,-90253,35355,-285575,435587,-70149,-118025,6074,30715,1340,-2516,-1744,-489,450,181,-49,-22,2,1 # cft deg6 r=0
1142279893,-2644412962,2817691992,-2627436742,1818195647,-1425830836,871155267,-622314780,353895719,-126225894,8890706,27793880,-10986249,1756644,369048,-14220,80909,-21174,-9762,-1718,1,190,55,10,1 # cft deg6 r=4
75,-195,162,2886,10103,20400,30683,37271,38027,35711,28752,22166,13960,8206,3863,1586,708,303,211,65,0,-11,-6,2,1 # cft deg6 r=4
5,-10,24,104,4130,20965,57057,114356,176764,220805,227009,181458,124341,53818,23076,-1578,967,-2642,344,-448,177,44,-6,-6,1 # cft deg6 r=0
-6605,-26140,-93954,-204864,-371850,-373159,-15615,694382,1392183,1473510,1151128,617848,260869,164890,212154,223314,159604,76631,20721,442,-1533,-378,-2,10,1 # cft deg6 r=4
-3261,20847,-65462,97521,-4193,-175020,180809,59693,-219361,55825,110945,-61655,-8914,28761,-17501,-7224,9885,1231,-2640,-120,412,4,-34,0,1 # cft deg6 r=8
-42813,-153225,19476,503661,340864,-411483,-705833,-211805,52266,103375,-35595,78041,-30784,37967,-36193,20114,-9822,4428,-1682,266,153,-126,48,-10,1 # cft deg6 r=4
157095029779,-255349905032,415873705767,-387908509888,380900193437,-283929932684,207124384971,-124794548452,71536683076,-34962422582,16009170827,-6179345580,2165845972,-615435538,152364608,-24914572,2295984,519618,-187138,41568,-4357,-44,50,-12,1 # cft deg6 r=4
19182507,48672750,32723445,30825198,15516262,15340982,12547793,-4668594,-5438498,-292546,45032,275156,171700,-44720,18181,-24718,-1541,2786,1508,-544,-208,62,23,-10,1 # cft deg6 r=4
-49736175,96526230,-19793136,-79426950,66058880,34028232,-43224714,-18148554,33808660,2383124,-17567388,3747476,5077051,-1423690,-880729,227726,123003,-1206,-8095,-2234,30,216,61,10,1 # cft deg6 r=4
320445865,391431334,440944450,847462720,983828450,268890088,-432715207,-313720892,86627126,156443328,43832555,-7265328,-4151786,-1492324,-393203,44652,-21804,1650,10607,1130,-422,-98,-19,2,1 # cft deg6 r=4
20653426369,0,-70642780284,0,42922953928,0,-13831497460,0,3000764500,0,-431215738,0,44650370,0,-2318492,0,22780,0,18400,0,-1019,0,102,0,1 # cft deg6 r=4
359277309,6127650324,-1858966711,-6343315546,-1152088993,2372761388,2687556044,-837180436,-1866159935,526248202,606289067,-212221228,-96636002,45308442,4563414,-4264324,394380,87414,-32481,8048,-1082,-22,48,-12,1 # cft deg6 r=4
9179,57247,102968,108608,215779,420528,407666,378038,427873,284798,90282,-80566,-133107,-99474,-60358,-18544,-146,3562,2354,398,-77,-68,-18,2,1 # cft deg6 r=8
195828363,-461569830,575059654,-589410082,1276495829,-1387507538,812092199,-327663472,176216660,-153644096,120159152,-49495538,12370461,-5518474,3177762,-827088,76951,-29202,18869,-842,-1810,440,6,-12,1 # cft deg6 r=0
105520425,345267780,944096571,1580437698,2022391276,2004077530,1635519324,1133261350,713630352,434853242,269147739,163814504,91941101,44639388,17947389,5706894,1328620,176134,-11319,-12392,-3085,-338,15,10,1 # cft deg6 r=4
3082525,10729695,13020023,3662133,-3840536,-147914,3041692,-1871278,-5203554,-1113098,2748351,1476971,-624780,-596051,39609,138128,14037,-21783,-4371,2358,574,-151,-38,4,1 # cft deg6 r=4
-24287,-12215,-87636,-136594,-256809,-635005,-702247,-418775,73595,536688,539045,209675,-85519,-184607,-102629,12968,33637,7662,-3297,-1800,60,188,0,-10,1 # cft deg6 r=8
-95111,-244690,750748,6128535,19406542,40005958,60958387,72822861,70713674,57294111,39567416,23719501,12542617,5928319,2525747,967076,325306,91413,19565,2568,-5,-70,0,6,1 # cft deg6 r=4
3501,-12285,29511,-9873,-23550,167796,-323652,458193,-483079,305244,-6559,-225102,300274,-210210,46806,47192,-40407,7437,4276,-2279,183,139,-34,-2,1 # cft deg6 r=4
235,-2840,18031,-62317,146761,-241432,273555,-245235,239188,-241682,159885,-24103,-43015,24137,6021,-9444,1992,1140,-428,-159,117,-2,-11,0,1 # cft deg6 r=0
-1521,9360,-7782,-15429,204944,520887,544814,454300,368064,165209,11629,-24638,-33257,-24952,-7348,886,1933,1097,352,-4,-68,-26,-6,2,1 # cft deg6 r=4
94249,-114204,-316800,294997,1080837,-1243293,-1660777,3458131,-937737,-2008510,1636240,159187,-672548,175381,135674,-75247,-18935,22919,-2092,-3014,826,105,-53,0,1 # cft deg6 r=4
1333291373,-225934798,-4721558094,8326593488,-10011976738,7120177138,-2978020409,-343615516,1531454438,-1352683066,755950422,-303193078,89821372,-16857840,1765693,531566,-105865,55306,9923,672,1503,-6,64,0,1 # cft deg6 r=4
-8161,-39808,-59163,-92377,-60429,167461,309561,-118069,-364991,1766,281541,33925,-135923,-24303,40462,6746,-5793,-396,-211,-169,196,33,-24,-2,1 # cft deg6 r=4
2809,4929,24802,-146911,226134,-7666,33465,116224,20668,-70748,77998,-53009,-15661,59600,2244,-19538,12591,-1723,-2902,1347,354,-160,-27,6,1 # cft deg6 r=0
81,882,5818,10078,3176,35772,-6848,70413,-47538,72239,-126628,93113,-115703,100529,-53767,30420,-12074,-2672,3881,-748,-352,154,0,-8,1 # cft deg6 r=4
-996449121,-922429134,-1970317944,-4648915116,2592544793,3741066950,1388150332,-1009206692,-1029085222,-146900560,182351750,75227244,-2469891,-7972284,-3430903,-805300,486414,250328,-34495,-21742,1954,788,-71,-10,1 # cft deg6 r=8
1368389,-8430521,20068190,-18253550,-11273551,44878095,-44728092,13896222,10804722,-11404830,1557568,3086462,-1763282,-104581,431325,-113588,-43832,27560,146,-3012,394,166,-34,-4,1 # cft deg6 r=4
571256969,-773545952,-6782936115,-8450273382,-189008813,7714192916,6795749272,727056576,-2287073513,-1278717834,44684277,254673900,71443196,-10803774,-11623283,-2706312,252792,291270,58068,468,-2111,-488,-13,10,1 # cft deg6 r=8
72432341,-350205098,1008912847,-2055353220,2922490891,-3194958952,2675223243,-1750117304,845488830,-263803432,12621357,43642212,-28435642,10591138,-1580780,-270848,346151,-90924,17202,3260,-1139,336,-19,-10,1 # cft deg6 r=8
233350555,-41336484,-41078223,80174284,253878695,319344928,251835044,130054562,-126871778,-351484210,-288223784,-77934726,29121793,25963654,5848476,-1271116,-1239265,-186426,77592,23872,-1047,-880,-34,12,1 # cft deg6 r=4
-33171,499860,-3994404,12408042,-16440559,26511414,-27283552,-13240718,73144958,-109118638,104538696,-72381510,37323279,-14150764,3478017,-189506,-262172,132950,-36133,5430,90,-254,63,-10,1 # cft deg6 r=8
-95878569,-960642942,-3058854854,-3550680122,-286431237,1357178454,-502403643,-1312718614,-994519846,-550418388,-279287388,-187797536,-134517257,-74167316,-30832372,-9144344,-1618533,-7992,99261,40162,8436,1364,170,12,1 # cft deg6 r=4
42120633,74615634,-252595014,107943306,661118015,-1101524734,700267032,-127488390,-190921472,179168032,-50998621,-11032910,17079534,-5710580,-600876,923916,-250682,-18690,32977,-5512,-1420,462,4,-12,1 # cft deg6 r=8
36753,-197634,24048,4902660,-7180793,-16714042,26183481,4286288,-9388982,3265114,866912,-3996284,2462350,-509992,-217530,284044,-135076,33464,-1754,-2622,1378,-398,75,-10,1 # cft deg6 r=8
189669,-1665258,5469402,-8195562,8172179,-10052208,10786765,-9186190,4212788,-1617056,-215645,1077396,-214032,43396,85908,-68700,9091,5980,-55,1940,242,84,34,0,1 # cft deg6 r=4
1583257,12862184,61174654,121309956,103855063,-5119688,-21392028,-16990866,31047065,2936306,1002092,-4708258,-1555296,174778,354741,154692,-10685,-23392,-5447,870,934,-8,-52,0,1 # cft deg6 r=0
1447503,1088028,1750851,-3196143,-3711242,2603028,1825534,378441,-470146,-1757810,443928,1142029,-407090,-356505,188855,54052,-49466,-914,7644,-1112,-635,190,12,-10,1 # cft deg6 r=4
1247079,-28460616,45894561,-15831504,58927316,-47091656,-12982844,-32477514,1976993,19866932,12919275,1711816,-3793934,-2537344,-509139,143536,152529,53688,5964,-1736,-965,-186,13,10,1 # cft deg6 r=8
5107,-32562,94384,-161959,169521,-69532,-95204,180305,-86058,-91069,157381,-76086,-17868,31802,-992,-14680,8951,-1808,148,-192,18,62,-19,-2,1 # cft deg6 r=4
936177,14585802,77193267,142722150,234297814,243759770,179562604,103649178,53099043,20263158,6575446,1108962,-322369,-386874,-114327,-38384,10236,2560,2865,688,120,-36,-28,0,1 # cft deg6 r=0
500592089,1818653686,194512146,-2662461754,-1497575015,1937996590,1307578761,-832733166,-621765686,247091502,190546164,-55947318,-39957029,9999242,5924054,-1443540,-606479,162426,38769,-12772,-1156,594,-8,-12,1 # cft deg6 r=4
62362609,0,-78767104614,0,3564809239,0,11326285534,0,-5090703725,0,422025526,0,8512340,0,-7209370,0,99715,0,71300,0,4366,0,108,0,1 # cft deg6 r=4
1,-24,163,125,-1912,3076,3577,-17018,11787,11976,-18271,14222,-2427,-12908,8416,570,-1872,1302,-77,-425,52,67,-6,-6,1 # cft deg6 r=12
605806563,-883192692,865654301,276548566,-669020203,412420404,298666440,-502824970,301650199,-148898078,77217127,-46205636,24740114,-7685582,607894,531752,-272934,69336,-4835,-1742,744,-264,70,-12,1 # cft deg6 r=0
881663633,-6730096002,8459834425,-4090521926,-567190473,507417726,1734588085,-1240951620,-49525222,570172614,-193697313,-73949462,50419174,4030480,-5786844,-465452,291401,78172,5957,-4204,-1260,-58,33,10,1 # cft deg6 r=4
-289,1150,1908,-4540,-19777,-8292,64355,111418,48314,-52153,-66833,-29137,6414,8359,3465,-3552,-1932,396,-530,188,196,-61,-23,4,1 # cft deg6 r=8
125,2920,-15566,63153,-141640,186395,-89520,-91054,171790,-76101,-58828,81337,-17306,-24545,16156,726,-3780,1161,95,-224,104,3,-17,2,1 # cft deg6 r=4
-3169,-18199,-38118,-26055,21998,59345,54851,25020,14498,15485,3612,-16718,-20351,-6142,5423,4423,-805,-1943,-418,330,146,-21,-18,0,1 # cft deg6 r=4
73407,-506520,-27672,2198814,4033004,3074572,345560,-530360,-263940,-424862,-388085,75694,536950,630304,406904,145112,7055,-24660,-16287,-5598,-1068,-44,42,12,1 # cft deg6 r=8
-473402093,-2255273378,-4560931094,-5933038864,-5688408750,-4300587700,-2811319389,-1646101852,-822142037,-314172070,-72092633,6319556,18434591,11034618,4357389,1260072,221797,4374,-14041,-5886,-1262,-142,10,8,1 # cft deg6 r=8
42695,-169050,36767,-1081012,503050,-338754,-536757,91666,878058,559632,13963,162400,161740,23492,31942,32808,10011,4156,1343,-348,-128,-8,-14,0,1 # cft deg6 r=4
647337,-3274215,8823942,-11316768,3522452,9311781,-13404889,5797166,3349686,-5879367,3018581,145390,-1125481,638710,-62608,-110244,61998,-8130,-5190,2732,-409,-94,58,-12,1 # cft deg6 r=0
96709007,188883790,295685282,281931480,268497235,204582502,152888149,91446302,42784514,17106716,7394069,4314418,3524815,1791146,451369,22774,-21833,-4198,5137,3858,1491,408,79,10,1 # cft deg6 r=0
2715469,8463218,12326439,10195674,4179214,327748,552098,1200948,-263871,-1808368,-1322157,30388,512438,182256,-98390,-91942,-10939,14534,6831,180,-660,-174,4,8,1 # cft deg6 r=4
4493838243,-2544117936,-1562147040,3494865834,460968581,-1861998452,-275308898,602987190,193061093,-106072450,-73948092,5223842,17209185,2446502,-2450224,-726326,212342,105298,-11471,-9128,512,462,-31,-10,1 # cft deg6 r=4
705975,-3291150,-8190162,-8280192,6099643,19986946,1891701,-9409326,-5363886,918644,3415281,-1272434,758763,-236722,-216119,-9094,113387,-39250,1801,1510,-685,144,15,-10,1 # cft deg6 r=8
-221443,-204152,1746298,1945169,-7783467,-2692919,18237845,-8331125,-12297966,11348903,2131035,-5529992,869604,1348689,-499815,-172105,111309,8877,-14143,355,1104,-62,-50,2,1 # cft deg6 r=8
-1797241,-4756796,4115459,-16787122,-43471344,1051644,-21130649,42281506,62093063,-27276040,-40325729,5785412,12897446,-72460,-2437879,-144460,300286,22514,-25618,-1516,1499,46,-54,0,1 # cft deg6 r=4
1328,3104,23632,3528,-37915,235866,94861,-245316,-454383,75194,466326,75790,-244802,-101076,84489,47263,-17188,-11932,1516,1571,60,-90,-18,2,1 # cft deg6 r=4
716,1920,3404,-4420,6835,-17192,32144,-38583,45132,-55446,59343,-52126,38828,-29353,19248,-6145,-1770,2582,-1438,722,-248,1,32,-10,1 # cft deg6 r=4
1267,1430,-79,-6814,-652,3994,15768,-15454,-2090,-14380,30999,-13498,7790,-11278,9111,-4168,558,42,-99,302,-116,-60,50,-12,1 # cft deg6 r=0
-1565147,-8925367,-23099861,-34104386,-28017030,-6147504,12570712,13868014,3690822,-3527611,-3002504,43033,1063559,412333,-138493,-152450,-25147,18374,9225,333,-832,-225,-1,8,1 # cft deg6 r=4
-32311,-143782,-90442,507341,1281858,1098072,-334811,-1596482,-1289797,260236,1549126,1547240,501676,-512155,-732317,-358934,-17860,59223,23089,253,-1743,-340,19,12,1 # cft deg6 r=8
-15388,-27032,10936,61608,-15763,-101862,12633,111816,-20588,-76370,15483,34707,-2418,-12055,-3099,3879,2664,-1360,-980,395,182,-61,-19,4,1 # cft deg6 r=4
3584,24832,58016,99440,144301,157736,115739,73688,70871,46974,-3100,-13691,3424,6486,2892,1632,-690,-1394,-221,311,144,-17,-21,0,1 # cft deg6 r=4
808576,-551552,1714160,-1003992,-533379,1675110,-959131,-861722,1273023,137926,-744034,59226,286791,-41864,-80819,11870,17596,-1934,-2899,190,360,-8,-28,0,1 # cft deg6 r=0
4,164,-2727,16218,-68301,172188,-205905,302394,-475964,436802,57831,-372928,228051,-27625,-51992,49890,-15504,-5075,4943,-947,-249,145,-16,-2,1 # cft deg6 r=8
-21977,37494,61549,-210212,65976,406820,-525273,25852,329999,-170887,4639,-52450,51681,44347,-72935,21554,15949,-13790,2395,1443,-828,121,23,-10,1 # cft deg6 r=8
38756,-197594,602507,-1371525,2514391,-3583084,3810663,-3141329,2394703,-2372829,2321413,-1697607,664009,-98054,-24124,12916,1468,3323,-4439,-319,747,24,-43,-2,1 # cft deg6 r=4
-354512,93136,-273476,-499408,-512279,-1543666,-1661918,-1551394,-671810,465260,610976,243333,-203181,-255854,21613,96909,5424,-20813,-2291,2693,368,-194,-30,6,1 # cft deg6 r=4
-893764,-157498,4127559,395289,-8716635,-322962,11803808,-909092,-11154234,3083640,6534687,-3360743,-1866941,1584191,150170,-370333,35562,47314,-9722,-3395,988,129,-49,-2,1 # cft deg6 r=8
-618427,-565944,1707170,517341,-3492896,431056,4795769,-1206533,-4170853,1261750,2348592,-834655,-860101,374418,194648,-112016,-22298,21234,-104,-2374,351,132,-36,-2,1 # cft deg6 r=4
-16,-1552,3956,4476,-3541,52901,128684,66530,-29061,-29523,-29458,-38238,-21638,-15200,-8620,2968,2278,-382,715,738,15,-109,-19,4,1 # cft deg6 r=8
-309899,756316,440255,-2127773,18668,2782296,-436513,-2428515,660001,1377638,-453013,-611077,249999,196348,-94976,-48720,24633,9729,-4173,-1317,445,113,-31,-4,1 # cft deg6 r=4
28877,-70374,2363,-190863,629751,-397907,36869,-1070643,1964691,-823853,-328431,-633210,2174287,-2284489,1333036,-477440,88636,9905,-13865,4998,-647,-188,96,-16,1 # cft deg6 r=4
42946399,142963680,140520336,-58909797,-206448273,-81639489,101099413,85104157,-16908143,-35564487,-3392429,8333749,2201460,-1210632,-491699,119713,69703,-9319,-8115,552,768,-16,-43,0,1 # cft deg6 r=0
716,-2544,-11913,24405,-4675,-64536,113656,-111953,141979,-136543,41427,4132,6498,20593,-43166,22397,-1187,-2322,1316,-681,93,82,-25,-2,1 # cft deg6 r=8
2629273,27692350,1104092,-104485914,-27459890,142727226,49233600,-86722446,-28370658,22347186,-300190,-1317592,4634067,-550004,-1654556,139444,287939,-14544,-29316,732,1810,-14,-64,0,1 # cft deg6 r=8
146519,-48144,-1027949,-114341,705193,-438908,-169899,411575,-110212,-118981,68704,4264,-34754,2905,7601,-3308,84,1519,75,-158,81,39,-12,-2,1 # cft deg6 r=4
3584,-256,-2912,48784,-168083,306344,-342047,217640,-38625,-49931,29983,3683,9072,-38896,41284,-18422,-1843,7354,-4521,1324,-36,-138,60,-12,1 # cft deg6 r=4
20704,457600,-690776,6946432,-17177831,27692733,-35740419,30653318,-13853176,-118738,3620066,-955078,-1071592,754800,38062,-189044,39173,22602,-8867,-1338,950,7,-50,2,1 # cft deg6 r=4
8036,-26404,86892,-144688,226001,-238423,216647,-133127,100711,-18947,45433,-30658,15465,-17093,8166,-6182,5063,-1849,521,-165,27,-40,34,-10,1 # cft deg6 r=0
-11401,-9345,106309,-233172,303912,-376972,544182,-754958,891023,-927321,879218,-738442,525636,-311824,152904,-55660,5210,12229,-10978,4938,-1192,68,44,-12,1 # cft deg6 r=4
-103,4796,-82237,-246363,86817,313862,-164664,34998,-41041,-15479,195325,-213744,99253,-8755,-59892,66985,-15337,-13568,8012,-203,-855,197,14,-10,1 # cft deg6 r=8
-1808047,5421602,-4086730,-875422,599562,2390657,-1128237,-2090612,-25677,1442329,1207582,356796,51342,65366,63134,10867,-16624,-11196,-1948,859,437,22,-27,-4,1 # cft deg6 r=4
-40853,-180036,188534,-333979,-1785194,277223,2348554,-2324325,-3941254,2340333,3670990,-934497,-1794348,229680,536661,-52506,-105856,12728,13591,-2405,-988,266,21,-12,1 # cft deg6 r=4
-529213,2282362,-4528364,-1920345,4237931,-8847247,-7506930,9375915,14242162,-1908988,-8780082,486816,4313117,1241765,-483807,-479074,-181957,-8917,21138,6542,-175,-363,-37,6,1 # cft deg6 r=4
-9638,-86504,-341903,-742400,-857256,-215818,828034,1189172,442654,-522381,-697542,-183279,234126,206393,11926,-60519,-25330,5537,6213,658,-602,-171,13,10,1 # cft deg6 r=4
-3001,27387,-92701,118083,49023,-273284,180523,154245,-258252,44826,144591,-105075,-30742,65874,-9245,-22312,8518,4087,-2600,-308,401,-9,-31,2,1 # cft deg6 r=8
3698132,14838852,-13176197,-29407402,19883351,28029894,-17405590,-17271473,10320828,7577531,-4435618,-2459365,1419190,599148,-341082,-108490,60855,14234,-7815,-1295,689,74,-38,-2,1 # cft deg6 r=4
199,-463,164,654,769,-10076,31751,-58021,68072,-50671,20405,-439,-2593,-1746,4681,-4860,3448,-1456,92,195,-21,-66,40,-10,1 # cft deg6 r=0
-908591,2873809,-1898521,-3157602,4770503,1341955,-6578843,2790099,3877583,-4648724,971175,1515938,-1265714,185723,249414,-144881,6495,21490,-6962,-1026,875,-23,-47,2,1 # cft deg6 r=8
-268,5204,3708,-19688,-65151,366549,-941492,1641783,-1954937,1501971,-511608,-539180,1257305,-1394065,1039224,-543477,193122,-39502,-547,3709,-1404,220,14,-10,1 # cft deg6 r=4
-268133,607971,-1185062,2169809,-3351973,3631666,-2998409,1835101,374850,-1853801,1509382,-202748,16035,-10991,-147349,23666,32495,2047,-1922,-1192,-373,36,50,12,1 # cft deg6 r=4
157948,32188,6692,-207656,368831,-301475,267211,-160177,219067,-35964,-75773,123681,81487,-51247,-15151,38782,12884,-8795,-1886,2437,840,-85,-53,0,1 # cft deg6 r=0
149696,-644160,1774120,-1428832,4303125,2147178,7769803,8104470,12342962,11586035,12025610,9707133,6901694,4512825,2427185,1007620,320586,61527,-17,-4361,-1307,-110,30,10,1 # cft deg6 r=0
49,0,-2454,0,-4273,0,36702,0,-26931,0,5376,0,-15198,0,-1170,0,2230,0,420,0,-52,0,-12,0,1 # cft deg6 r=12
1,0,-9272,0,-80912,0,1300,0,156670,0,-177598,0,128674,0,-61688,0,20533,0,-4830,0,651,0,-42,0,1 # cft deg6 r=12
169,0,2238,0,-59829,0,248666,0,-197143,0,67224,0,-39782,0,21494,0,-4490,0,-128,0,180,0,-24,0,1 # cft deg6 r=12
1,0,-1476,0,16396,0,39308,0,-103310,0,34886,0,8646,0,3380,0,-3235,0,374,0,-25,0,-2,0,1 # cft deg6 r=12
16,0,212,0,-2047,0,-19266,0,89099,0,-74824,0,7579,0,9684,0,-1905,0,-302,0,10,0,-8,0,1 # cft deg6 r=8
10000,0,-82700,0,-275207,0,-158336,0,35150,0,65122,0,12903,0,-5192,0,-581,0,132,0,-37,0,2,0,1 # cft deg6 r=8
1024,0,-304128,0,-549376,0,-500480,0,-190400,0,15744,0,5568,0,6048,0,240,0,-124,0,-15,0,-6,0,1 # cft deg6 r=8
784,0,-71080,0,1014321,0,-795182,0,128755,0,146026,0,-95889,0,13384,0,-912,0,1026,0,-103,0,-14,0,1 # cft deg6 r=12
49,0,-646,0,-13157,0,67466,0,-104675,0,61728,0,-14634,0,4770,0,-3554,0,856,0,4,0,-16,0,1 # cft deg6 r=12
1,0,-168,0,2764,0,-5004,0,-16682,0,-8814,0,-4406,0,3924,0,985,0,38,0,51,0,-18,0,1 # cft deg6 r=12
64,0,-2100,0,-21191,0,-20484,0,-2510,0,5286,0,9407,0,2616,0,-1093,0,48,0,-65,0,-2,0,1 # cft deg6 r=8
16,0,-8716,0,43289,0,112298,0,95857,0,45526,0,16880,0,5536,0,1347,0,58,0,-61,0,-6,0,1 # cft deg6 r=8
169,0,-39334,0,10835,0,217870,0,-20171,0,-44172,0,54838,0,-19238,0,6794,0,-2000,0,304,0,-24,0,1 # cft deg6 r=8
16,0,-3304,0,83609,0,-222176,0,-32238,0,227590,0,-191829,0,59848,0,-4949,0,-568,0,99,0,-10,0,1 # cft deg6 r=12
2209,0,-36028,0,-490708,0,1045952,0,-867218,0,356254,0,-43366,0,-36516,0,23277,0,-6058,0,775,0,-46,0,1 # cft deg6 r=12
-1531,-1292,18276,-18914,-57099,151926,-81262,-156894,270829,-106682,-110521,138558,-31875,-38722,29780,-1170,-7657,3038,608,-760,134,62,-26,0,1 # cft deg6 r=8
-169,1378,-4287,8976,-19454,40110,-64456,42324,54912,-99240,17837,43608,-32437,6572,14288,-9130,-902,2644,-1022,-340,298,18,-30,0,1 # cft deg6 r=8
-149,502,1729,-6702,8470,-17754,29083,-49068,63604,-63656,58152,-61620,57404,-38658,11019,9412,-12061,4704,700,-1268,295,76,-36,0,1 # cft deg6 r=8
1,0,-702,0,-9003,0,129074,0,-263648,0,215232,0,-87131,0,22616,0,-4813,0,380,0,43,0,-18,0,1 # cft deg6 r=12
12544,0,113068,0,234769,0,54618,0,-118575,0,-55714,0,15848,0,9424,0,-2269,0,370,0,3,0,-14,0,1 # cft deg6 r=8
64,0,1276,0,-5839,0,-19436,0,111950,0,-149844,0,83921,0,-16866,0,-1652,0,982,0,-52,0,-12,0,1 # cft deg6 r=8
169,0,-9468,0,62936,0,307918,0,-413922,0,258248,0,-73393,0,12266,0,-1463,0,-186,0,130,0,-20,0,1 # cft deg6 r=8
16,0,740,0,-10415,0,812,0,8936,0,5190,0,176,0,-5434,0,-55,0,40,0,-138,0,-8,0,1 # cft deg6 r=8
64,0,-2164,0,9545,0,93220,0,61830,0,-23320,0,-35175,0,-13314,0,-2268,0,-246,0,-4,0,8,0,1 # cft deg6 r=8
4489,0,-26870,0,-22951,0,91626,0,127752,0,63624,0,-46547,0,-1872,0,-613,0,108,0,127,0,-10,0,1 # cft deg6 r=8
26896,0,-19516,0,-192655,0,44414,0,6753,0,14110,0,-5912,0,-1840,0,1599,0,-554,0,107,0,-14,0,1 # cft deg6 r=4
204304,0,741204,0,852489,0,491566,0,43661,0,51552,0,10850,0,-156,0,-222,0,-68,0,-43,0,-2,0,1 # cft deg6 r=4
4489,0,19370,0,25063,0,-23170,0,-121431,0,-145476,0,-95722,0,-36366,0,-5850,0,-456,0,-116,0,0,0,1 # cft deg6 r=4
1,0,122896,0,-241818,0,-434722,0,24145,0,94174,0,-21549,0,-7728,0,2582,0,86,0,-104,0,4,0,1 # cft deg6 r=4
32761,0,481872,0,37922,0,-281200,0,-27521,0,30304,0,-8452,0,-3744,0,39,0,80,0,66,0,16,0,1 # cft deg6 r=4
50176,0,-451408,0,-222351,0,176288,0,-130064,0,-67674,0,20768,0,-9370,0,41,0,604,0,-86,0,-4,0,1 # cft deg6 r=4
16,0,-156,0,-3071,0,17994,0,-76233,0,-71442,0,-37281,0,-10376,0,-2668,0,-174,0,-11,0,10,0,1 # cft deg6 r=4
1,0,722,0,-6363,0,-44702,0,-120452,0,-189568,0,-163483,0,-65524,0,-11445,0,-244,0,199,0,26,0,1 # cft deg6 r=4
105625,0,620150,0,16829,0,-127918,0,65040,0,-6364,0,-22455,0,-3220,0,-2321,0,-984,0,-101,0,-10,0,1 # cft deg6 r=4
256,0,2384,0,-119599,0,80624,0,-294440,0,76330,0,-21396,0,-12078,0,-1107,0,16,0,-10,0,0,0,1 # cft deg6 r=4
16,0,-8780,0,134633,0,-232422,0,59473,0,61606,0,-20224,0,-2904,0,1727,0,98,0,-109,0,2,0,1 # cft deg6 r=12
16,0,-3372,0,43817,0,-112148,0,18778,0,24956,0,30881,0,-21286,0,-1252,0,1298,0,-40,0,-16,0,1 # cft deg6 r=16
16,0,23864,0,-377615,0,193196,0,45824,0,62658,0,11980,0,7758,0,1329,0,-284,0,-90,0,0,0,1 # cft deg6 r=8
16,0,-17212,0,182809,0,-228322,0,99673,0,-96274,0,57472,0,-26232,0,8567,0,-2002,0,323,0,-30,0,1 # cft deg6 r=8
256,0,-6756,0,3857,0,47786,0,-42395,0,-1358,0,9452,0,-8344,0,2559,0,-778,0,83,0,-14,0,1 # cft deg6 r=8
16,0,-32508,0,-11615,0,11756,0,111126,0,91310,0,62963,0,-1664,0,-2473,0,-268,0,-29,0,2,0,1 # cft deg6 r=8
43264,0,-408916,0,1146281,0,-1183486,0,354255,0,93930,0,-64401,0,-2648,0,5152,0,146,0,-187,0,-10,0,1 # cft deg6 r=12
39601,0,-472238,0,902241,0,-696850,0,189048,0,86824,0,-101635,0,44492,0,-10949,0,1468,0,-57,0,-10,0,1 # cft deg6 r=12
64,0,-7876,0,133393,0,2392666,0,3234527,0,-2649738,0,777951,0,-145116,0,25332,0,-4190,0,497,0,-34,0,1 # cft deg6 r=8
49,0,-3168,0,-91488,0,14290,0,399850,0,234268,0,-52241,0,-20906,0,6777,0,-1138,0,174,0,-20,0,1 # cft deg6 r=8
1024,0,21296,0,-130631,0,95004,0,-32950,0,-10812,0,22873,0,-13310,0,5736,0,-1542,0,288,0,-28,0,1 # cft deg6 r=8
49,0,10506,0,-108219,0,293238,0,-378316,0,213756,0,-68935,0,18456,0,-3009,0,88,0,63,0,-14,0,1 # cft deg6 r=8
57121,0,-1031056,0,2496540,0,-2983348,0,2227922,0,-1168994,0,455106,0,-133640,0,29405,0,-4706,0,515,0,-34,0,1 # cft deg6 r=8
16,0,38964,0,-101351,0,-351130,0,603389,0,-399792,0,186994,0,-64188,0,14194,0,-2068,0,245,0,-26,0,1 # cft deg6 r=8
3136,0,-102308,0,-5967,0,46500,0,59078,0,-15958,0,-13137,0,-3300,0,4035,0,20,0,-61,0,-10,0,1 # cft deg6 r=8
64,0,2460,0,7649,0,-77862,0,-180643,0,358714,0,-95588,0,17348,0,-3493,0,-446,0,219,0,-26,0,1 # cft deg6 r=8
4096,0,-779380,0,513145,0,134010,0,-127251,0,-23094,0,21216,0,804,0,-1785,0,470,0,-81,0,-2,0,1 # cft deg6 r=8
16129,0,898,0,-121925,0,-9788,0,101611,0,-36232,0,8837,0,-1588,0,-1300,0,82,0,9,0,2,0,1 # cft deg6 r=8
1,0,12,0,-298,0,-2878,0,665,0,32074,0,26899,0,-1796,0,-2046,0,-42,0,-52,0,-12,0,1 # cft deg6 r=8
169,0,-39620,0,-158910,0,-125998,0,46697,0,-65462,0,-57553,0,468,0,-5662,0,1270,0,68,0,4,0,1 # cft deg6 r=4
64,0,-74516,0,-76991,0,155406,0,97679,0,60166,0,31643,0,12212,0,3524,0,786,0,125,0,14,0,1 # cft deg6 r=4
32761,0,-1233990,0,1589421,0,-210810,0,-431928,0,169984,0,-110403,0,27236,0,-5565,0,916,0,-13,0,-10,0,1 # cft deg6 r=4
256,0,10092,0,-41119,0,-369364,0,-525282,0,-125804,0,38121,0,-7178,0,7360,0,-1086,0,184,0,-12,0,1 # cft deg6 r=4
16,0,4180,0,-30399,0,-66592,0,91840,0,-15538,0,-9228,0,2218,0,21,0,252,0,70,0,0,0,1 # cft deg6 r=4
3136,0,185596,0,-1133807,0,1102696,0,-228898,0,28796,0,-43731,0,22362,0,-4336,0,134,0,92,0,-16,0,1 # cft deg6 r=4
12769,0,437380,0,194964,0,-228922,0,238850,0,-134868,0,51931,0,-19610,0,4809,0,-1058,0,174,0,-20,0,1 # cft deg6 r=4
16,0,-7848,0,-457047,0,25320,0,-76286,0,-87696,0,10673,0,-1902,0,-552,0,302,0,-12,0,4,0,1 # cft deg6 r=4
30625,0,-131100,0,-144292,0,3658,0,30374,0,-19712,0,-6377,0,6802,0,-2559,0,406,0,-10,0,-8,0,1 # cft deg6 r=4
4096,0,-7444,0,-40575,0,88290,0,-2841,0,-17596,0,-7745,0,3584,0,907,0,-30,0,-126,0,12,0,1 # cft deg6 r=12
784,0,3396,0,-95727,0,185156,0,-157270,0,102254,0,-68377,0,36452,0,-12521,0,2544,0,-253,0,2,0,1 # cft deg6 r=12
516961,0,-987872,0,110944,0,465272,0,-139762,0,23758,0,21334,0,-764,0,-4379,0,-1134,0,-81,0,10,0,1 # cft deg6 r=8
16,0,228,0,9,0,-5594,0,-5559,0,4102,0,14088,0,-3476,0,-2749,0,-1302,0,-109,0,14,0,1 # cft deg6 r=8
6241,0,12002,0,-56431,0,-212366,0,-287792,0,-12140,0,10957,0,9692,0,1247,0,-148,0,-101,0,-10,0,1 # cft deg6 r=8
11881,0,-7596,0,-140372,0,111324,0,15826,0,-15778,0,2758,0,9576,0,1857,0,-926,0,-141,0,6,0,1 # cft deg6 r=8
784,0,-412,0,1553,0,-3270,0,-1887,0,-862,0,-2116,0,2640,0,2075,0,626,0,-209,0,-2,0,1 # cft deg6 r=8
256,0,30188,0,-164567,0,22842,0,112303,0,8998,0,-7989,0,-3760,0,-1076,0,110,0,37,0,10,0,1 # cft deg6 r=8
16,0,324,0,-1543,0,-10200,0,7922,0,14230,0,-15757,0,6660,0,779,0,-872,0,-89,0,10,0,1 # cft deg6 r=8
625,0,1700,0,-17082,0,34390,0,-58703,0,61486,0,-26433,0,5136,0,1218,0,-218,0,-16,0,-8,0,1 # cft deg6 r=8
6889,0,-49234,0,136761,0,-206870,0,214140,0,-184216,0,146489,0,-78108,0,27439,0,-5488,0,619,0,-38,0,1 # cft deg6 r=8
760384,0,-1220052,0,395281,0,-349384,0,277490,0,-111774,0,9511,0,10776,0,-3617,0,320,0,47,0,-14,0,1 # cft deg6 r=8
16,0,-1036,0,17409,0,-23662,0,100775,0,-50100,0,-4569,0,-5800,0,1359,0,-630,0,14,0,-4,0,1 # cft deg6 r=8
337561,0,-291660,0,-520014,0,-184870,0,-46979,0,32514,0,33455,0,13076,0,4286,0,402,0,68,0,16,0,1 # cft deg6 r=4
16,0,-716,0,1569,0,2738,0,-57073,0,44820,0,-28445,0,8564,0,-2493,0,334,0,-58,0,0,0,1 # cft deg6 r=4
4096,0,-216768,0,-1297127,0,-1363066,0,-1214211,0,-418632,0,-136046,0,-16876,0,1154,0,1112,0,213,0,22,0,1 # cft deg6 r=4
12544,0,97500,0,154417,0,113152,0,106680,0,-12358,0,-5596,0,-4074,0,217,0,576,0,-118,0,0,0,1 # cft deg6 r=4
64,0,428,0,689,0,288,0,-462,0,-2928,0,-299,0,-2910,0,1148,0,-318,0,-148,0,0,0,1 # cft deg6 r=4
16,0,-76,0,-2599,0,-7276,0,-15612,0,-16418,0,-23248,0,-11078,0,-4223,0,-68,0,-6,0,-16,0,1 # cft deg6 r=4
4489,0,80664,0,-51720,0,75926,0,-86430,0,-55160,0,-27933,0,-8770,0,-75,0,-190,0,166,0,-24,0,1 # cft deg6 r=4
625,0,21950,0,-374011,0,-708146,0,-406996,0,-163780,0,-32847,0,2164,0,3679,0,1344,0,263,0,26,0,1 # cft deg6 r=4
59536,0,76708,0,-337943,0,-219436,0,-115930,0,-81518,0,-33561,0,-6936,0,-657,0,92,0,67,0,14,0,1 # cft deg6 r=4
64,0,-3588,0,20593,0,-21750,0,-1845,0,8546,0,-2645,0,2044,0,-2020,0,938,0,-143,0,-2,0,1 # cft deg6 r=12
1,0,-2504,0,-37016,0,178156,0,-464122,0,462402,0,-228846,0,44496,0,1569,0,282,0,-225,0,-2,0,1 # cft deg6 r=8
256,0,-95508,0,-247687,0,100202,0,-362303,0,-146190,0,5024,0,3288,0,3167,0,86,0,-145,0,2,0,1 # cft deg6 r=8
1024,0,-19456,0,-9472,0,92928,0,-151104,0,149376,0,-41232,0,-1552,0,-936,0,92,0,33,0,-6,0,1 # cft deg6 r=8
16,0,180,0,-4159,0,43848,0,-183182,0,207562,0,-30837,0,8356,0,5919,0,-2692,0,299,0,-22,0,1 # cft deg6 r=8
1,0,392,0,-3286,0,-8002,0,-6327,0,12238,0,16507,0,6400,0,2970,0,530,0,-168,0,-8,0,1 # cft deg6 r=8
256,0,8336,0,-33015,0,27660,0,-17980,0,10174,0,-1160,0,138,0,1085,0,-432,0,230,0,-32,0,1 # cft deg6 r=8
256,0,-260660,0,65937,0,68248,0,-7574,0,-15192,0,19373,0,-10042,0,3644,0,-906,0,156,0,-16,0,1 # cft deg6 r=4
440896,0,586124,0,-497087,0,-1482398,0,-1242253,0,-508368,0,-89073,0,8764,0,8383,0,2190,0,330,0,28,0,1 # cft deg6 r=4
2704,0,13284,0,-36255,0,5210,0,-109,0,1172,0,-4857,0,2236,0,-513,0,-54,0,14,0,0,0,1 # cft deg6 r=4
1054729,0,3518126,0,-2039469,0,-2404542,0,636677,0,635008,0,166594,0,11610,0,-3862,0,-1080,0,-100,0,4,0,1 # cft deg6 r=4
628849,0,1075520,0,-1357760,0,-2889258,0,-1311334,0,-127860,0,34267,0,20098,0,3705,0,498,0,66,0,8,0,1 # cft deg6 r=4
9221,-62428,225785,-586474,1209702,-2050052,2893236,-3425716,3408428,-2829174,1920109,-1021836,387803,-72876,-22064,24518,-10274,2142,172,-284,72,12,-10,0,1 # cft deg6 r=4
22139,13286,-102298,193322,-16179,-383698,837980,-854258,508038,7124,-239910,266202,-131864,47438,11553,-12894,12414,-3616,1843,-80,124,18,14,0,1 # cft deg6 r=4
3136,0,-70180,0,78769,0,78954,0,-75925,0,-150900,0,1339,0,-18824,0,3083,0,-690,0,174,0,-12,0,1 # cft deg6 r=4
531441,0,944784,0,65610,0,-548208,0,-160785,0,58464,0,22412,0,6496,0,-1985,0,-752,0,10,0,16,0,1 # cft deg6 r=4
4489,0,7790,0,-5577,0,-25924,0,-33321,0,-30248,0,-27759,0,-5948,0,-2344,0,-50,0,-39,0,2,0,1 # cft deg6 r=4
256,0,-10992,0,15257,0,272656,0,-155078,0,18640,0,-10647,0,782,0,352,0,-58,0,36,0,-4,0,1 # cft deg6 r=8
-52216,960050,-1615881,-2363162,1284965,3006956,695342,-1249500,-1588192,-2385390,-2205577,152422,1931115,1299726,-52559,-431930,-155305,29454,30801,4658,-1307,-454,-11,10,1 # cft deg6 r=8
16,0,-1308,0,23737,0,51480,0,45698,0,22726,0,2531,0,-1500,0,-717,0,156,0,71,0,-18,0,1 # cft deg6 r=8
3136,0,-211972,0,287729,0,20312,0,-23900,0,-41266,0,-1872,0,-3314,0,-707,0,-476,0,150,0,-4,0,1 # cft deg6 r=8
477481,0,1520342,0,1019587,0,393350,0,250041,0,95084,0,10870,0,-3658,0,-2682,0,-632,0,-56,0,0,0,1 # cft deg6 r=4
64,0,-74340,0,-86007,0,-5304,0,-8984,0,-13074,0,-4472,0,-1586,0,-271,0,-116,0,18,0,-4,0,1 # cft deg6 r=4
35344,0,-104872,0,-306087,0,-61964,0,-105798,0,-34450,0,-15681,0,-2688,0,-581,0,268,0,71,0,18,0,1 # cft deg6 r=4
204304,0,196804,0,-241823,0,137588,0,104194,0,-112392,0,45977,0,1446,0,-6252,0,1494,0,-76,0,-12,0,1 # cft deg6 r=4
16,0,1876,0,761,0,-17470,0,10855,0,-39636,0,9207,0,1152,0,-825,0,274,0,-30,0,-4,0,1 # cft deg6 r=4
954416,7656490,29801403,72460826,121701593,150061556,141451134,104837192,61858730,28743746,9443911,551298,-2204201,-1979836,-930654,-175900,82722,75824,24246,1600,-1224,-318,3,10,1 # cft deg6 r=4
24649,0,31866,0,-831345,0,1021754,0,-635807,0,235740,0,-60122,0,11042,0,-398,0,-528,0,160,0,-20,0,1 # cft deg6 r=4
1,0,274,0,3207,0,-21432,0,11923,0,-5596,0,6385,0,132,0,1640,0,406,0,141,0,22,0,1 # cft deg6 r=4
64,0,5628,0,-77903,0,12768,0,33004,0,64582,0,51108,0,22862,0,6017,0,1208,0,90,0,8,0,1 # cft deg6 r=4
169,0,-256,0,-11754,0,-38962,0,-35603,0,-30270,0,-15885,0,-1576,0,2990,0,-254,0,-68,0,12,0,1 # cft deg6 r=4
99856,0,153620,0,38465,0,-72478,0,-78617,0,-37854,0,-12909,0,-2472,0,-60,0,138,0,49,0,10,0,1 # cft deg6 r=4
5041,0,-207042,0,-293637,0,-164128,0,-121981,0,-25788,0,-10703,0,-9384,0,1240,0,-526,0,153,0,-14,0,1 # cft deg6 r=4
2704,0,12068,0,71657,0,213268,0,104390,0,14260,0,-19571,0,-19746,0,-1888,0,146,0,-68,0,0,0,1 # cft deg6 r=4
64,0,1852,0,8425,0,-236,0,-21720,0,-25502,0,-18856,0,-8506,0,-2791,0,-600,0,-94,0,-4,0,1 # cft deg6 r=4
33916,345806,1391171,775834,1688265,-465984,35662,468968,-64142,713746,-950825,687750,-430793,391936,-285150,66076,66722,-64092,21310,-816,-1416,338,3,-10,1 # cft deg6 r=4
39601,0,25428,0,-57496,0,69838,0,-88914,0,59848,0,-31005,0,13378,0,-2623,0,-1030,0,246,0,-24,0,1 # cft deg6 r=4
1024,0,5808,0,-8623,0,-57144,0,-23152,0,-41418,0,-7412,0,-946,0,-207,0,-40,0,-58,0,0,0,1 # cft deg6 r=4
11449,0,299558,0,76487,0,203312,0,-151633,0,-11468,0,-5623,0,-1744,0,1896,0,-534,0,121,0,-14,0,1 # cft deg6 r=4
39601,0,584076,0,1662312,0,2294682,0,1952170,0,1138176,0,478643,0,149250,0,34413,0,5654,0,630,0,40,0,1 # cft deg6 r=0
16,0,340,0,2553,0,10446,0,28849,0,45230,0,17676,0,2824,0,2919,0,762,0,155,0,26,0,1 # cft deg6 r=0
4613824,-9337352,8756661,-5644922,5510339,-5752136,4647365,-1761062,540581,-816244,1368629,-1168214,807695,-676344,659776,-500804,258058,-81032,10175,2930,-1545,224,19,-10,1 # cft deg6 r=0
169,0,429534,0,448355,0,292926,0,177977,0,85448,0,31558,0,9978,0,2678,0,564,0,96,0,12,0,1 # cft deg6 r=0
49,0,3008,0,50932,0,302492,0,537830,0,465646,0,243918,0,88476,0,23189,0,4230,0,499,0,34,0,1 # cft deg6 r=0
258064,0,348580,0,581209,0,391696,0,167074,0,57962,0,24211,0,5568,0,899,0,136,0,3,0,-2,0,1 # cft deg6 r=0
3136,0,96156,0,-216823,0,252312,0,-178228,0,74766,0,-14084,0,846,0,973,0,-356,0,62,0,-4,0,1 # cft deg6 r=0
597529,0,-978260,0,916876,0,-670732,0,397158,0,-164094,0,73458,0,-23956,0,7061,0,-1618,0,263,0,-22,0,1 # cft deg6 r=0
256,0,8428,0,48097,0,79950,0,11599,0,14006,0,68155,0,35868,0,7152,0,1426,0,189,0,14,0,1 # cft deg6 r=0
64,0,10284,0,105353,0,370374,0,580673,0,461362,0,237412,0,78520,0,18455,0,2618,0,295,0,26,0,1 # cft deg6 r=0
1752976,0,-3600108,0,3362577,0,-1726146,0,539413,0,-127274,0,32088,0,-6600,0,667,0,-142,0,83,0,-14,0,1 # cft deg6 r=0
64,0,2556,0,25537,0,90354,0,104333,0,60054,0,35536,0,19248,0,6235,0,1554,0,307,0,30,0,1 # cft deg6 r=0
3297856,0,4179276,0,2775161,0,496662,0,-266589,0,-179010,0,-27401,0,5924,0,2740,0,718,0,105,0,10,0,1 # cft deg6 r=0
597529,0,499842,0,942609,0,631574,0,375272,0,3476,0,5697,0,4228,0,2091,0,680,0,139,0,14,0,1 # cft deg6 r=0
3697,21552,63674,112322,162491,204222,156678,-92196,-281925,-136886,139732,159172,-3145,-73896,-21141,18248,9968,-2616,-2350,182,339,-4,-28,0,1 # cft deg6 r=0
12769,0,462188,0,-258966,0,-19974,0,194013,0,-145822,0,56191,0,-12640,0,242,0,1138,0,-200,0,4,0,1 # cft deg6 r=0
40000,0,13100,0,-66879,0,28194,0,56557,0,31760,0,9650,0,5068,0,-2414,0,724,0,-51,0,2,0,1 # cft deg6 r=0
877,-4838,14126,-15742,35619,-26564,-4874,14550,16243,2772,2735,-2332,10921,-278,1558,-3824,369,-178,450,6,38,-14,-12,0,1 # cft deg6 r=0
43264,0,159292,0,364089,0,476192,0,387826,0,213354,0,83027,0,24040,0,5171,0,844,0,91,0,10,0,1 # cft deg6 r=0
16,0,3764,0,217481,0,724180,0,934962,0,565326,0,156019,0,14868,0,-225,0,368,0,167,0,22,0,1 # cft deg6 r=0
71824,0,276788,0,392337,0,249514,0,65671,0,17088,0,32311,0,29500,0,13371,0,3410,0,490,0,36,0,1 # cft deg6 r=0
22801,0,184630,0,40151,0,88974,0,47537,0,46016,0,18666,0,8890,0,2358,0,548,0,104,0,12,0,1 # cft deg6 r=0
49,0,2290,0,20607,0,33774,0,53445,0,17128,0,5614,0,5666,0,14,0,516,0,16,0,16,0,1 # cft deg6 r=0
64297,-38390,195799,95752,224284,120254,315237,104996,163292,115624,100815,43250,35114,19530,11771,4336,1588,766,332,24,-15,-28,2,0,1 # cft deg6 r=0
769129,0,1299286,0,-108955,0,-42010,0,61596,0,82272,0,29949,0,3788,0,667,0,84,0,39,0,10,0,1 # cft deg6 r=0
490000,0,2552100,0,4247489,0,3545138,0,1693019,0,425416,0,11647,0,-26276,0,-7113,0,-282,0,158,0,24,0,1 # cft deg6 r=0
786769,0,-30716,0,491024,0,-384252,0,184118,0,13010,0,49722,0,11664,0,4177,0,670,0,95,0,6,0,1 # cft deg6 r=0
10667,11094,69366,44058,144360,54012,131869,44510,47705,2272,14644,3690,5017,2250,57,884,1341,-16,71,4,55,2,-14,0,1 # cft deg6 r=0
65536,0,43948,0,-8031,0,99158,0,178603,0,137966,0,64435,0,20628,0,4448,0,718,0,69,0,10,0,1 # cft deg6 r=0
219961,0,-638556,0,876842,0,-763676,0,482975,0,-225912,0,83692,0,-23640,0,5511,0,-940,0,138,0,-12,0,1 # cft deg6 r=0
16384,0,245872,0,267265,0,19160,0,136166,0,66128,0,257,0,8914,0,768,0,162,0,68,0,4,0,1 # cft deg6 r=0
-101204,3736718,3235737,-1227642,-6612011,-3244364,9510940,4583667,-8381380,-2239734,4897578,330810,-1960559,149942,548194,-99750,-102258,26987,11864,-4217,-622,343,-6,-10,1 # cft deg6 r=4
26267,23375,-201079,-361078,-43109,65979,-312583,-177052,269226,33610,-324174,-90374,157414,40637,-65552,-16304,18887,3840,-3995,-619,539,43,-42,0,1 # cft deg6 r=8
-919,3531,-3371,-9084,30379,-34187,10587,3997,26575,-76464,91108,-62307,21827,1440,-1505,-7735,11963,-8688,3491,-607,-110,74,-10,-2,1 # cft deg6 r=4
-25343,32778,123296,-191811,-318583,485385,565526,-739269,-768141,681998,770822,-311372,-460127,67327,175805,2258,-44053,-5817,6846,1636,-549,-205,9,10,1 # cft deg6 r=4
138758,-1539338,293675,2916433,14200532,-13102479,-27372851,20217103,23137244,-15364541,-11489255,6919433,3747514,-2007603,-848900,387681,136330,-49773,-15358,4081,1151,-193,-51,4,1 # cft deg6 r=8
-8111,-13308,64889,25186,-119619,-3639,112298,-26004,-92820,45124,-74647,-111708,10469,79917,714,-21191,-4574,5385,1395,-1119,-176,157,-3,-8,1 # cft deg6 r=4
2401,80003,-51731,395259,-332204,518986,-431457,61626,162458,-115152,147802,-231739,182691,-95732,29932,28163,-39907,14679,2415,-3015,456,150,-42,-2,1 # cft deg6 r=4
169406,520614,765891,640429,753546,1682243,1584776,-999791,-2863153,-1169617,1451718,1291686,-230269,-527769,-45565,117161,26774,-15239,-5326,1113,576,-36,-35,0,1 # cft deg6 r=0
-75172,506040,-2162164,6169688,-11690101,14470534,-10757236,2705124,3403053,-4239352,1830465,353070,-898884,419773,55603,-139295,38956,15737,-10082,-145,1066,-120,-46,6,1 # cft deg6 r=4
-25,-1345,784,5920,78338,216261,378500,333298,96147,-170262,-323941,-250651,-100115,-15312,2468,-14122,-17464,-3026,2266,89,-522,-90,35,12,1 # cft deg6 r=8
-112,-576,-1352,536,3961,10070,38674,25125,-65351,-54792,49457,55278,-9306,-18198,-1063,1740,1863,1380,127,-67,24,-9,-13,0,1 # cft deg6 r=4
105407,527780,1821186,4469942,8957500,14631285,20030120,23016987,22342975,18144513,12015209,6064294,1892315,-87117,-499641,-283593,-56764,20340,16326,3502,-330,-267,-24,6,1 # cft deg6 r=0
3103273,11311630,22642100,30103046,28622997,20777579,14314743,13166302,13930218,11207232,5248125,608231,-705385,-376980,-75732,-16715,3415,16632,10746,2216,-363,-227,-18,6,1 # cft deg6 r=0
-164,-328,-1203,-2432,-4801,-9850,-7024,-24367,-2847,-13442,-10207,17676,-15449,20184,-9245,1908,-1236,1395,-1339,699,-167,-3,21,-8,1 # cft deg6 r=4
-4919,-5269,19638,-28264,19477,-51050,65195,963,-54769,3920,34026,19407,-15118,-39918,18189,25820,-17676,-3306,5051,-509,-586,159,15,-10,1 # cft deg6 r=4
-76367,-183195,-487617,-1028906,-854905,-1980215,129345,-1766544,1636014,-1373668,1547372,-1161446,661922,-331543,111648,-11646,-7371,4094,-187,385,89,-37,2,-6,1 # cft deg6 r=4
10448,-37704,36693,34969,-94073,22990,97181,-89989,-23258,80986,-32078,-31694,35212,-3840,-12878,7733,646,-2643,1164,19,-235,97,-11,-4,1 # cft deg6 r=4
157561,-470229,110276,620584,13988,-886667,-499608,2813667,-2327271,-749914,2601667,-1620137,-198254,852702,-457927,6181,107108,-51531,5816,3559,-1540,164,37,-12,1 # cft deg6 r=8
-2404,-11862,-14793,-3314,22800,39385,-7781,-18474,-56910,43829,-3200,46976,-60500,28678,-19233,11172,7157,-10892,2968,1228,-837,96,38,-12,1 # cft deg6 r=8
79,-1095,8069,-39083,134398,-345714,713735,-1264810,1982045,-2688554,3047924,-2820299,2120590,-1308043,671519,-288985,104917,-32598,8697,-2007,457,-111,25,-6,1 # cft deg6 r=0
-146077,-100719,682243,-1068130,-2545862,-2361069,-588435,389507,855955,658399,293133,72281,-30446,-48369,-21887,-4252,647,1523,431,50,-53,0,0,2,1 # cft deg6 r=4
169,-22113,41766,-222816,1099625,-2616486,6979355,-12022936,2853478,10889881,-6686661,-1147353,3097114,-1265210,-257453,367903,-100052,-18563,20790,-3769,-938,396,-11,-10,1 # cft deg6 r=4
75983,1050585,3501040,6816151,10409160,12679429,12170095,9253226,4956142,1088219,-1043561,-1496736,-776603,128211,339139,90590,-48978,-26872,1930,3269,275,-181,-31,4,1 # cft deg6 r=4
-1963,-1327,-8043,3363,-17173,-19303,-44193,-20237,-490,27760,30164,6450,-8871,-15864,-261,2436,3160,-332,-368,-187,-110,136,-15,-6,1 # cft deg6 r=4
-1093,-7207,11317,3365,-56806,43990,105502,-154092,-74703,305907,-76790,-298203,147985,175377,-117199,-50233,43459,6800,-8339,-411,871,8,-47,0,1 # cft deg6 r=8
1,-131,-143,999,-2502,9250,-15926,14648,-21344,35662,-33982,16979,-6051,4028,1454,-9656,11140,-5517,284,1071,-476,17,43,-12,1 # cft deg6 r=4
-866,-20528,-53863,-20534,-67660,-449476,-588198,96616,603001,102163,-361196,-100994,135380,21470,-43534,5294,13897,-2685,-3208,380,430,-16,-32,0,1 # cft deg6 r=4
818519,-4917891,12461129,-16450145,10279399,552282,-5250491,2772733,296539,-953075,716188,-644011,517432,-280516,115369,-49446,21928,-7159,1510,-366,148,-20,-8,0,1 # cft deg6 r=0
1154138,1658490,2498451,-226255,-1944153,-2489150,-149780,1151293,1446301,333932,-257102,-195693,-88796,83219,94709,45848,13722,-2046,-588,-138,-83,46,14,2,1 # cft deg6 r=0
-119963,880381,-3233189,8119804,-15606428,23095868,-24540850,15388806,72857,-10991864,11542204,-5863842,867800,953861,-893778,473345,-197373,65333,-14364,1055,436,-186,49,-10,1 # cft deg6 r=4
101564,-135978,-519667,489447,-495689,854043,277756,-1017929,448923,309311,-749048,121771,524519,-130839,-215427,46030,56193,-8202,-9312,726,923,-24,-48,0,1 # cft deg6 r=8
-13088,-90768,94092,880820,-1187515,-2075634,3051799,2942101,-5324799,-1536066,3946424,9825,-1339288,227005,202986,-79236,-5154,11561,-2601,-652,401,3,-18,4,1 # cft deg6 r=8
2017,50317,92373,-1127120,-1928369,193994,2722005,1855383,-649525,-1311268,-502467,27055,90223,87811,71835,27873,1340,-2195,-1111,-785,-360,-33,29,10,1 # cft deg6 r=8
42479,380194,-1816023,1551680,2966285,-5072250,302790,2879473,-1013499,200592,-721652,72548,572981,-370537,8237,102212,-49479,-3109,9419,-1781,-609,219,8,-10,1 # cft deg6 r=12
513100,7499380,19758384,20057832,3025251,-11811739,-10652256,-1781998,3130398,2582924,488282,-537853,-410573,-32122,90846,37456,-7657,-8663,-428,1161,183,-94,-20,4,1 # cft deg6 r=4
-625436,1864058,-1489073,134476,-2043130,5339716,-3437192,-1471184,2349011,-141561,-497559,-150295,191407,71142,-64718,-11032,9671,3238,-1288,-760,236,78,-28,-2,1 # cft deg6 r=4
99086431,-666717695,1997802261,-3460413414,3916577948,-3142181231,1872524631,-781122553,112493956,135538108,-116104261,32530753,7624672,-8444206,1767887,536359,-337690,29891,21267,-6147,-218,326,-31,-6,1 # cft deg6 r=0
-113,-242,705,71,1471,-938,-5420,-8366,818,4907,-3868,304,4139,5415,-6390,315,-547,1184,-348,-1,-14,21,-1,-4,1 # cft deg6 r=4
-1348,-2118,-5481,-12816,-12261,-37520,-15115,-49516,7397,-48521,17876,-35271,14096,-12878,2881,-1950,602,-376,149,181,-104,63,-13,-2,1 # cft deg6 r=4
674141,-3049551,7771669,-12993922,13970383,-6884704,-4328067,11455286,-11023965,6545262,-2280589,-251598,1135504,-913368,379735,-78128,7874,858,-3418,1251,310,-154,-19,6,1 # cft deg6 r=4
-138307,-1601924,19171762,9149942,49883229,25422151,46294297,21436312,21788500,11819414,8663877,5951517,3292361,1745678,671870,166134,20508,-2012,1001,2016,489,-74,-23,4,1 # cft deg6 r=4
-57083,-439324,-2189585,-7184540,-15699110,-22648799,-19974981,-6925937,6461977,10933682,7828287,3852359,2059951,1382771,692555,99858,-130960,-114112,-49921,-14288,-2676,-220,36,12,1 # cft deg6 r=4
-208,-1568,-896,11256,57225,-8214,-96793,-106849,244115,131800,-207299,-185366,182681,98629,-96713,-29738,31966,4983,-6468,-388,745,10,-44,0,1 # cft deg6 r=8
-227,2021,-3498,-17229,79138,-119805,49443,94498,-145022,7718,132354,-70924,-49647,39408,17584,-15338,-5016,4171,1277,-977,-145,143,-3,-8,1 # cft deg6 r=8
-9638,-103624,-422893,-629914,572152,1946836,-375512,-1529630,-1291442,1767203,1266513,-1334167,-836290,1061700,-24237,-287976,67219,34955,-13287,-2019,1183,46,-53,0,1 # cft deg6 r=4
4,60,427,1810,4458,7745,8470,5668,187,-5799,-3706,-1938,285,3078,-801,601,-615,-99,284,-207,187,-137,57,-12,1 # cft deg6 r=4
792287,-1464703,1071588,-2500817,6335014,-6075354,-1053290,7288450,-3878691,-2752678,3409725,252276,-1464184,149210,391952,-45592,-27865,47276,19487,-2521,-2380,-257,63,16,1 # cft deg6 r=0
469804,-2985606,15331147,-44890089,80372684,-92410394,64126370,-11359302,-27049192,31563191,-13218132,-3450619,6677225,-2733469,-338537,732846,-206880,-33926,31497,-5270,-811,422,-28,-8,1 # cft deg6 r=0
296336,-434816,-224544,346664,562611,-921120,-838991,-468037,607525,249242,127447,-173756,18763,3355,35493,-9023,720,-2422,1270,-135,96,-54,-6,0,1 # cft deg6 r=4
-82,410,4527,-33563,76569,-12800,-243871,473951,-345800,-104934,405284,-254450,-60070,152737,-46961,-32310,22166,2522,-4667,192,557,-47,-37,2,1 # cft deg6 r=8
-636187,-2459380,68510,6822206,2970256,-8148181,-5038708,5763545,4213353,-2806629,-2289354,987926,885569,-248270,-247854,44151,50614,-5047,-7258,319,688,-8,-39,0,1 # cft deg6 r=4
2401,-1330,-11020,14065,-16782,86595,-186138,129753,132961,-352380,285112,-27503,-141273,120827,-28079,-20251,17117,-3109,-2013,1259,-142,-117,59,-12,1 # cft deg6 r=4
3730522,-9987158,12289931,-9460597,9049952,-8326105,3834968,-1285698,1420339,-670823,-133267,-116641,291311,-33619,-78291,3923,20671,-390,-3703,-11,444,-1,-30,0,1 # cft deg6 r=0
3319,1190,25723,-68909,155171,-31951,-48290,82077,204520,-100849,-31288,-73359,-321,52127,17103,-7068,-11095,-1751,2784,649,-179,-44,-8,0,1 # cft deg6 r=0
-8752,61744,-154500,217820,-185971,35489,205775,-361355,192736,111843,-173555,33580,47556,-30300,3446,1798,-1838,1136,-207,-280,165,-19,-13,4,1 # cft deg6 r=4
