# IGP24 class field sweep: deg12.
24649,0,14130,0,21997,0,20331,0,-1572,0,-12715,0,3602,0,-352,0,339,0,-92,0,14,0,-1,0,1 # cft deg12 r=0
24649,0,-49141,0,60776,0,-23635,0,2003,0,6811,0,2224,0,1377,0,781,0,259,0,66,0,12,0,1 # cft deg12 r=0
24649,0,-4239,0,42407,0,-33684,0,31513,0,-27080,0,14951,0,-4694,0,989,0,-261,0,79,0,-14,0,1 # cft deg12 r=0
24649,0,-77715,0,119965,0,-114167,0,75271,0,-31929,0,13417,0,-5903,0,2094,0,-547,0,105,0,-14,0,1 # cft deg12 r=0
25013,0,4344,0,37236,0,-10964,0,19204,0,-3647,0,4484,0,-821,0,776,0,-112,0,49,0,-6,0,1 # cft deg12 r=0
25013,0,-93104,0,132734,0,-89237,0,24807,0,2996,0,-3966,0,622,0,347,0,-125,0,-16,0,7,0,1 # cft deg12 r=0
25013,0,1458,0,4411,0,23382,0,14303,0,-1567,0,-4746,0,-1237,0,399,0,213,0,36,0,7,0,1 # cft deg12 r=0
25013,0,6138,0,26537,0,-19687,0,6906,0,-7924,0,1533,0,-171,0,230,0,70,0,-3,0,-6,0,1 # cft deg12 r=0
25013,0,51690,0,49963,0,14919,0,1069,0,1046,0,545,0,1181,0,711,0,200,0,62,0,7,0,1 # cft deg12 r=0
25013,0,30331,0,20544,0,31416,0,49130,0,43504,0,22944,0,7499,0,1556,0,226,0,36,0,7,0,1 # cft deg12 r=0
25013,0,41082,0,15929,0,6482,0,10494,0,552,0,2651,0,-223,0,438,0,83,0,10,0,7,0,1 # cft deg12 r=0
25013,0,-74865,0,104784,0,-93956,0,67252,0,-36485,0,16847,0,-5774,0,1634,0,-307,0,49,0,-6,0,1 # cft deg12 r=0
26833,0,2608,0,21670,0,694,0,10609,0,4012,0,3535,0,1214,0,508,0,177,0,51,0,5,0,1 # cft deg12 r=0
26833,0,-51147,0,70901,0,-78008,0,65898,0,-45999,0,26623,0,-12189,0,4239,0,-1084,0,194,0,-21,0,1 # cft deg12 r=0
26833,0,-46428,0,34722,0,-14386,0,2939,0,-2917,0,2521,0,-554,0,235,0,-57,0,-27,0,5,0,1 # cft deg12 r=0
26833,0,9017,0,9775,0,1695,0,7554,0,-1006,0,-92,0,-385,0,326,0,125,0,51,0,5,0,1 # cft deg12 r=0
26833,0,109689,0,187901,0,171501,0,86867,0,23044,0,3782,0,1929,0,1054,0,242,0,25,0,5,0,1 # cft deg12 r=0
26833,0,13476,0,-14028,0,-18741,0,-1780,0,4506,0,740,0,-372,0,404,0,411,0,129,0,18,0,1 # cft deg12 r=0
26833,0,73913,0,99215,0,75561,0,29290,0,-1526,0,-7151,0,-2738,0,118,0,398,0,129,0,18,0,1 # cft deg12 r=0
26833,0,-7675,0,3171,0,-216,0,6189,0,-2592,0,3509,0,-684,0,495,0,-70,0,38,0,-8,0,1 # cft deg12 r=0
26833,0,-6973,0,8774,0,-7912,0,6553,0,619,0,1975,0,642,0,222,0,-31,0,12,0,-8,0,1 # cft deg12 r=0
26833,0,-75769,0,119014,0,-127577,0,102740,0,-63081,0,28755,0,-9238,0,1977,0,-278,0,38,0,-8,0,1 # cft deg12 r=0
32761,0,-83260,0,141868,0,-90121,0,48478,0,-21484,0,9424,0,-2020,0,469,0,-73,0,-14,0,8,0,1 # cft deg12 r=0
98671,91542,244873,198690,135426,-116218,-127944,-110946,191003,101182,-46278,-125374,50972,21896,-1864,-5406,-1903,258,817,-22,6,-16,-15,2,1 # cft deg12 r=0
32761,0,76744,0,165398,0,280652,0,312651,0,231730,0,119040,0,43441,0,11311,0,2072,0,259,0,21,0,1 # cft deg12 r=0
32761,0,93215,0,61866,0,-6986,0,10063,0,-4051,0,3912,0,-1318,0,755,0,-21,0,38,0,8,0,1 # cft deg12 r=0
32761,0,20272,0,75984,0,-41098,0,20424,0,-13190,0,4367,0,-1344,0,794,0,-411,0,129,0,-18,0,1 # cft deg12 r=0
117157,6860,564985,932306,746855,712272,1100465,1081284,751524,641566,662703,478814,172145,-16948,-48599,-21006,-1227,3118,1792,394,-59,-68,-15,2,1 # cft deg12 r=0
24781,0,40590,0,34069,0,8194,0,1156,0,-5208,0,3825,0,527,0,-627,0,-7,0,61,0,-11,0,1 # cft deg12 r=0
24781,0,-99960,0,162664,0,-132306,0,48396,0,1772,0,-7205,0,1847,0,198,0,-167,0,16,0,4,0,1 # cft deg12 r=0
24781,0,33420,0,59444,0,68329,0,67146,0,50632,0,26605,0,10147,0,2913,0,633,0,101,0,9,0,1 # cft deg12 r=0
24781,0,7700,0,-2846,0,-5421,0,18741,0,-4178,0,6960,0,-708,0,658,0,43,0,11,0,9,0,1 # cft deg12 r=0
24781,0,18250,0,11969,0,31004,0,11296,0,-5018,0,-3000,0,-1118,0,608,0,48,0,21,0,-11,0,1 # cft deg12 r=0
28561,0,-32955,0,33631,0,-31538,0,28681,0,-10026,0,4730,0,-1709,0,473,0,81,0,19,0,2,0,1 # cft deg12 r=0
324871,-856148,1185418,-2080620,1722113,-769326,1551183,424728,1166298,461894,599201,157862,164035,4166,19473,-9632,3790,-1280,1834,190,373,44,31,2,1 # cft deg12 r=0
28561,0,10985,0,17407,0,13962,0,14249,0,-9122,0,4142,0,-1521,0,625,0,-143,0,31,0,-6,0,1 # cft deg12 r=0
32761,0,-122537,0,150150,0,66609,0,-136990,0,1141,0,27172,0,-3273,0,1149,0,236,0,-2,0,4,0,1 # cft deg12 r=0
32761,0,-24616,0,37072,0,-9819,0,10352,0,-1602,0,4263,0,1948,0,1362,0,278,0,65,0,-14,0,1 # cft deg12 r=0
32761,0,182629,0,489003,0,766591,0,738694,0,437432,0,158752,0,33286,0,3685,0,154,0,-5,0,-2,0,1 # cft deg12 r=0
32761,0,-182991,0,499063,0,-822204,0,850949,0,-557903,0,238502,0,-68964,0,13370,0,-1621,0,140,0,-12,0,1 # cft deg12 r=0
32761,0,-40182,0,148225,0,-334071,0,453390,0,-396074,0,232797,0,-90948,0,23514,0,-4034,0,453,0,-31,0,1 # cft deg12 r=0
32761,0,-32037,0,-26290,0,108164,0,232865,0,234821,0,154937,0,65952,0,18394,0,3381,0,403,0,29,0,1 # cft deg12 r=0
32761,0,32399,0,-24922,0,44746,0,95929,0,-82393,0,42082,0,-10024,0,-1890,0,864,0,0,0,-12,0,1 # cft deg12 r=0
1261751,7001524,13264946,14651630,16105861,8025860,10956268,4976952,8660462,4218582,4522148,1834596,1335798,463610,257093,81838,35915,11078,4242,1162,453,76,33,2,1 # cft deg12 r=0
32761,0,8869,0,7207,0,-9224,0,7597,0,-5212,0,7483,0,-5177,0,2392,0,-632,0,105,0,1,0,1 # cft deg12 r=0
32761,0,-31856,0,-50722,0,-39554,0,107359,0,72527,0,23077,0,3306,0,2655,0,-201,0,-15,0,13,0,1 # cft deg12 r=0
33641,0,-32806,0,45161,0,-26948,0,31200,0,-17841,0,4492,0,-487,0,664,0,-488,0,152,0,-20,0,1 # cft deg12 r=0
33641,0,-18451,0,38381,0,-5663,0,9685,0,7909,0,7357,0,2908,0,1104,0,142,0,32,0,-5,0,1 # cft deg12 r=0
33641,0,155594,0,309971,0,348067,0,247805,0,125834,0,53477,0,20413,0,6159,0,1252,0,162,0,15,0,1 # cft deg12 r=0
33641,0,-110331,0,166081,0,-175423,0,155175,0,-104881,0,47017,0,-12127,0,1074,0,262,0,-68,0,0,0,1 # cft deg12 r=0
26641,0,-17916,0,46380,0,25668,0,2100,0,-3372,0,2758,0,2259,0,1344,0,268,0,12,0,-12,0,1 # cft deg12 r=0
26641,0,-77091,0,159975,0,-212982,0,185685,0,-124242,0,71518,0,-33756,0,11574,0,-2612,0,357,0,-27,0,1 # cft deg12 r=0
26641,0,-69741,0,50370,0,-32992,0,35625,0,-4782,0,10628,0,669,0,1479,0,178,0,87,0,18,0,1 # cft deg12 r=0
26641,0,115074,0,225465,0,231638,0,129180,0,37248,0,6433,0,4164,0,3159,0,1143,0,207,0,18,0,1 # cft deg12 r=0
29241,0,-73872,0,80352,0,-21627,0,19764,0,54,0,3303,0,-432,0,270,0,-102,0,45,0,-6,0,1 # cft deg12 r=0
29241,0,41553,0,88047,0,37368,0,12069,0,3564,0,3303,0,243,0,360,0,108,0,45,0,9,0,1 # cft deg12 r=0
31481,0,-9753,0,28104,0,-69201,0,195,0,12462,0,8838,0,2556,0,219,0,-109,0,-42,0,0,0,1 # cft deg12 r=0
31481,0,-113628,0,212394,0,-247601,0,218385,0,-130443,0,58778,0,-19914,0,5289,0,-1039,0,153,0,-15,0,1 # cft deg12 r=0
31481,0,84282,0,156249,0,159389,0,93870,0,16782,0,-4477,0,-1689,0,444,0,376,0,108,0,15,0,1 # cft deg12 r=0
31481,0,36777,0,-24081,0,26394,0,28965,0,-35283,0,14673,0,-5139,0,2064,0,-629,0,123,0,-15,0,1 # cft deg12 r=0
31481,0,2322,0,-31701,0,19194,0,72855,0,44277,0,14998,0,5511,0,1899,0,501,0,108,0,15,0,1 # cft deg12 r=0
32041,0,-9129,0,157566,0,-288883,0,285678,0,-179172,0,78855,0,-23772,0,5151,0,-869,0,129,0,-15,0,1 # cft deg12 r=0
363491,371196,-1971822,-284788,5058081,-1810854,-2641296,1371954,-640308,355582,383625,-277824,140613,-92262,49689,-34492,15000,-9204,3498,-930,513,-28,36,0,1 # cft deg12 r=0
32041,0,-89679,0,74331,0,116842,0,119493,0,57108,0,19950,0,2418,0,606,0,-64,0,24,0,0,0,1 # cft deg12 r=0
32041,0,-92364,0,211068,0,-255664,0,189798,0,-91158,0,41694,0,-16524,0,5001,0,-878,0,303,0,-27,0,1 # cft deg12 r=0
32761,0,-171045,0,358488,0,-122591,0,76599,0,-5991,0,5788,0,-1362,0,1110,0,-329,0,84,0,-12,0,1 # cft deg12 r=0
32761,0,108600,0,429078,0,518494,0,359409,0,176424,0,71263,0,24213,0,6570,0,1321,0,189,0,18,0,1 # cft deg12 r=0
39601,0,142683,0,402138,0,617157,0,585606,0,372816,0,168919,0,55812,0,13503,0,2311,0,273,0,21,0,1 # cft deg12 r=0
39601,0,-197607,0,452883,0,-532978,0,450021,0,-271884,0,125314,0,-43398,0,11298,0,-2124,0,288,0,-24,0,1 # cft deg12 r=0
68921,0,168264,0,-244426,0,-800360,0,-115235,0,576424,0,67466,0,-132064,0,5430,0,4080,0,-236,0,-24,0,1 # cft deg12 r=12
625681,0,706972,0,707406,0,339956,0,258895,0,2744,0,56724,0,-16856,0,8351,0,-2132,0,350,0,-28,0,1 # cft deg12 r=0
97,0,596,0,-5242,0,8936,0,1993,0,-12628,0,1778,0,5092,0,302,0,-436,0,-48,0,8,0,1 # cft deg12 r=12
142131739,434670546,635773488,466374998,553652611,1123687864,1683305681,1464555030,1012918798,634288464,412214133,188235382,56666448,29024402,12332984,270034,202353,27612,-8822,9596,1384,340,91,2,1 # cft deg12 r=0
1555009,0,-15416145,0,72519458,0,-68409421,0,31622112,0,-16754634,0,14827972,0,-4743747,0,765273,0,-65498,0,2438,0,-21,0,1 # cft deg12 r=0
1922941567,-2835696820,-1678963664,4660656978,2820536076,-6860183388,70088964,4145931728,-492772375,-1085133562,195699037,123562690,-43175231,-23540,6380289,-1080364,-307156,170986,6123,-8618,607,214,-21,2,1 # cft deg12 r=0
1555009,0,9787058,0,27593715,0,38055413,0,23348641,0,-3573819,0,1465518,0,-170445,0,26823,0,71,0,-59,0,21,0,1 # cft deg12 r=0
71138479,106324710,-63624919,-73135480,182729918,52256632,-101213965,13001090,65507653,-46950766,30089770,482894,1055664,2580056,89480,226466,68615,-1614,4859,-144,-137,66,-3,2,1 # cft deg12 r=0
1555009,0,5253912,0,9376310,0,11021047,0,9589937,0,6351605,0,3307554,0,1233910,0,298225,0,41037,0,2153,0,-59,0,1 # cft deg12 r=0
7237487167,33355707422,63065705507,57840151416,16754596958,-15818824394,-16195246619,-3353264578,2511051203,1581975260,129289960,-167010362,-63004894,1620228,6303954,266800,-441899,16076,33213,1770,-555,-94,-21,2,1 # cft deg12 r=0
834697891,250829972,307803286,915211838,1215399879,1066538980,1091999545,782062708,530339210,278119500,146143387,57065408,18991170,4247558,687166,-224570,-149977,-25990,10020,3954,240,-168,-23,2,1 # cft deg12 r=0
1555009,0,22515015,0,84147834,0,13731854,0,11754983,0,-1492468,0,773323,0,-150419,0,29200,0,-1086,0,-27,0,14,0,1 # cft deg12 r=0
1555009,0,-722572,0,20533482,0,3220598,0,13411325,0,26347644,0,17935167,0,5183438,0,749404,0,60101,0,2907,0,77,0,1 # cft deg12 r=0
1555009,0,-3145536,0,3632590,0,-2291175,0,981645,0,-345789,0,237627,0,-122565,0,33049,0,-3840,0,414,0,-33,0,1 # cft deg12 r=0
15911513281,14084708604,11680436390,127606846,476087593,-1575813908,831096900,-654077382,317272068,-242359630,148854174,-49262014,32285752,-12745912,4531468,-1524054,526001,-115092,24986,-1260,-654,188,-21,2,1 # cft deg12 r=0
802985569,0,-615816717,0,800633642,0,-413663184,0,243216545,0,-56612985,0,13299587,0,-1938870,0,130582,0,11925,0,-568,0,-24,0,1 # cft deg12 r=0
1555009,0,-3688583,0,4579187,0,-3349483,0,1716012,0,-692658,0,195431,0,-42048,0,11697,0,-2490,0,174,0,20,0,1 # cft deg12 r=0
2736057689,-3383539362,12660362892,-12250127640,8981435371,-7100701908,4699717126,-1923616820,1526467748,-445855638,265098206,-93277438,42346702,-7626812,4988452,-835920,347815,-45342,31850,680,1856,68,59,2,1 # cft deg12 r=0
78022447,257941830,668046426,1161504972,1342934527,855917364,387757281,297869304,273392680,5130974,-92765361,-20580622,7471380,2907870,743978,-12398,-71641,21926,5470,-2178,-102,12,-23,2,1 # cft deg12 r=0
681669491,2358219264,3279120032,1946362910,3843210,-552117502,-147165052,77043796,15297493,-27973808,-2207313,10759342,3578093,-1335674,-793493,82322,118392,10944,-6789,-872,409,66,-3,2,1 # cft deg12 r=0
1555009,0,-6533549,0,12520738,0,-13058309,0,7676620,0,-2307885,0,455999,0,-74215,0,8516,0,-732,0,53,0,-3,0,1 # cft deg12 r=0
1555009,0,-2691241,0,1202784,0,53542,0,21908,0,-114778,0,31603,0,1233,0,1887,0,-263,0,130,0,-4,0,1 # cft deg12 r=0
1082236819,176877938,-958035535,165815788,1163877733,276331224,-580228857,-353971802,193479336,133174414,-57404217,-19453580,15461761,-3093412,-1002431,732906,-80804,-33556,9656,-778,-46,40,-23,2,1 # cft deg12 r=0
3564877,25754736,113311904,210098244,160687633,16292526,-100331132,-143594590,-87044415,-4269140,36816181,32089116,12625854,2172884,-424578,-357858,-13089,30298,14496,2274,0,-182,-41,2,1 # cft deg12 r=0
10814859871,25471811904,54981695339,63801993570,53528593690,32545810948,15067884319,5696352078,2390967720,1014515208,442552042,134456280,42629935,8374402,3868498,700990,209675,5752,2526,-2202,-598,16,-7,2,1 # cft deg12 r=0
5715379,49751654,188711144,403107042,521317177,400088398,154322255,14227468,20020171,44838368,23598017,-4797080,-9239144,-2407982,830236,499834,6509,-40388,-8202,2046,1191,-130,-53,2,1 # cft deg12 r=0
497846101,1302441068,2232690663,2208138130,437857963,-952702176,-792139372,-176769382,174552245,195974490,36969842,-49066092,-23678139,4576182,4778140,189816,-449652,-69602,17530,5456,222,-182,-41,2,1 # cft deg12 r=0
4552099,7352614,107077304,227417944,366578330,605308010,805625818,758981968,495136431,222070366,64098291,6050580,-5767730,-4488418,-1935477,-518110,-48251,29024,19844,6042,340,-278,-53,2,1 # cft deg12 r=0
149651311,342095116,790649592,1159576186,1226259698,1073962390,853635576,630735860,393208962,196372758,82607529,29537818,8004295,1385968,176265,103310,58580,25784,11647,2052,0,-182,-41,2,1 # cft deg12 r=0
148877,0,3810647,0,-7068032,0,-13762384,0,2381804,0,4431027,0,-950689,0,-245626,0,55526,0,2549,0,-511,0,-10,0,1 # cft deg12 r=12
49,0,0,0,-5782,0,26460,0,-4655,0,-71148,0,35070,0,25480,0,-7238,0,-2436,0,280,0,56,0,1 # cft deg12 r=12
38809,0,-8758056,0,17840010,0,-12387112,0,4567093,0,-1461448,0,434462,0,-98592,0,18630,0,-2768,0,292,0,-24,0,1 # cft deg12 r=12
-843551,0,7873092,0,-5200458,0,-24914096,0,41880003,0,-21278802,0,1236824,0,1315650,0,-62265,0,-15742,0,291,0,54,0,1 # cft deg12 r=14
15625,0,-162500,0,207450,0,39130,0,-168491,0,48360,0,30871,0,-13650,0,-1744,0,1118,0,9,0,-26,0,1 # cft deg12 r=16
57121,0,-927228,0,225900,0,-160932,0,-60898,0,92716,0,26558,0,-6648,0,-3359,0,-884,0,342,0,-32,0,1 # cft deg12 r=8
-71,0,282,0,40659,0,82510,0,-251097,0,-658518,0,-250036,0,106866,0,23379,0,-10640,0,1254,0,-60,0,1 # cft deg12 r=14
-290816,0,3006464,0,-485376,0,-7995392,0,-2551552,0,3247104,0,1262976,0,-274432,0,-140768,0,-8736,0,1040,0,88,0,1 # cft deg12 r=10
-71,0,-112,0,3666,0,3244,0,-41791,0,-46644,0,76650,0,58376,0,-40430,0,-13644,0,3284,0,160,0,1 # cft deg12 r=10
-23536841,-91613484,224926633,545155104,-527265954,-953622390,607716053,788094310,-378811752,-396549116,134529857,134422704,-26962336,-30496070,2801391,4521658,-60304,-420292,-17479,23072,1844,-674,-72,8,1 # cft deg12 r=16
25,0,-390,0,-6407,0,-26686,0,-37350,0,13754,0,74013,0,38458,0,-16070,0,-9054,0,-663,0,10,0,1 # cft deg12 r=8
2987821,-2583720,596772,3134898,1643520,338052,1317060,1735818,1387257,1069694,868305,770244,655681,452370,242841,109704,47826,21450,9541,3918,1356,370,78,12,1 # cft deg12 r=0
22801,0,-75651,0,135585,0,-160367,0,137319,0,-88371,0,43721,0,-16500,0,4695,0,-976,0,147,0,-15,0,1 # cft deg12 r=0
22801,0,-61608,0,99816,0,-84161,0,34272,0,-6093,0,4796,0,-1596,0,-441,0,107,0,36,0,-9,0,1 # cft deg12 r=0
5711071,18126072,45784908,72325424,96114237,96477132,84282302,62864076,44664183,30945008,20860068,12954138,6983104,3127860,1124895,321844,78117,21486,8687,3846,1416,400,84,12,1 # cft deg12 r=0
22801,0,-25821,0,49080,0,-8930,0,31332,0,4554,0,5867,0,-1308,0,294,0,-82,0,57,0,-6,0,1 # cft deg12 r=0
34225,0,124875,0,189570,0,172685,0,111036,0,51051,0,20126,0,6429,0,1818,0,427,0,84,0,12,0,1 # cft deg12 r=0
34225,0,-94350,0,114315,0,-74515,0,34221,0,-15063,0,6506,0,-1719,0,549,0,-107,0,39,0,-6,0,1 # cft deg12 r=0
34225,0,-19425,0,52890,0,-26320,0,18741,0,-7971,0,161,0,81,0,-27,0,28,0,-6,0,3,0,1 # cft deg12 r=0
34225,0,55500,0,78570,0,75215,0,73761,0,57549,0,33176,0,13926,0,4263,0,958,0,159,0,18,0,1 # cft deg12 r=0
9,0,-54,0,162,0,-324,0,486,0,-549,0,432,0,-198,0,24,0,18,0,-3,0,-3,0,1 # cft deg12 r=0
27397,0,96402,0,163515,0,174377,0,129541,0,70132,0,28082,0,8233,0,1700,0,237,0,27,0,5,0,1 # cft deg12 r=0
27397,0,-45042,0,38751,0,-26251,0,12649,0,-3380,0,698,0,-731,0,488,0,-63,0,-33,0,5,0,1 # cft deg12 r=0
27397,0,-51360,0,52506,0,-41389,0,28621,0,-16244,0,8000,0,-3227,0,1064,0,-333,0,81,0,-10,0,1 # cft deg12 r=0
34849,0,-62413,0,25636,0,13908,0,-17296,0,7490,0,-436,0,-1093,0,667,0,-243,0,56,0,-9,0,1 # cft deg12 r=0
34849,0,-33592,0,40540,0,-35583,0,30296,0,-17731,0,8189,0,-2935,0,973,0,-294,0,74,0,-12,0,1 # cft deg12 r=0
34849,0,96005,0,138145,0,130791,0,94163,0,58172,0,31457,0,13991,0,4789,0,1194,0,203,0,21,0,1 # cft deg12 r=0
27481,0,75178,0,100489,0,73930,0,28690,0,3546,0,-631,0,654,0,822,0,366,0,93,0,14,0,1 # cft deg12 r=0
27481,0,-75178,0,100489,0,-73930,0,28690,0,-3546,0,-631,0,-654,0,822,0,-366,0,93,0,-14,0,1 # cft deg12 r=0
39601,0,51458,0,36073,0,11542,0,3370,0,682,0,337,0,98,0,138,0,14,0,9,0,-6,0,1 # cft deg12 r=0
1,0,-18,0,597,0,-3890,0,4834,0,11774,0,9189,0,1418,0,930,0,-118,0,21,0,-6,0,1 # cft deg12 r=0
729,0,2106,0,9,0,-4610,0,2618,0,10434,0,2905,0,-2110,0,330,0,222,0,-39,0,-6,0,1 # cft deg12 r=0
125,0,500,0,610,0,44,0,-313,0,-112,0,-68,0,-80,0,27,0,28,0,18,0,4,0,1 # cft deg12 r=0
125,0,-500,0,610,0,-44,0,-313,0,112,0,-68,0,80,0,27,0,-28,0,18,0,-4,0,1 # cft deg12 r=0
125,0,150,0,65,0,34,0,102,0,-274,0,141,0,94,0,-34,0,-22,0,9,0,6,0,1 # cft deg12 r=0
2209,0,14996,0,52146,0,107412,0,91759,0,-17912,0,-12932,0,-1048,0,1231,0,-28,0,-14,0,4,0,1 # cft deg12 r=0
2809,0,19450,0,59397,0,13826,0,35250,0,-278,0,10349,0,-1314,0,1058,0,-426,0,117,0,-18,0,1 # cft deg12 r=0
121,0,1870,0,20249,0,75530,0,146738,0,97558,0,37793,0,6478,0,-398,0,-430,0,-39,0,6,0,1 # cft deg12 r=0
20593,0,-62328,0,119850,0,-138456,0,113199,0,-71952,0,36428,0,-14736,0,4863,0,-1272,0,234,0,-24,0,1 # cft deg12 r=0
20593,0,44502,0,61893,0,30510,0,5778,0,1542,0,2309,0,1194,0,546,0,210,0,21,0,-6,0,1 # cft deg12 r=0
20593,0,-40326,0,71949,0,-64422,0,52878,0,-21198,0,6737,0,606,0,594,0,222,0,33,0,6,0,1 # cft deg12 r=0
20593,0,-106830,0,237765,0,-309078,0,271074,0,-173214,0,83669,0,-30690,0,8370,0,-1626,0,213,0,-18,0,1 # cft deg12 r=0
20593,0,40326,0,71949,0,64422,0,52878,0,21198,0,6737,0,-606,0,594,0,-222,0,33,0,-6,0,1 # cft deg12 r=0
20593,0,-44502,0,61893,0,-30510,0,5778,0,-1542,0,2309,0,-1194,0,546,0,-210,0,21,0,6,0,1 # cft deg12 r=0
20593,0,62328,0,119850,0,138456,0,113199,0,71952,0,36428,0,14736,0,4863,0,1272,0,234,0,24,0,1 # cft deg12 r=0
20593,0,106830,0,237765,0,309078,0,271074,0,173214,0,83669,0,30690,0,8370,0,1626,0,213,0,18,0,1 # cft deg12 r=0
25281,0,0,0,-6750,0,0,0,36711,0,0,0,-13068,0,0,0,1479,0,0,0,-54,0,0,0,1 # cft deg12 r=0
25281,0,60102,0,74817,0,64638,0,25506,0,3006,0,6129,0,18,0,894,0,-198,0,45,0,-6,0,1 # cft deg12 r=0
25281,0,-71550,0,80433,0,48726,0,4266,0,14058,0,9009,0,1242,0,174,0,294,0,117,0,18,0,1 # cft deg12 r=0
25281,0,-60102,0,74817,0,-64638,0,25506,0,-3006,0,6129,0,-18,0,894,0,198,0,45,0,6,0,1 # cft deg12 r=0
25281,0,17172,0,113346,0,-10980,0,-16713,0,-16776,0,-2844,0,792,0,1047,0,372,0,90,0,12,0,1 # cft deg12 r=0
1681,0,4674,0,9141,0,12854,0,13950,0,12090,0,8549,0,4890,0,2166,0,670,0,141,0,18,0,1 # cft deg12 r=0
67225,162240,72414,-207184,-70887,39096,127354,22656,-103686,19504,-14922,34128,10377,-34392,16518,-7264,7914,-3984,586,-240,201,-8,-18,0,1 # cft deg12 r=0
1681,0,-492,0,654,0,340,0,1119,0,624,0,980,0,576,0,495,0,284,0,78,0,12,0,1 # cft deg12 r=0
1681,0,492,0,654,0,-340,0,1119,0,-624,0,980,0,-576,0,495,0,-284,0,78,0,-12,0,1 # cft deg12 r=0
13693,2100,88746,-257336,776949,-661644,751706,-349488,714402,-558716,439530,-38160,15717,18972,16326,3600,1818,1332,582,168,93,28,6,0,1 # cft deg12 r=0
1681,0,-4674,0,9141,0,-12854,0,13950,0,-12090,0,8549,0,-4890,0,2166,0,-670,0,141,0,-18,0,1 # cft deg12 r=0
1753,0,-8814,0,20101,0,-26346,0,24830,0,-19062,0,12297,0,-6426,0,2574,0,-750,0,149,0,-18,0,1 # cft deg12 r=0
1753,0,3708,0,9466,0,14940,0,15311,0,10776,0,5724,0,2520,0,951,0,300,0,74,0,12,0,1 # cft deg12 r=0
28048,0,-69312,0,81072,0,-59480,0,38200,0,-22984,0,12101,0,-4570,0,1055,0,-36,0,3,0,-2,0,1 # cft deg12 r=0
1753,0,5106,0,3949,0,-2490,0,-1690,0,-534,0,-135,0,126,0,150,0,90,0,29,0,6,0,1 # cft deg12 r=0
28048,0,-118304,0,210592,0,-222472,0,175948,0,-101380,0,43701,0,-13657,0,2618,0,-197,0,106,0,-17,0,1 # cft deg12 r=0
28048,0,12640,0,55504,0,32552,0,38524,0,24536,0,12177,0,5063,0,1466,0,379,0,70,0,7,0,1 # cft deg12 r=0
121,0,605,0,2387,0,4884,0,6737,0,5711,0,4734,0,1031,0,-215,0,-92,0,27,0,5,0,1 # cft deg12 r=0
121,0,242,0,297,0,-1694,0,394,0,3722,0,657,0,-1954,0,722,0,-162,0,65,0,-10,0,1 # cft deg12 r=0
121,0,242,0,77,0,-2178,0,302,0,3914,0,1569,0,-2002,0,190,0,178,0,-3,0,-10,0,1 # cft deg12 r=0
32173,0,153534,0,336521,0,439042,0,377526,0,227214,0,98417,0,30606,0,6934,0,1194,0,153,0,14,0,1 # cft deg12 r=0
32173,0,-143331,0,294659,0,-365864,0,300573,0,-163521,0,56150,0,-10737,0,481,0,228,0,-21,0,-7,0,1 # cft deg12 r=0
32173,0,-10203,0,56051,0,-18824,0,33417,0,1251,0,8810,0,-1809,0,1021,0,-24,0,15,0,-7,0,1 # cft deg12 r=0
32437,0,-78607,0,85475,0,-57772,0,35881,0,-21297,0,9566,0,-3249,0,973,0,-296,0,83,0,-11,0,1 # cft deg12 r=0
32437,0,25658,0,52433,0,31610,0,28534,0,10458,0,6425,0,1470,0,814,0,94,0,41,0,-2,0,1 # cft deg12 r=0
32437,0,52949,0,10703,0,-34072,0,-21131,0,3951,0,7190,0,1179,0,-839,0,-260,0,23,0,13,0,1 # cft deg12 r=0
38416,0,32928,0,165424,0,-98840,0,23356,0,-6480,0,-5163,0,671,0,234,0,19,0,82,0,-5,0,1 # cft deg12 r=0
55408,20576,-278592,267872,448464,-1569632,1912768,-658008,-1021956,1173328,-84572,-515240,243069,103026,-106799,-5326,26478,-2026,-4287,502,462,-50,-31,2,1 # cft deg12 r=0
38416,0,-43904,0,47824,0,-38136,0,28484,0,-21920,0,16109,0,-9185,0,3754,0,-1053,0,194,0,-21,0,1 # cft deg12 r=0
2401,0,-686,0,3185,0,3206,0,2062,0,1730,0,2181,0,-1882,0,550,0,-222,0,73,0,-10,0,1 # cft deg12 r=0
138832,-651488,1113008,-628672,156208,-204272,329488,-114744,63992,-62360,33208,-14336,17083,-5132,3903,-886,1916,88,459,-2,96,8,19,2,1 # cft deg12 r=0
22549,0,76513,0,117039,0,104905,0,61890,0,26498,0,9183,0,2660,0,552,0,73,0,18,0,7,0,1 # cft deg12 r=0
22549,0,-50387,0,57297,0,-42749,0,25053,0,-10861,0,3306,0,-364,0,-141,0,82,0,-9,0,-2,0,1 # cft deg12 r=0
22549,0,-26126,0,26907,0,-18065,0,6309,0,-91,0,-999,0,506,0,-12,0,-47,0,30,0,-5,0,1 # cft deg12 r=0
160651,1216470,3257897,4079216,3275364,1589410,1248354,1191414,1269001,755184,357480,69222,-34336,-45612,-40301,-14884,-6748,-980,540,248,277,44,29,2,1 # cft deg12 r=0
22801,0,-32314,0,38423,0,-14765,0,6807,0,7,0,4741,0,-61,0,375,0,-22,0,23,0,1,0,1 # cft deg12 r=0
22801,0,-67195,0,112715,0,-119591,0,86058,0,-38675,0,6448,0,2618,0,-1416,0,128,0,53,0,-14,0,1 # cft deg12 r=0
2555977,-2127092,1681543,373936,237222,268952,454732,-96922,255177,70078,31730,48522,33058,-1662,24045,658,8208,1632,2006,424,329,46,29,2,1 # cft deg12 r=0
22801,0,-35183,0,51269,0,-25498,0,22668,0,-16216,0,7609,0,-2996,0,1011,0,-272,0,59,0,-10,0,1 # cft deg12 r=0
32157,0,36855,0,-30078,0,-16767,0,24696,0,-7101,0,-2370,0,2100,0,-425,0,-67,0,53,0,-11,0,1 # cft deg12 r=0
32157,0,-3645,0,1188,0,33723,0,31527,0,16200,0,6720,0,2487,0,952,0,371,0,104,0,16,0,1 # cft deg12 r=0
32157,0,-33210,0,67365,0,-23922,0,20754,0,-3024,0,3183,0,-546,0,520,0,-106,0,44,0,-5,0,1 # cft deg12 r=0
67429,-233006,1875422,-4054504,3554505,-1991226,1210378,-421480,189459,-219938,27391,27040,6606,5876,-5857,-2190,743,68,239,-100,9,-14,11,2,1 # cft deg12 r=0
74421,34398,337206,-853314,-465404,-348910,1342299,1716298,1635386,1079426,631153,354704,154179,49272,20356,5676,1895,990,562,256,86,44,11,2,1 # cft deg12 r=0
67429,729340,2871086,4110572,2338755,-1019370,-1977242,-790198,217635,297634,129832,23806,-948,-19240,-11803,-1080,2603,506,221,50,-33,-38,-1,2,1 # cft deg12 r=0
61141,155344,293707,449192,232796,290528,614180,266102,338513,385814,178291,168992,71435,9290,12677,-7822,-755,-2698,-440,-248,44,8,17,2,1 # cft deg12 r=0
66763,48514,-60104,352556,16007,-68302,755294,-760558,948920,-507304,307840,3398,-10420,42080,7253,170,7042,272,871,322,131,38,17,2,1 # cft deg12 r=0
84159,-181548,634203,-1239816,1831279,-1939822,1693731,-933818,167567,180290,-202310,130376,-66336,18678,6217,-5124,3458,-1122,607,-182,74,-16,11,2,1 # cft deg12 r=0
38629,0,-54221,0,46554,0,-26567,0,13404,0,-7825,0,6150,0,-4252,0,2079,0,-647,0,117,0,-11,0,1 # cft deg12 r=0
38629,0,48550,0,8049,0,-12278,0,-5166,0,-532,0,471,0,1334,0,948,0,238,0,0,0,-5,0,1 # cft deg12 r=0
38629,0,5671,0,14376,0,5239,0,2799,0,3464,0,1692,0,779,0,612,0,175,0,84,0,16,0,1 # cft deg12 r=0
39213,0,-58608,0,25920,0,27633,0,-4232,0,-5309,0,-953,0,184,0,51,0,-46,0,22,0,11,0,1 # cft deg12 r=0
39213,0,92493,0,155223,0,169101,0,132778,0,76125,0,33124,0,10886,0,2756,0,532,0,81,0,10,0,1 # cft deg12 r=0
39213,0,-7443,0,-13815,0,-22785,0,30835,0,-13032,0,4093,0,-1741,0,593,0,-194,0,63,0,-11,0,1 # cft deg12 r=0
39213,0,93555,0,82998,0,43242,0,27091,0,8440,0,5011,0,619,0,540,0,17,0,40,0,-4,0,1 # cft deg12 r=0
39213,0,-85050,0,60615,0,-23601,0,19423,0,-8625,0,1789,0,-1021,0,407,0,22,0,-33,0,1,0,1 # cft deg12 r=0
1289,0,3373,0,4339,0,4744,0,5685,0,4899,0,3030,0,1079,0,85,0,-96,0,-29,0,1,0,1 # cft deg12 r=0
1289,0,2253,0,1763,0,-968,0,813,0,-1149,0,230,0,-321,0,197,0,-40,0,27,0,1,0,1 # cft deg12 r=0
1289,0,-5854,0,12561,0,-13926,0,6830,0,466,0,-2059,0,778,0,30,0,-94,0,33,0,-6,0,1 # cft deg12 r=0
1369,0,-962,0,41,0,1138,0,34,0,-370,0,233,0,150,0,26,0,-46,0,1,0,6,0,1 # cft deg12 r=0
610304,-1153024,-454656,1965056,220928,-1708800,-307520,961216,256752,-394288,-119720,131418,43079,-31260,-10503,5208,1636,-712,-175,36,-36,-16,9,6,1 # cft deg12 r=0
63161,50372,121387,147084,201133,109066,222094,79198,99483,26190,61931,60078,26786,11364,2965,3208,2979,1114,574,250,57,6,9,6,1 # cft deg12 r=0
6400,57600,222080,491520,712704,606176,142688,-237904,-243960,-3512,207952,216258,97975,12684,-2015,1200,3240,2856,805,-20,-24,0,9,6,1 # cft deg12 r=0
1225,4900,7035,43820,98681,12682,4274,-194242,3971,188638,185951,30558,-48430,-48164,-12527,5176,5755,2122,-38,-422,-147,-18,9,6,1 # cft deg12 r=0
578509,-400908,-1428937,981260,1898521,-870462,-1296482,720198,836731,-210618,-293949,35654,55026,-11332,-3867,7584,2479,-590,-134,98,-3,-10,9,6,1 # cft deg12 r=0
12544,112896,212352,-145152,272512,90720,151776,-269808,-212760,-118024,46960,55642,37395,13244,6693,2664,1108,232,93,-20,-48,-16,9,6,1 # cft deg12 r=0
103021,302018,394004,236,-717445,-1078024,-585492,237750,639334,527646,337028,241200,163203,78512,31504,16010,7446,2250,840,464,155,36,16,6,1 # cft deg12 r=0
56081,-231842,257524,-120264,346715,-117164,-123132,-203090,126754,72066,35708,-16100,-15957,-17308,-56,5290,3106,190,-440,-316,-85,16,16,6,1 # cft deg12 r=0
2384,17568,88656,277728,644544,1046432,1102736,809992,534756,333432,158236,105504,106291,59314,13888,3190,3463,2108,820,412,209,58,16,6,1 # cft deg12 r=0
610304,-1421312,1427456,-366592,-39936,-209408,190976,232192,-83584,-51968,8896,41504,17456,-4256,-4112,960,2448,1088,0,-208,-76,8,16,6,1 # cft deg12 r=0
80656,47872,145312,4896,287952,159928,299024,274936,262428,378352,271732,188450,180515,119992,67669,39492,19416,8472,3477,1208,404,116,25,6,1 # cft deg12 r=0
78941,281872,858935,1838688,2965061,3942746,4231046,3875794,3196599,2312662,1570399,948842,535214,269900,129293,56268,23827,9558,3630,1250,389,110,25,6,1 # cft deg12 r=0
169264,768160,1383440,1086496,-41648,-792536,-389816,439464,850984,606672,227216,-6294,-30757,-8508,13585,12768,8220,3716,1493,512,188,68,25,6,1 # cft deg12 r=0
230801,-317804,-22705,497156,1239213,1316566,716530,190314,-142037,-191458,-104389,-16462,9426,932,-2519,228,1811,634,-78,-154,17,42,25,6,1 # cft deg12 r=0
66544,207136,156992,-378016,176656,338200,158824,-211336,-17348,102984,86108,-6966,-15565,-8512,7569,4500,680,-1340,-863,-300,32,48,25,6,1 # cft deg12 r=0
9041,4328,-21233,-98896,166113,92614,-247594,95558,164271,-172530,-57053,56894,18070,5764,285,-3512,-2609,-394,450,334,233,90,25,6,1 # cft deg12 r=0
32309,0,-11087,0,32507,0,-10820,0,11197,0,-385,0,2126,0,-365,0,113,0,80,0,-13,0,1,0,1 # cft deg12 r=0
32309,0,-47932,0,10166,0,13148,0,-5321,0,760,0,1188,0,-280,0,51,0,4,0,6,0,-4,0,1 # cft deg12 r=0
33569,0,-45068,0,7914,0,14380,0,-5665,0,-3288,0,2812,0,-424,0,-225,0,100,0,-6,0,-4,0,1 # cft deg12 r=0
38725,0,55450,0,28365,0,4350,0,7046,0,15738,0,14957,0,8482,0,3238,0,862,0,157,0,18,0,1 # cft deg12 r=0
39229,0,-75878,0,80157,0,-58794,0,34946,0,-17182,0,7561,0,-2786,0,890,0,-238,0,53,0,-10,0,1 # cft deg12 r=0
30625,0,7000,0,-23700,0,-17910,0,34856,0,61822,0,41271,0,15024,0,3638,0,502,0,29,0,-6,0,1 # cft deg12 r=0
30625,0,-7000,0,-23700,0,17910,0,34856,0,-61822,0,41271,0,-15024,0,3638,0,-502,0,29,0,6,0,1 # cft deg12 r=0
30625,0,68250,0,111875,0,36580,0,48149,0,-942,0,6531,0,4534,0,-535,0,-228,0,111,0,-14,0,1 # cft deg12 r=0
31033,0,-146802,0,300367,0,-353220,0,269425,0,-144162,0,57823,0,-18378,0,4785,0,-1020,0,167,0,-18,0,1 # cft deg12 r=0
31033,0,146802,0,300367,0,353220,0,269425,0,144162,0,57823,0,18378,0,4785,0,1020,0,167,0,18,0,1 # cft deg12 r=0
40000,0,19200,0,17104,0,-33248,0,-13816,0,-8200,0,3961,0,4046,0,1389,0,446,0,114,0,16,0,1 # cft deg12 r=0
27889,0,-17216,0,-11552,0,26498,0,49208,0,20378,0,2047,0,1728,0,454,0,-86,0,49,0,-6,0,1 # cft deg12 r=0
64,0,-192,0,-1696,0,-3232,0,50612,0,-30928,0,8945,0,-5680,0,2834,0,-534,0,37,0,-6,0,1 # cft deg12 r=0
29929,0,12274,0,-2113,0,-2408,0,-5519,0,-13110,0,17947,0,-6390,0,165,0,292,0,-29,0,-6,0,1 # cft deg12 r=0
625,0,5950,0,25211,0,59296,0,80177,0,58006,0,17739,0,798,0,653,0,-32,0,55,0,-6,0,1 # cft deg12 r=0
44521,0,-161734,0,175555,0,-64268,0,37577,0,-14578,0,5099,0,-1722,0,21,0,72,0,-21,0,2,0,1 # cft deg12 r=0
37897,56328,701036,1951376,2680076,1039096,-1510270,-2049680,-230700,973464,283922,-148864,83191,8360,-94560,-1424,31482,640,-5626,-48,613,0,-38,0,1 # cft deg12 r=0
7925,60720,735818,366816,-1119849,-112800,591004,-358048,209093,255272,-487470,-65344,336719,5912,-136010,720,35361,-56,-6004,-64,643,8,-38,0,1 # cft deg12 r=0
652864,90496,448896,-1368960,858432,-1895776,1333408,-1346560,1301740,-532392,815764,-151424,341269,-35408,106080,-7968,25022,-1688,4430,-272,517,-16,34,0,1 # cft deg12 r=0
34273,0,-46572,0,60474,0,-38768,0,26525,0,2608,0,11958,0,-1192,0,-454,0,-212,0,16,0,4,0,1 # cft deg12 r=0
34273,0,-36742,0,-21273,0,-3452,0,31353,0,3202,0,10043,0,15206,0,6925,0,1616,0,239,0,22,0,1 # cft deg12 r=0
34273,0,46572,0,60474,0,38768,0,26525,0,-2608,0,11958,0,1192,0,-454,0,212,0,16,0,-4,0,1 # cft deg12 r=0
34273,0,36742,0,-21273,0,3452,0,31353,0,-3202,0,10043,0,-15206,0,6925,0,-1616,0,239,0,-22,0,1 # cft deg12 r=0
39641,0,176162,0,340703,0,351700,0,195669,0,48602,0,2251,0,842,0,809,0,120,0,23,0,2,0,1 # cft deg12 r=0
39641,0,-176162,0,340703,0,-351700,0,195669,0,-48602,0,2251,0,-842,0,809,0,-120,0,23,0,-2,0,1 # cft deg12 r=0
39641,0,38864,0,77600,0,42626,0,71216,0,45370,0,38007,0,16588,0,5814,0,1426,0,233,0,22,0,1 # cft deg12 r=0
39641,0,-38864,0,77600,0,-42626,0,71216,0,-45370,0,38007,0,-16588,0,5814,0,-1426,0,233,0,-22,0,1 # cft deg12 r=0
729,0,-8100,0,34344,0,-64040,0,42918,0,-3140,0,12038,0,1092,0,1369,0,168,0,86,0,8,0,1 # cft deg12 r=0
10201,0,13860,0,7862,0,-19332,0,23873,0,-2212,0,3094,0,-2640,0,1790,0,-592,0,120,0,-12,0,1 # cft deg12 r=0
729,0,4698,0,8577,0,-1598,0,-12286,0,7144,0,17979,0,714,0,-588,0,-310,0,20,0,8,0,1 # cft deg12 r=0
222784,0,292032,0,289648,0,239616,0,139260,0,57980,0,16661,0,2870,0,297,0,58,0,26,0,8,0,1 # cft deg12 r=0
2401,0,-2548,0,86752,0,-183480,0,194574,0,-119160,0,38182,0,-3684,0,-1063,0,228,0,30,0,-12,0,1 # cft deg12 r=0
1,0,38,0,705,0,6774,0,32782,0,48256,0,22599,0,-2682,0,208,0,-130,0,56,0,0,0,1 # cft deg12 r=0
22201,0,61835,0,60008,0,24442,0,7632,0,-14030,0,3727,0,1928,0,-534,0,-70,0,41,0,10,0,1 # cft deg12 r=0
22201,0,1937,0,54197,0,21925,0,27579,0,-9692,0,12046,0,-4897,0,2064,0,-583,0,122,0,-17,0,1 # cft deg12 r=0
22201,0,-63772,0,63584,0,9955,0,-34200,0,-4721,0,8008,0,2936,0,327,0,131,0,56,0,7,0,1 # cft deg12 r=0
449959,1105262,1690519,792980,592237,445374,1217155,1473280,1733597,1562096,1391771,1117498,838199,555016,320806,161488,69845,26308,8466,2334,549,104,21,6,1 # cft deg12 r=0
226557,-1344546,3337623,-3462288,263968,2055302,-1458201,-483576,1641408,519812,-222829,-102090,62360,25288,10554,7152,5425,3206,1203,276,93,44,21,6,1 # cft deg12 r=0
87427,876956,4952843,1825904,-2745343,-5720578,-2214401,2280462,2257341,184546,-287090,494,24390,-61694,-46651,-9520,2430,1944,1303,786,300,74,21,6,1 # cft deg12 r=0
29929,0,180093,0,495105,0,794656,0,814586,0,562216,0,271502,0,93745,0,23184,0,4020,0,464,0,32,0,1 # cft deg12 r=0
29929,0,64183,0,63884,0,38499,0,40683,0,-475,0,14069,0,-3259,0,2303,0,-538,0,135,0,-15,0,1 # cft deg12 r=0
29929,0,-158295,0,379887,0,-544130,0,519659,0,-339191,0,156629,0,-52727,0,13119,0,-2397,0,308,0,-25,0,1 # cft deg12 r=0
29929,0,-21798,0,93399,0,-75104,0,95351,0,-31316,0,17033,0,-4280,0,1608,0,-330,0,77,0,-7,0,1 # cft deg12 r=0
33489,0,104859,0,114456,0,78177,0,61831,0,14151,0,4812,0,-138,0,1364,0,36,0,96,0,3,0,1 # cft deg12 r=0
33489,0,-61488,0,57234,0,26490,0,-2123,0,-5667,0,1053,0,6081,0,4448,0,1485,0,264,0,24,0,1 # cft deg12 r=0
33489,0,-43371,0,77007,0,-13002,0,-34487,0,6771,0,14637,0,-12468,0,5807,0,-1701,0,297,0,-27,0,1 # cft deg12 r=0
21429,0,-5859,0,21383,0,-4400,0,6795,0,2496,0,489,0,397,0,-5,0,45,0,13,0,-3,0,1 # cft deg12 r=0
21429,0,-38259,0,38483,0,-23770,0,15695,0,-8339,0,6429,0,-3323,0,1395,0,-425,0,88,0,-13,0,1 # cft deg12 r=0
23409,0,-15606,0,-29007,0,3075,0,17770,0,-491,0,-1766,0,3868,0,-300,0,-625,0,193,0,-22,0,1 # cft deg12 r=0
23409,0,59211,0,61398,0,26460,0,-6065,0,-14294,0,-7496,0,-1223,0,690,0,470,0,133,0,17,0,1 # cft deg12 r=0
9851,-45516,2076,297634,993354,1132434,163216,-49646,354961,155326,5111,47334,-2909,-7676,15149,4974,-1484,324,471,156,94,36,14,6,1 # cft deg12 r=0
290511,1419444,3561824,5742296,6543816,5380304,3160461,1203216,171259,-136576,-127351,-70754,-28659,-11086,-4441,-1824,239,-296,-189,-24,16,14,14,6,1 # cft deg12 r=0
36171,40584,-31111,80606,8776,-184826,85971,74856,-7296,14164,-9841,-62524,24426,26064,-3681,-5274,-616,114,191,16,-74,-6,14,6,1 # cft deg12 r=0
119151,179604,126441,548184,662129,499694,485691,34594,53036,-57574,61271,12644,8196,-16056,-7066,-46,3221,1454,161,-304,-131,-14,14,6,1 # cft deg12 r=0
1763329,5188912,7160312,-1027398,-6500118,-2722258,806511,1627986,1297556,749236,342032,73826,4021,5486,6826,12572,10646,5976,3136,1296,437,136,31,6,1 # cft deg12 r=0
2700989,9747412,19785097,26394052,25754282,19523112,12556221,7655846,4870711,3118866,2034522,1176666,619051,287686,118326,47102,18751,7366,3201,1236,422,136,31,6,1 # cft deg12 r=0
23459,27132,-9538,-3808,-28928,-173638,35376,273946,-87984,-59414,122247,-147644,64186,-12934,7436,-1228,2956,-624,256,366,287,96,31,6,1 # cft deg12 r=0
3103409,3624202,6043432,1776892,2185367,-1057268,1021196,-241364,612286,-378394,-141518,-267284,-20024,11316,39901,12012,2116,-2704,-1189,-304,107,76,31,6,1 # cft deg12 r=0
659,3292,16542,37102,111892,183302,378621,561526,393881,178896,-114968,-158214,6066,-42224,5931,-10598,6796,1706,1851,286,212,66,31,6,1 # cft deg12 r=0
48619,183662,614622,859852,1340037,1662342,1793451,1664076,1486831,1052396,677557,409086,232261,116426,65621,32122,12486,4966,2546,906,242,96,31,6,1 # cft deg12 r=0
29929,0,64529,0,102063,0,127325,0,116460,0,77409,0,38614,0,14768,0,4365,0,985,0,163,0,18,0,1 # cft deg12 r=0
34349,0,-16660,0,41342,0,-31640,0,-895,0,7065,0,-1230,0,-900,0,100,0,55,0,7,0,5,0,1 # cft deg12 r=0
34349,0,-27783,0,20727,0,59465,0,43500,0,19857,0,4146,0,1356,0,645,0,65,0,27,0,6,0,1 # cft deg12 r=0
34469,0,-27552,0,-17848,0,5495,0,28090,0,16813,0,8246,0,2239,0,780,0,85,0,42,0,-1,0,1 # cft deg12 r=0
34469,0,-10610,0,1877,0,-18140,0,8280,0,7350,0,-2740,0,-2255,0,1250,0,-75,0,-53,0,5,0,1 # cft deg12 r=0
34469,0,-9958,0,42207,0,19155,0,19115,0,14147,0,6661,0,2851,0,1115,0,250,0,27,0,1,0,1 # cft deg12 r=0
34469,0,33110,0,-35283,0,-11620,0,21010,0,-19255,0,13580,0,-5855,0,1735,0,-330,0,42,0,-5,0,1 # cft deg12 r=0
35721,0,71442,0,106029,0,104895,0,82980,0,52812,0,27094,0,11253,0,3850,0,975,0,169,0,18,0,1 # cft deg12 r=0
36481,0,-28077,0,144,0,1335,0,12595,0,6433,0,5469,0,3257,0,1295,0,450,0,119,0,17,0,1 # cft deg12 r=0
9,0,-18,0,37,0,-110,0,240,0,-348,0,356,0,-279,0,180,0,-95,0,37,0,-9,0,1 # cft deg12 r=0
9,0,-75,0,262,0,-525,0,715,0,-700,0,540,0,-345,0,200,0,-105,0,42,0,-10,0,1 # cft deg12 r=0
9,0,27,0,37,0,-55,0,-150,0,-38,0,241,0,406,0,340,0,175,0,57,0,11,0,1 # cft deg12 r=0
9,0,-15,0,7,0,65,0,65,0,55,0,25,0,-60,0,55,0,-40,0,17,0,-5,0,1 # cft deg12 r=0
37769,0,-60333,0,16922,0,11905,0,400,0,-1408,0,-1969,0,386,0,510,0,-55,0,-33,0,1,0,1 # cft deg12 r=0
37769,0,93,0,-37843,0,6320,0,6070,0,1348,0,2906,0,-2891,0,1860,0,-620,0,132,0,-16,0,1 # cft deg12 r=0
37769,0,-33365,0,51882,0,-32355,0,20480,0,-18170,0,11845,0,-5395,0,1865,0,-445,0,87,0,-10,0,1 # cft deg12 r=0
300304,-170976,820896,-773472,1201284,-1137744,1123552,-791148,643929,-245892,301512,-39888,123366,-22668,30624,-3984,6579,-684,1504,-276,222,-24,24,0,1 # cft deg12 r=0
24336,0,56160,0,62568,0,35712,0,9441,0,378,0,1365,0,-54,0,-132,0,6,0,21,0,6,0,1 # cft deg12 r=0
24336,0,-5616,0,-2772,0,-8244,0,9981,0,8118,0,-1659,0,-1278,0,192,0,114,0,-15,0,-6,0,1 # cft deg12 r=0
361,0,10584,0,127842,0,17656,0,119007,0,48240,0,15228,0,-13584,0,-2601,0,568,0,258,0,24,0,1 # cft deg12 r=0
1961017,1306968,4440960,2433732,3709800,1820520,1909336,911616,985536,478068,443976,236304,156630,69240,47328,14844,9480,3240,1480,336,240,12,24,0,1 # cft deg12 r=0
641392,-2432544,4377552,-6350736,7288224,-4791960,1832556,-1121388,222873,670824,-99984,-323604,16694,95484,4668,-23700,975,3924,-672,-456,126,36,-12,0,1 # cft deg12 r=0
394384,0,535056,0,316524,0,215116,0,136293,0,57666,0,34797,0,19290,0,4776,0,298,0,-15,0,6,0,1 # cft deg12 r=0
20464,61152,17712,86832,293616,-52056,646188,-216300,778689,-181512,510114,71352,192641,79692,69570,22500,17772,4752,2634,672,345,36,30,0,1 # cft deg12 r=0
394384,0,-1039968,0,1496040,0,-1420544,0,982041,0,-506922,0,199497,0,-58902,0,13164,0,-2078,0,249,0,-18,0,1 # cft deg12 r=0
1042441,0,2821380,0,-1006662,0,-3497628,0,2953023,0,-1036344,0,235148,0,-37848,0,5655,0,-588,0,90,0,-12,0,1 # cft deg12 r=0
1648,0,2352,0,3444,0,3596,0,2559,0,-324,0,-1258,0,-264,0,171,0,40,0,-12,0,0,0,1 # cft deg12 r=0
1648,0,2784,0,6048,0,4112,0,4713,0,1896,0,1130,0,504,0,75,0,40,0,18,0,0,0,1 # cft deg12 r=0
1648,0,2640,0,1932,0,-2620,0,-2679,0,1224,0,1724,0,240,0,-114,0,40,0,48,0,12,0,1 # cft deg12 r=0
103,0,660,0,1860,0,3208,0,4110,0,4092,0,3092,0,1824,0,876,0,308,0,78,0,12,0,1 # cft deg12 r=0
103,0,-120,0,42,0,328,0,354,0,252,0,464,0,156,0,-90,0,-52,0,6,0,0,0,1 # cft deg12 r=0
103,0,-540,0,1698,0,-3632,0,5364,0,-5424,0,3740,0,-1764,0,618,0,-196,0,60,0,-12,0,1 # cft deg12 r=0
1648,0,-4896,0,6936,0,-544,0,-3705,0,2970,0,2603,0,786,0,-138,0,-194,0,15,0,6,0,1 # cft deg12 r=0
1648,0,-2736,0,9348,0,-7348,0,11631,0,-3024,0,3764,0,-564,0,789,0,-140,0,42,0,-12,0,1 # cft deg12 r=0
1648,0,-5424,0,5412,0,-1684,0,945,0,-2040,0,2606,0,-1860,0,939,0,-320,0,78,0,-12,0,1 # cft deg12 r=0
26497,0,-45414,0,17409,0,-5438,0,17634,0,-21558,0,18849,0,-10146,0,3234,0,-650,0,129,0,-18,0,1 # cft deg12 r=0
26497,0,76920,0,82104,0,50992,0,37536,0,28128,0,13566,0,4296,0,888,0,160,0,48,0,0,0,1 # cft deg12 r=0
26497,0,45558,0,20361,0,-29954,0,-37518,0,-2010,0,20793,0,16386,0,6258,0,1402,0,201,0,18,0,1 # cft deg12 r=0
26497,0,13890,0,20361,0,38122,0,22578,0,13170,0,8697,0,3702,0,1266,0,142,0,9,0,6,0,1 # cft deg12 r=0
26497,0,-90810,0,168435,0,-192998,0,148659,0,-75948,0,23466,0,-2580,0,-957,0,358,0,-21,0,-6,0,1 # cft deg12 r=0
524176,0,1815792,0,2834220,0,2675540,0,1746501,0,812922,0,253245,0,42810,0,3768,0,914,0,369,0,30,0,1 # cft deg12 r=0
2482432,-5561856,7148544,-1904640,-8564928,7159680,1420672,-3176640,5338464,3276288,802128,1896624,884364,275616,269580,91152,31389,18576,3718,1584,579,48,42,0,1 # cft deg12 r=0
32761,0,-134664,0,263532,0,-33572,0,53556,0,12,0,8094,0,-4416,0,-1308,0,412,0,36,0,-12,0,1 # cft deg12 r=0
447686761,-877042872,1063524768,-308150148,-34158144,289675080,-69370184,18412704,32689248,-1842228,361920,2358288,172038,-248472,117408,-7740,-4080,-504,1288,-432,48,-12,0,0,1 # cft deg12 r=0
524176,0,981744,0,1959852,0,1892948,0,1289829,0,612570,0,214053,0,51906,0,8616,0,746,0,-39,0,-18,0,1 # cft deg12 r=0
22201,0,-16986,0,-7435,0,19578,0,-4078,0,-2098,0,1373,0,-90,0,706,0,-206,0,37,0,-2,0,1 # cft deg12 r=0
107,0,14,0,-121,0,-78,0,-7,0,28,0,84,0,24,0,-5,0,14,0,5,0,-2,0,1 # cft deg12 r=0
1889,0,-3802,0,6811,0,-13182,0,16803,0,-12884,0,6266,0,-2044,0,467,0,-82,0,19,0,-6,0,1 # cft deg12 r=0
30281,0,-2854,0,-21321,0,-10986,0,15459,0,8056,0,-294,0,-1704,0,-485,0,206,0,39,0,-14,0,1 # cft deg12 r=0
30281,0,-112102,0,181283,0,-181650,0,133291,0,-72380,0,25874,0,-3908,0,-797,0,386,0,-13,0,-10,0,1 # cft deg12 r=0
16,160,704,2048,4564,8448,16472,33092,76609,77020,149000,81140,134896,41532,66664,11836,19806,1860,3800,140,460,4,32,0,1 # cft deg12 r=0
1712,-7584,10048,10880,-7236,13488,41448,29204,72523,41944,113232,42812,84356,28316,40616,9724,13877,1676,3140,136,430,4,32,0,1 # cft deg12 r=0
283,-356,60,824,-2962,3104,11564,-11932,-8548,10464,-3412,9152,3056,-8892,6044,-7224,5366,-1568,2128,-100,388,0,32,0,1 # cft deg12 r=0
256,0,13312,0,-77184,0,160256,0,-117456,0,-57728,0,102824,0,23600,0,2417,0,1344,0,342,0,32,0,1 # cft deg12 r=0
15376,-153760,641472,-1552704,2715940,-3276192,3040416,-1768036,765345,122576,-158240,270332,-57558,75100,18184,6956,12383,-292,3080,-96,426,-4,32,0,1 # cft deg12 r=0
41609,47284,218316,361592,787128,953040,1295340,1060644,859120,755256,501488,290864,214846,110124,63452,29496,15720,5376,3004,572,408,24,32,0,1 # cft deg12 r=0
6241,0,445072,0,552698,0,369120,0,396879,0,206560,0,104044,0,45696,0,12911,0,2576,0,378,0,32,0,1 # cft deg12 r=0
2161,0,-3126,0,4329,0,-4334,0,3906,0,-2790,0,1561,0,-690,0,226,0,-58,0,9,0,-2,0,1 # cft deg12 r=0
97,0,-252,0,444,0,-916,0,1464,0,-1380,0,710,0,-156,0,36,0,-68,0,48,0,-12,0,1 # cft deg12 r=0
1552,0,11808,0,-1380,0,-79720,0,180633,0,-187044,0,113126,0,-44196,0,11979,0,-2276,0,294,0,-24,0,1 # cft deg12 r=0
1552,0,1632,0,31020,0,70184,0,61941,0,25146,0,3905,0,-174,0,-84,0,-2,0,9,0,6,0,1 # cft deg12 r=0
1552,0,480,0,5916,0,3472,0,8793,0,6678,0,5273,0,4242,0,2208,0,506,0,105,0,6,0,1 # cft deg12 r=0
1552,0,10560,0,13704,0,-31552,0,40665,0,-29988,0,16514,0,-6600,0,2067,0,-488,0,90,0,-12,0,1 # cft deg12 r=0
7857,0,-21870,0,24543,0,-45630,0,53703,0,-18900,0,28206,0,1620,0,1503,0,-78,0,27,0,-6,0,1 # cft deg12 r=0
97,0,-342,0,741,0,-866,0,762,0,-366,0,-19,0,66,0,-54,0,14,0,21,0,-6,0,1 # cft deg12 r=0
1552,0,-3648,0,7452,0,-12136,0,17613,0,-21672,0,15326,0,-4944,0,819,0,-224,0,42,0,0,0,1 # cft deg12 r=0
1552,0,3648,0,7452,0,12136,0,17613,0,21672,0,15326,0,4944,0,819,0,224,0,42,0,0,0,1 # cft deg12 r=0
26064,0,104544,0,896184,0,1319040,0,926757,0,318402,0,60201,0,1674,0,72,0,366,0,81,0,6,0,1 # cft deg12 r=0
1629,0,2808,0,10692,0,10440,0,10836,0,10944,0,6714,0,720,0,-540,0,192,0,180,0,-24,0,1 # cft deg12 r=0
1629,0,9018,0,22599,0,27774,0,17883,0,7596,0,3042,0,1764,0,2367,0,1434,0,351,0,30,0,1 # cft deg12 r=0
26064,0,31968,0,-7560,0,-13824,0,7029,0,5130,0,621,0,1134,0,-216,0,-270,0,117,0,-18,0,1 # cft deg12 r=0
1629,0,4428,0,14472,0,9144,0,34812,0,25308,0,17514,0,900,0,-1152,0,-528,0,36,0,12,0,1 # cft deg12 r=0
1629,0,2484,0,8964,0,31032,0,73152,0,91440,0,58554,0,19764,0,4212,0,960,0,216,0,24,0,1 # cft deg12 r=0
26064,0,-2592,0,26460,0,8856,0,8649,0,6642,0,4185,0,2142,0,1728,0,702,0,153,0,18,0,1 # cft deg12 r=0
26064,0,23328,0,17820,0,-182520,0,293121,0,-247050,0,126225,0,-42750,0,10440,0,-1782,0,225,0,-18,0,1 # cft deg12 r=0
26064,0,-119232,0,248940,0,-307944,0,251325,0,-142146,0,57825,0,-16902,0,3672,0,-690,0,117,0,-6,0,1 # cft deg12 r=0
26064,0,119232,0,248940,0,307944,0,251325,0,142146,0,57825,0,16902,0,3672,0,690,0,117,0,6,0,1 # cft deg12 r=0
1629,0,-2484,0,8964,0,-31032,0,73152,0,-91440,0,58554,0,-19764,0,4212,0,-960,0,216,0,-24,0,1 # cft deg12 r=0
417808,0,486624,0,408396,0,-131240,0,-110283,0,-15030,0,68033,0,-14742,0,-96,0,-178,0,93,0,6,0,1 # cft deg12 r=0
6684928,0,-10429440,0,8439936,0,-4696832,0,1998000,0,-437280,0,166472,0,-17448,0,9345,0,-886,0,123,0,-18,0,1 # cft deg12 r=0
26113,0,56646,0,69981,0,45842,0,33162,0,23166,0,11141,0,4542,0,2058,0,658,0,93,0,6,0,1 # cft deg12 r=0
26113,0,40158,0,62799,0,82030,0,84003,0,60192,0,30122,0,9912,0,1923,0,98,0,-33,0,-6,0,1 # cft deg12 r=0
2115153,0,7058178,0,13333653,0,15254622,0,10940346,0,4417146,0,896877,0,55890,0,14922,0,246,0,261,0,-6,0,1 # cft deg12 r=0
417808,0,591360,0,572232,0,332096,0,109545,0,-28272,0,-38110,0,-9816,0,1755,0,1096,0,234,0,24,0,1 # cft deg12 r=0
417808,0,-1762560,0,4377132,0,-4555840,0,2487333,0,-828246,0,190265,0,-32874,0,4272,0,-506,0,69,0,-6,0,1 # cft deg12 r=0
417808,0,-486624,0,408396,0,131240,0,-110283,0,15030,0,68033,0,14742,0,-96,0,178,0,93,0,-6,0,1 # cft deg12 r=0
417808,0,641184,0,515820,0,205304,0,30885,0,-19902,0,10193,0,10290,0,4680,0,718,0,117,0,6,0,1 # cft deg12 r=0
417808,0,1143744,0,906492,0,11360,0,-176415,0,32220,0,36686,0,720,0,4251,0,448,0,30,0,12,0,1 # cft deg12 r=0
26113,0,-56646,0,69981,0,-45842,0,33162,0,-23166,0,11141,0,-4542,0,2058,0,-658,0,93,0,-6,0,1 # cft deg12 r=0
1936,0,9504,0,22284,0,33048,0,34821,0,27666,0,17033,0,8154,0,2988,0,810,0,153,0,18,0,1 # cft deg12 r=0
1936,0,0,0,2088,0,0,0,585,0,0,0,266,0,0,0,99,0,0,0,18,0,0,0,1 # cft deg12 r=0
1936,0,12672,0,26412,0,14088,0,-2739,0,-3408,0,470,0,180,0,-381,0,-84,0,42,0,12,0,1 # cft deg12 r=0
121,0,-66,0,135,0,-194,0,1251,0,-1368,0,474,0,1296,0,-405,0,-326,0,87,0,18,0,1 # cft deg12 r=0
121,0,-66,0,729,0,-518,0,2106,0,-810,0,2121,0,198,0,522,0,106,0,105,0,-18,0,1 # cft deg12 r=0
1936,0,-5280,0,10476,0,19872,0,25209,0,6114,0,6413,0,5106,0,1044,0,-54,0,81,0,-6,0,1 # cft deg12 r=0
32464,0,-116544,0,93660,0,-26240,0,191601,0,-18474,0,51485,0,-10434,0,4836,0,-1114,0,201,0,-18,0,1 # cft deg12 r=0
2029,0,9540,0,35100,0,20072,0,8628,0,7560,0,4346,0,1068,0,396,0,160,0,12,0,0,0,1 # cft deg12 r=0
32464,0,147840,0,328296,0,435488,0,360933,0,177216,0,41306,0,-564,0,-1269,0,268,0,54,0,-12,0,1 # cft deg12 r=0
2029,0,-9540,0,35100,0,-20072,0,8628,0,-7560,0,4346,0,-1068,0,396,0,-160,0,12,0,0,0,1 # cft deg12 r=0
32464,0,3840,0,55020,0,-31072,0,37725,0,-27660,0,18626,0,804,0,-801,0,484,0,198,0,24,0,1 # cft deg12 r=0
32464,0,151680,0,307884,0,372352,0,315141,0,201396,0,95144,0,32100,0,8226,0,1244,0,180,0,12,0,1 # cft deg12 r=0
32464,0,-293472,0,883224,0,-1052224,0,613917,0,-39906,0,68645,0,-12546,0,6624,0,-1442,0,189,0,-18,0,1 # cft deg12 r=0
32464,0,96192,0,340668,0,-334240,0,731745,0,-427518,0,57305,0,14562,0,-2952,0,-470,0,81,0,18,0,1 # cft deg12 r=0
32464,0,-53856,0,75180,0,-17552,0,-6171,0,27642,0,2129,0,402,0,4248,0,1958,0,357,0,30,0,1 # cft deg12 r=0
2029,0,-2070,0,18135,0,56878,0,79755,0,68976,0,41066,0,17472,0,5391,0,1190,0,183,0,18,0,1 # cft deg12 r=0
2029,0,10872,0,29868,0,10264,0,38616,0,-32832,0,27962,0,-15720,0,6396,0,-1648,0,264,0,-24,0,1 # cft deg12 r=0
524176,0,868800,0,1656732,0,2017872,0,1327401,0,451596,0,62702,0,-8880,0,-3381,0,-288,0,54,0,12,0,1 # cft deg12 r=0
8386816,0,-13900800,0,11769408,0,-8980736,0,3976704,0,-215424,0,-273756,0,87696,0,24993,0,3364,0,546,0,36,0,1 # cft deg12 r=0
524176,0,-868800,0,1656732,0,-2017872,0,1327401,0,-451596,0,62702,0,8880,0,-3381,0,288,0,54,0,-12,0,1 # cft deg12 r=0
524176,0,-816672,0,163704,0,338256,0,302409,0,248910,0,63593,0,798,0,1092,0,342,0,9,0,6,0,1 # cft deg12 r=0
524176,0,1685472,0,2245548,0,1344168,0,567261,0,222774,0,92537,0,11814,0,2856,0,558,0,45,0,6,0,1 # cft deg12 r=0
524176,0,-660288,0,-337176,0,1308672,0,-153687,0,-50268,0,301298,0,-192468,0,88155,0,7668,0,978,0,-48,0,1 # cft deg12 r=0
147755008,0,-62484480,0,194677248,0,-68750080,0,38067600,0,-7252608,0,2167628,0,-243888,0,55629,0,-5630,0,591,0,-30,0,1 # cft deg12 r=0
36073,0,-170052,0,381072,0,-850352,0,1528224,0,-1444056,0,706694,0,-184116,0,29376,0,-3616,0,360,0,-24,0,1 # cft deg12 r=0
147755008,0,31881216,0,13987584,0,-5347456,0,-2451888,0,-909984,0,-80500,0,35832,0,20481,0,5080,0,786,0,48,0,1 # cft deg12 r=0
577168,0,267072,0,76956,0,-47200,0,87825,0,4476,0,-20626,0,-19980,0,3555,0,2380,0,678,0,48,0,1 # cft deg12 r=0
577168,0,1635936,0,2477004,0,2576120,0,1950501,0,1112970,0,478145,0,150174,0,32976,0,4486,0,381,0,-6,0,1 # cft deg12 r=0
577168,0,1300128,0,1152504,0,255280,0,-310503,0,-241158,0,-39679,0,19494,0,11676,0,2858,0,393,0,30,0,1 # cft deg12 r=0
9234688,0,22153728,0,21724032,0,10141952,0,2730288,0,493056,0,103544,0,27240,0,4521,0,388,0,54,0,12,0,1 # cft deg12 r=0
36073,0,-137526,0,372351,0,-704666,0,806835,0,-333396,0,-78190,0,55764,0,13755,0,74,0,-105,0,6,0,1 # cft deg12 r=0
36073,0,18312,0,-59496,0,281840,0,304800,0,-530364,0,355910,0,-90168,0,16560,0,-1568,0,144,0,-12,0,1 # cft deg12 r=0
577168,0,944064,0,178536,0,-420592,0,-106983,0,150024,0,64154,0,936,0,-669,0,-104,0,18,0,0,0,1 # cft deg12 r=0
36073,0,-18312,0,-59496,0,-281840,0,304800,0,530364,0,355910,0,90168,0,16560,0,1568,0,144,0,12,0,1 # cft deg12 r=0
577168,0,-267072,0,76956,0,47200,0,87825,0,-4476,0,-20626,0,19980,0,3555,0,-2380,0,678,0,-48,0,1 # cft deg12 r=0
50176,193536,368640,402944,336000,215808,88832,27648,37200,54368,60432,57744,45664,27912,11724,2452,-591,-648,-166,48,51,4,-6,0,1 # cft deg12 r=0
79,0,301,0,483,0,80,0,415,0,-249,0,244,0,-93,0,45,0,-20,0,13,0,-3,0,1 # cft deg12 r=0
79,0,1,0,-27,0,130,0,-135,0,-379,0,144,0,227,0,15,0,-50,0,3,0,7,0,1 # cft deg12 r=0
79,0,55,0,-117,0,40,0,135,0,65,0,120,0,-235,0,165,0,-80,0,33,0,-5,0,1 # cft deg12 r=0
79,0,-266,0,933,0,-2440,0,3940,0,-4206,0,3229,0,-1872,0,840,0,-290,0,73,0,-12,0,1 # cft deg12 r=0
79,0,-56,0,183,0,10,0,300,0,164,0,399,0,218,0,120,0,40,0,3,0,-2,0,1 # cft deg12 r=0
81,0,-243,0,459,0,-540,0,405,0,27,0,-246,0,243,0,-35,0,-40,0,39,0,-7,0,1 # cft deg12 r=0
7789,-16672,15491,-35384,78793,-123742,185086,-193798,195987,-148754,118091,-76618,52134,-29536,16877,-7664,3687,-1666,934,-298,73,-14,17,2,1 # cft deg12 r=0
26149,0,-55920,0,24038,0,20640,0,-11865,0,-480,0,3220,0,-2400,0,915,0,-240,0,38,0,0,0,1 # cft deg12 r=0
26149,0,32034,0,50573,0,32730,0,9690,0,5754,0,7249,0,5898,0,2970,0,930,0,173,0,18,0,1 # cft deg12 r=0
26149,0,-91491,0,146963,0,-140220,0,94605,0,-57501,0,37414,0,-21417,0,8625,0,-2160,0,323,0,-27,0,1 # cft deg12 r=0
26149,0,-41919,0,68723,0,-73620,0,60345,0,-41769,0,19774,0,-7713,0,2205,0,-240,0,83,0,-3,0,1 # cft deg12 r=0
26149,0,23886,0,15713,0,-5490,0,14850,0,-9594,0,4189,0,-1338,0,690,0,-330,0,113,0,-18,0,1 # cft deg12 r=0
28269,0,15714,0,-27567,0,810,0,16110,0,-7326,0,969,0,-1602,0,790,0,-10,0,-7,0,-2,0,1 # cft deg12 r=0
28269,0,-5184,0,44118,0,9720,0,20295,0,4896,0,5604,0,-48,0,235,0,-160,0,38,0,-8,0,1 # cft deg12 r=0
48911,-68696,169414,190612,1165794,2203448,3460345,4106662,4024172,3303938,2411149,1561728,921742,518538,259800,124428,53085,20014,7373,2158,700,164,39,6,1 # cft deg12 r=0
69679,166476,52430,-142268,-179245,-70516,21030,226888,527885,302494,344430,310954,226745,139974,81132,54960,29190,13464,5834,2064,673,156,39,6,1 # cft deg12 r=0
25579,-41084,1018835,542362,1101925,456444,1717035,1202208,1248465,993564,813810,646504,397000,249224,138057,70110,31800,13194,5259,1734,568,136,39,6,1 # cft deg12 r=0
990359,1163778,-180659,-806980,-613291,-662806,-213986,285010,204137,146900,209405,-68414,33104,-50138,-13801,-10044,-3065,1582,1050,966,403,140,39,6,1 # cft deg12 r=0
3571,7594,42234,-22048,210029,504448,481910,435202,136487,35558,70424,74078,138447,72548,54230,25708,13810,5864,3408,1068,535,124,39,6,1 # cft deg12 r=0
6463049,490028,9968166,1719080,8465084,684114,5035779,851330,2720457,811020,1196870,406396,350994,129112,79999,36876,18870,9182,3925,1556,538,150,39,6,1 # cft deg12 r=0
24389,0,-41209,0,44312,0,-45819,0,39747,0,-25312,0,13081,0,-5956,0,2243,0,-643,0,132,0,-17,0,1 # cft deg12 r=0
28109,0,-28328,0,43318,0,-32312,0,35333,0,-12387,0,7956,0,-137,0,-1172,0,67,0,89,0,-18,0,1 # cft deg12 r=0
29929,0,53976,0,-16052,0,-38308,0,21976,0,1789,0,-3566,0,-872,0,-10,0,196,0,177,0,25,0,1 # cft deg12 r=0
35341,0,-72355,0,48919,0,-23176,0,25687,0,-24108,0,14977,0,-5891,0,1723,0,-375,0,77,0,-11,0,1 # cft deg12 r=0
35341,0,-51878,0,34341,0,-11346,0,4002,0,-2468,0,71,0,-346,0,144,0,42,0,36,0,11,0,1 # cft deg12 r=0
35341,0,-15153,0,12604,0,1134,0,-8204,0,2526,0,1931,0,-1028,0,150,0,30,0,17,0,2,0,1 # cft deg12 r=0
