# IGP24 class field sweep: deg8.
8682544,0,0,4277728,0,0,3556144,0,0,780424,0,0,239740,0,0,-23924,0,0,1612,0,0,-44,0,0,1 # cft deg8 r=0
8682544,0,0,-8725808,0,0,3383696,0,0,-452528,0,0,-14060,0,0,-9856,0,0,4196,0,0,56,0,0,1 # cft deg8 r=0
13159,0,0,-5956,0,0,34976,0,0,-23032,0,0,9925,0,0,-2492,0,0,488,0,0,-38,0,0,1 # cft deg8 r=0
9592911,0,0,1355940,0,0,2945160,0,0,-759618,0,0,22545,0,0,4698,0,0,-270,0,0,0,0,0,1 # cft deg8 r=0
9940644,0,0,-25456680,0,0,34805376,0,0,737748,0,0,488376,0,0,-1944,0,0,3186,0,0,-108,0,0,1 # cft deg8 r=0
13636,0,0,-808,0,0,2180,0,0,-388,0,0,124,0,0,-152,0,0,20,0,0,-2,0,0,1 # cft deg8 r=0
341875,0,0,-2608850,0,0,7243058,0,0,-1921382,0,0,285523,0,0,-2638,0,0,794,0,0,2,0,0,1 # cft deg8 r=0
341875,0,0,3601600,0,0,11605808,0,0,3431872,0,0,465703,0,0,25748,0,0,1424,0,0,38,0,0,1 # cft deg8 r=0
172,0,0,-144,0,0,400,0,0,-1044,0,0,420,0,0,72,0,0,166,0,0,0,0,0,1 # cft deg8 r=0
33546772,0,0,36516196,0,0,32996188,0,0,-7559408,0,0,737278,0,0,-48332,0,0,2188,0,0,-62,0,0,1 # cft deg8 r=0
10301499,0,0,-16587666,0,0,9358902,0,0,-700326,0,0,97740,0,0,-3942,0,0,162,0,0,-18,0,0,1 # cft deg8 r=0
14131,0,0,40816,0,0,56944,0,0,25252,0,0,5416,0,0,376,0,0,-44,0,0,-8,0,0,1 # cft deg8 r=0
14167,0,0,-24966,0,0,31774,0,0,-13446,0,0,9600,0,0,-162,0,0,634,0,0,-18,0,0,1 # cft deg8 r=0
14167,0,0,27448,0,0,69536,0,0,16912,0,0,-1172,0,0,-532,0,0,452,0,0,-16,0,0,1 # cft deg8 r=0
59536,0,0,0,0,0,41728,0,0,0,0,0,2184,0,0,0,0,0,-68,0,0,0,0,0,1 # cft deg8 r=0
15067,0,0,81664,0,0,151004,0,0,113788,0,0,41425,0,0,8144,0,0,938,0,0,38,0,0,1 # cft deg8 r=0
15067,0,0,-98656,0,0,314858,0,0,-205948,0,0,91420,0,0,-16964,0,0,1442,0,0,-56,0,0,1 # cft deg8 r=0
15067,0,0,1006,0,0,124058,0,0,-28502,0,0,14740,0,0,4634,0,0,182,0,0,-34,0,0,1 # cft deg8 r=0
15067,0,0,-74618,0,0,145126,0,0,-133652,0,0,67561,0,0,-17336,0,0,2890,0,0,64,0,0,1 # cft deg8 r=0
5279113,0,0,-4089548,0,0,712010,0,0,432514,0,0,94633,0,0,9386,0,0,596,0,0,20,0,0,1 # cft deg8 r=0
15391,0,0,560,0,0,19352,0,0,6254,0,0,2671,0,0,-314,0,0,452,0,0,-20,0,0,1 # cft deg8 r=0
292771,0,0,-317342,0,0,103466,0,0,-13436,0,0,2941,0,0,-352,0,0,74,0,0,-16,0,0,1 # cft deg8 r=0
292771,0,0,-260926,0,0,51194,0,0,-49312,0,0,15019,0,0,8236,0,0,1046,0,0,52,0,0,1 # cft deg8 r=0
292771,0,0,329148,0,0,-5090,0,0,3078,0,0,36879,0,0,-14958,0,0,2020,0,0,72,0,0,1 # cft deg8 r=0
15652,0,0,-43560,0,0,67900,0,0,-51408,0,0,20616,0,0,-4644,0,0,580,0,0,-36,0,0,1 # cft deg8 r=0
33424,95808,209904,198944,162240,211104,-124000,-371664,-114624,1136,-166440,-160296,32464,111504,88380,49456,18396,4356,860,-156,-132,-8,-6,0,1 # cft deg8 r=0
907,0,0,3094,0,0,11938,0,0,21392,0,0,17519,0,0,4424,0,0,622,0,0,-56,0,0,1 # cft deg8 r=0
8299,0,0,14966,0,0,9910,0,0,2720,0,0,151,0,0,-52,0,0,10,0,0,8,0,0,1 # cft deg8 r=0
1651888,0,0,321440,0,0,28768,0,0,8824,0,0,10988,0,0,3100,0,0,472,0,0,32,0,0,1 # cft deg8 r=0
428112,1168992,1980288,4105296,8159292,11117736,9158724,4323618,2709045,4764960,5508432,3439368,1261071,424872,257472,146880,58068,22050,9592,3354,831,206,60,12,1 # cft deg8 r=0
3072,0,0,1536,0,0,38656,0,0,-13440,0,0,-4128,0,0,4768,0,0,1224,0,0,-72,0,0,1 # cft deg8 r=0
324,0,0,180,0,0,-8,0,0,276,0,0,114,0,0,-16,0,0,42,0,0,6,0,0,1 # cft deg8 r=0
3072,0,0,-16896,0,0,36352,0,0,3072,0,0,17568,0,0,1568,0,0,1440,0,0,-24,0,0,1 # cft deg8 r=0
914517,1683180,1292112,864486,1564029,3003966,3495852,2418984,1411182,1563516,2221128,2291274,1591065,737154,216108,24156,-14562,-10944,-3776,-570,165,158,60,12,1 # cft deg8 r=0
175807,0,0,375088,0,0,317398,0,0,136166,0,0,37583,0,0,6350,0,0,706,0,0,40,0,0,1 # cft deg8 r=0
27891,0,0,52542,0,0,51246,0,0,25002,0,0,5139,0,0,54,0,0,-20,0,0,8,0,0,1 # cft deg8 r=0
12511611,0,0,-6887538,0,0,7109614,0,0,8114640,0,0,7734003,0,0,736472,0,0,18834,0,0,-264,0,0,1 # cft deg8 r=0
463393,0,0,-44884,0,0,5482,0,0,-43648,0,0,23443,0,0,3296,0,0,586,0,0,44,0,0,1 # cft deg8 r=0
6304257,6741468,3256524,513270,1111563,1870614,-219456,-1039392,-293706,377352,259956,-171126,-256113,-93798,33156,51120,24966,5688,400,78,219,158,60,12,1 # cft deg8 r=0
8534349,6827004,1083708,-1148274,641859,1633926,-458432,-1620216,-1093806,-271104,12492,-88254,-104313,-12414,53724,53440,26514,8352,2328,846,387,174,60,12,1 # cft deg8 r=0
379,0,0,-4670,0,0,17740,0,0,21436,0,0,7801,0,0,1456,0,0,298,0,0,28,0,0,1 # cft deg8 r=0
31293,0,0,174528,0,0,332964,0,0,249858,0,0,74205,0,0,6210,0,0,412,0,0,8,0,0,1 # cft deg8 r=0
10621,0,0,-21740,0,0,16816,0,0,-4036,0,0,170,0,0,-148,0,0,40,0,0,4,0,0,1 # cft deg8 r=0
5239,0,0,9580,0,0,6736,0,0,-6934,0,0,4157,0,0,-1966,0,0,418,0,0,-32,0,0,1 # cft deg8 r=0
549829,0,0,-180712,0,0,198370,0,0,-34018,0,0,29077,0,0,-4534,0,0,1540,0,0,80,0,0,1 # cft deg8 r=0
309123,0,0,-11556,0,0,112644,0,0,-15768,0,0,8136,0,0,-2268,0,0,496,0,0,-20,0,0,1 # cft deg8 r=0
314469,0,0,-584712,0,0,455554,0,0,-181680,0,0,37230,0,0,-2864,0,0,-102,0,0,12,0,0,1 # cft deg8 r=0
11691,0,0,-11124,0,0,7930,0,0,-4116,0,0,2436,0,0,-232,0,0,402,0,0,24,0,0,1 # cft deg8 r=0
11989,0,0,3050,0,0,-1862,0,0,1784,0,0,1807,0,0,812,0,0,244,0,0,-28,0,0,1 # cft deg8 r=0
324189,0,0,-10044,0,0,4888,0,0,-12912,0,0,5874,0,0,2140,0,0,744,0,0,48,0,0,1 # cft deg8 r=0
469989,0,0,-114156,0,0,145126,0,0,100032,0,0,21471,0,0,4664,0,0,870,0,0,24,0,0,1 # cft deg8 r=0
326619,0,0,-317034,0,0,332758,0,0,210426,0,0,177783,0,0,29810,0,0,4668,0,0,60,0,0,1 # cft deg8 r=0
16012269,0,0,6681150,0,0,43422048,0,0,-4885812,0,0,1669689,0,0,-37476,0,0,7588,0,0,-146,0,0,1 # cft deg8 r=0
593047,0,0,1746850,0,0,2538076,0,0,1396508,0,0,309617,0,0,20912,0,0,-212,0,0,-32,0,0,1 # cft deg8 r=0
1311984,0,0,-131760,0,0,-194832,0,0,-1512,0,0,20124,0,0,5004,0,0,568,0,0,34,0,0,1 # cft deg8 r=0
12501,0,0,43020,0,0,46306,0,0,-26616,0,0,-21027,0,0,4124,0,0,2364,0,0,-66,0,0,1 # cft deg8 r=0
340713,0,0,-382644,0,0,348166,0,0,-158088,0,0,46527,0,0,5528,0,0,330,0,0,24,0,0,1 # cft deg8 r=0
5616,0,0,8208,0,0,6048,0,0,3024,0,0,1116,0,0,360,0,0,100,0,0,16,0,0,1 # cft deg8 r=0
10048,0,0,24832,0,0,39136,0,0,31232,0,0,12800,0,0,2840,0,0,376,0,0,28,0,0,1 # cft deg8 r=0
12717,0,0,-6840,0,0,10054,0,0,-960,0,0,1086,0,0,160,0,0,78,0,0,12,0,0,1 # cft deg8 r=0
497367,0,0,-797256,0,0,991332,0,0,-17712,0,0,38349,0,0,900,0,0,250,0,0,10,0,0,1 # cft deg8 r=0
18421,0,0,85574,0,0,168070,0,0,157060,0,0,77531,0,0,20560,0,0,2620,0,0,92,0,0,1 # cft deg8 r=0
2748961,3792408,3495756,3767846,5570403,7263678,6882664,5132304,4241574,4604908,4841628,3995274,2433959,1050018,293340,30640,-18666,-13644,-4784,-786,147,158,60,12,1 # cft deg8 r=0
835264,0,0,514112,0,0,199264,0,0,15232,0,0,-2008,0,0,-536,0,0,40,0,0,14,0,0,1 # cft deg8 r=0
358452,0,0,256284,0,0,81532,0,0,31308,0,0,12750,0,0,2900,0,0,348,0,0,24,0,0,1 # cft deg8 r=0
853696,0,0,-185792,0,0,80896,0,0,608,0,0,2456,0,0,536,0,0,256,0,0,22,0,0,1 # cft deg8 r=0
40527,0,0,-191106,0,0,948240,0,0,-1786806,0,0,1109277,0,0,-22590,0,0,214,0,0,-10,0,0,1 # cft deg8 r=0
4563,0,0,50544,0,0,127576,0,0,-266412,0,0,212820,0,0,-22768,0,0,384,0,0,24,0,0,1 # cft deg8 r=0
5483712,0,0,-6035328,0,0,4431520,0,0,5718624,0,0,1517712,0,0,137320,0,0,5832,0,0,120,0,0,1 # cft deg8 r=0
19,0,0,-172,0,0,640,0,0,-1006,0,0,457,0,0,182,0,0,82,0,0,8,0,0,1 # cft deg8 r=0
19,0,0,158,0,0,526,0,0,1030,0,0,1007,0,0,-626,0,0,364,0,0,32,0,0,1 # cft deg8 r=0
513,0,0,108,0,0,3942,0,0,-4266,0,0,2331,0,0,-810,0,0,172,0,0,-20,0,0,1 # cft deg8 r=0
43443,0,0,-518400,0,0,1325656,0,0,1314726,0,0,328389,0,0,-32074,0,0,402,0,0,6,0,0,1 # cft deg8 r=0
43767,0,0,193752,0,0,365896,0,0,292584,0,0,68127,0,0,-104528,0,0,15684,0,0,246,0,0,1 # cft deg8 r=0
1627,0,0,7576,0,0,10876,0,0,4940,0,0,1904,0,0,608,0,0,136,0,0,16,0,0,1 # cft deg8 r=0
14716,0,0,3268,0,0,24220,0,0,15604,0,0,7882,0,0,1780,0,0,298,0,0,28,0,0,1 # cft deg8 r=0
397332,0,0,-347868,0,0,2214756,0,0,840888,0,0,1041642,0,0,-62532,0,0,5752,0,0,-38,0,0,1 # cft deg8 r=0
6235137,18433494,24600348,23530662,31313871,48504582,50718744,26452008,-2733750,-11944098,-3677724,3913758,3918807,1415394,264060,115668,80514,21114,-3420,-3294,-585,90,60,12,1 # cft deg8 r=0
15093,0,0,26730,0,0,36568,0,0,13002,0,0,5361,0,0,434,0,0,186,0,0,6,0,0,1 # cft deg8 r=0
131328,0,0,-33408,0,0,303040,0,0,-83532,0,0,123963,0,0,5114,0,0,42,0,0,-21,0,0,1 # cft deg8 r=0
221643,0,0,367713,0,0,115155,0,0,-3753,0,0,23148,0,0,-4869,0,0,757,0,0,-34,0,0,1 # cft deg8 r=0
1231713,0,0,285768,0,0,561745,0,0,-112173,0,0,-19452,0,0,2671,0,0,537,0,0,21,0,0,1 # cft deg8 r=0
1231713,0,0,-1418256,0,0,1066095,0,0,-501741,0,0,901188,0,0,-33147,0,0,673,0,0,17,0,0,1 # cft deg8 r=0
25947,0,0,-6696,0,0,35289,0,0,1809,0,0,12618,0,0,1179,0,0,673,0,0,-17,0,0,1 # cft deg8 r=0
6351777,0,0,-3467853,0,0,-280395,0,0,199503,0,0,28620,0,0,-891,0,0,-261,0,0,0,0,0,1 # cft deg8 r=0
8713,0,0,11741,0,0,10894,0,0,-9599,0,0,8495,0,0,-2597,0,0,436,0,0,-31,0,0,1 # cft deg8 r=0
37,0,0,181,0,0,271,0,0,34,0,0,151,0,0,52,0,0,10,0,0,-8,0,0,1 # cft deg8 r=0
252261,0,0,887571,0,0,962172,0,0,346815,0,0,88893,0,0,19575,0,0,2278,0,0,47,0,0,1 # cft deg8 r=0
9613,0,0,18490,0,0,8122,0,0,356,0,0,2285,0,0,500,0,0,67,0,0,13,0,0,1 # cft deg8 r=0
3591081,0,0,4827573,0,0,5475978,0,0,2647620,0,0,771048,0,0,121635,0,0,9172,0,0,164,0,0,1 # cft deg8 r=0
7459857,0,0,-13030146,0,0,8628444,0,0,-2739582,0,0,937980,0,0,14634,0,0,-567,0,0,18,0,0,1 # cft deg8 r=0
7459857,0,0,-16796160,0,0,16180155,0,0,-7128162,0,0,1339416,0,0,-61776,0,0,1620,0,0,-54,0,0,1 # cft deg8 r=0
10233,0,0,41499,0,0,69309,0,0,55107,0,0,48150,0,0,11079,0,0,1117,0,0,52,0,0,1 # cft deg8 r=0
10233,0,0,22248,0,0,945,0,0,-34533,0,0,32058,0,0,3519,0,0,505,0,0,35,0,0,1 # cft deg8 r=0
506611,0,0,-96677,0,0,1067014,0,0,-486479,0,0,174265,0,0,33991,0,0,1954,0,0,-17,0,0,1 # cft deg8 r=0
1161,0,0,-2133,0,0,3132,0,0,2241,0,0,1575,0,0,351,0,0,232,0,0,17,0,0,1 # cft deg8 r=0
1161,0,0,5643,0,0,9369,0,0,6696,0,0,3195,0,0,846,0,0,34,0,0,-22,0,0,1 # cft deg8 r=0
10719,0,0,-18090,0,0,25812,0,0,-33480,0,0,20394,0,0,-5238,0,0,829,0,0,2,0,0,1 # cft deg8 r=0
292599,0,0,-516321,0,0,671257,0,0,-378030,0,0,100653,0,0,-13498,0,0,1032,0,0,-12,0,0,1 # cft deg8 r=0
295029,0,0,-757134,0,0,752544,0,0,-369306,0,0,95805,0,0,-13428,0,0,1099,0,0,-43,0,0,1 # cft deg8 r=0
208297,0,0,-287686,0,0,218647,0,0,-100132,0,0,28537,0,0,-3184,0,0,-89,0,0,26,0,0,1 # cft deg8 r=0
8207811,0,0,9106668,0,0,5459481,0,0,1564434,0,0,388071,0,0,42228,0,0,2079,0,0,54,0,0,1 # cft deg8 r=0
11259,0,0,-49896,0,0,197667,0,0,-67716,0,0,18765,0,0,-3942,0,0,237,0,0,42,0,0,1 # cft deg8 r=0
24820263,0,0,-12223143,0,0,-1987254,0,0,707859,0,0,173259,0,0,6021,0,0,-162,0,0,9,0,0,1 # cft deg8 r=0
34047,0,0,48708,0,0,8316,0,0,2862,0,0,19908,0,0,-6912,0,0,1207,0,0,-56,0,0,1 # cft deg8 r=0
306693,0,0,-853281,0,0,1207837,0,0,-926769,0,0,367656,0,0,-49453,0,0,2769,0,0,-66,0,0,1 # cft deg8 r=0
306693,0,0,64854,0,0,59589,0,0,-10071,0,0,-126,0,0,171,0,0,19,0,0,-7,0,0,1 # cft deg8 r=0
11367,0,0,-9531,0,0,48816,0,0,-21114,0,0,10701,0,0,-1602,0,0,70,0,0,13,0,0,1 # cft deg8 r=0
11853,0,0,-62658,0,0,97246,0,0,-34512,0,0,-2721,0,0,1258,0,0,231,0,0,21,0,0,1 # cft deg8 r=0
11881,0,0,-23435,0,0,32158,0,0,-23195,0,0,11959,0,0,-3485,0,0,622,0,0,55,0,0,1 # cft deg8 r=0
13225,14145,-56976,-93079,190329,368733,-48047,-718407,-365004,374317,756942,326226,-15559,-52527,678,11335,5958,1692,511,384,210,53,6,3,1 # cft deg8 r=0
711531,0,0,-214596,0,0,626284,0,0,-89862,0,0,57021,0,0,-5006,0,0,906,0,0,-42,0,0,1 # cft deg8 r=0
338769,0,0,1039284,0,0,864162,0,0,118314,0,0,43047,0,0,3060,0,0,397,0,0,-7,0,0,1 # cft deg8 r=0
12592,0,0,-76576,0,0,107896,0,0,69736,0,0,26171,0,0,1408,0,0,85,0,0,-22,0,0,1 # cft deg8 r=0
254048481,0,0,-82019061,0,0,2349567,0,0,2445795,0,0,436428,0,0,-675,0,0,2673,0,0,18,0,0,1 # cft deg8 r=0
12987,0,0,-35937,0,0,43956,0,0,-30753,0,0,13401,0,0,-3519,0,0,490,0,0,-29,0,0,1 # cft deg8 r=0
12987,0,0,-72639,0,0,154774,0,0,-74883,0,0,15495,0,0,-349,0,0,348,0,0,-3,0,0,1 # cft deg8 r=0
487,0,0,2188,0,0,24706,0,0,37582,0,0,12391,0,0,-2594,0,0,325,0,0,1,0,0,1 # cft deg8 r=0
330625,0,0,201250,0,0,1610875,0,0,-1201250,0,0,570175,0,0,-50330,0,0,1657,0,0,100,0,0,1 # cft deg8 r=0
330625,0,0,-934375,0,0,1248250,0,0,-741875,0,0,244925,0,0,-52655,0,0,5962,0,0,95,0,0,1 # cft deg8 r=0
358209,0,0,414666,0,0,991737,0,0,547506,0,0,326007,0,0,60210,0,0,7597,0,0,142,0,0,1 # cft deg8 r=0
261134361,0,0,-243951102,0,0,113125491,0,0,-19620306,0,0,354051,0,0,136998,0,0,7209,0,0,144,0,0,1 # cft deg8 r=0
13627,0,0,5831,0,0,78598,0,0,-2662,0,0,120985,0,0,-38986,0,0,7012,0,0,161,0,0,1 # cft deg8 r=0
2368521,3989088,1981422,-1412802,-2049219,-417717,748683,472392,-183708,-361341,-116883,85779,94689,26892,-4293,-3942,0,243,90,234,180,51,6,3,1 # cft deg8 r=0
2313441,0,0,1806948,0,0,1059831,0,0,-818262,0,0,403920,0,0,-105408,0,0,10956,0,0,-198,0,0,1 # cft deg8 r=0
1029375,0,0,1477575,0,0,2360232,0,0,-1118556,0,0,297603,0,0,-38286,0,0,2476,0,0,-79,0,0,1 # cft deg8 r=0
30016575,0,0,-41432715,0,0,25385238,0,0,-6358338,0,0,636903,0,0,105408,0,0,4374,0,0,63,0,0,1 # cft deg8 r=0
41175,0,0,187245,0,0,388611,0,0,406188,0,0,146781,0,0,-39888,0,0,4576,0,0,-112,0,0,1 # cft deg8 r=0
513,0,0,2079,0,0,11799,0,0,8802,0,0,10809,0,0,1512,0,0,-8,0,0,2,0,0,1 # cft deg8 r=0
513,0,0,1161,0,0,5014,0,0,3783,0,0,519,0,0,-227,0,0,-48,0,0,3,0,0,1 # cft deg8 r=0
373977,0,0,-511758,0,0,243486,0,0,-93312,0,0,31833,0,0,1512,0,0,-243,0,0,-9,0,0,1 # cft deg8 r=0
24832,0,0,-81152,0,0,56512,0,0,41596,0,0,49525,0,0,9097,0,0,883,0,0,37,0,0,1 # cft deg8 r=0
7203033,0,0,12579975,0,0,10788877,0,0,4017054,0,0,814335,0,0,80980,0,0,4092,0,0,102,0,0,1 # cft deg8 r=0
14275,0,0,63140,0,0,106483,0,0,89635,0,0,35792,0,0,-95,0,0,211,0,0,5,0,0,1 # cft deg8 r=0
10406475,0,0,-4075110,0,0,1316331,0,0,-216081,0,0,35640,0,0,-2745,0,0,325,0,0,-11,0,0,1 # cft deg8 r=0
44901,0,0,101871,0,0,76356,0,0,4023,0,0,3735,0,0,27,0,0,106,0,0,-1,0,0,1 # cft deg8 r=0
15229,0,0,-9283,0,0,14467,0,0,508,0,0,4715,0,0,688,0,0,634,0,0,14,0,0,1 # cft deg8 r=0
571,0,0,-2714,0,0,5467,0,0,-5425,0,0,3158,0,0,-1075,0,0,223,0,0,-23,0,0,1 # cft deg8 r=0
9472,0,0,61312,0,0,99328,0,0,-7684,0,0,2897,0,0,-742,0,0,214,0,0,-23,0,0,1 # cft deg8 r=0
6036849,0,0,39670722,0,0,79834248,0,0,-11113362,0,0,904878,0,0,-79326,0,0,4752,0,0,-90,0,0,1 # cft deg8 r=0
2895949,0,0,-1958039,0,0,745876,0,0,724687,0,0,616246,0,0,-31241,0,0,1252,0,0,1,0,0,1 # cft deg8 r=0
8443,0,0,14591,0,0,15554,0,0,-11845,0,0,4804,0,0,-323,0,0,38,0,0,-11,0,0,1 # cft deg8 r=0
2895949,0,0,1180755,0,0,704992,0,0,366093,0,0,190338,0,0,-9855,0,0,1732,0,0,-9,0,0,1 # cft deg8 r=0
37794484,0,0,-180252020,0,0,299248508,0,0,91985212,0,0,14621434,0,0,750410,0,0,10649,0,0,-34,0,0,1 # cft deg8 r=0
2169856,0,0,-4346368,0,0,7432256,0,0,517472,0,0,88864,0,0,15832,0,0,1640,0,0,70,0,0,1 # cft deg8 r=0
33904,0,0,-21112,0,0,37739,0,0,-28945,0,0,11680,0,0,-2717,0,0,380,0,0,-29,0,0,1 # cft deg8 r=0
111709,0,0,5408,0,0,17524,0,0,2450,0,0,2311,0,0,542,0,0,64,0,0,8,0,0,1 # cft deg8 r=0
8749,0,0,-4563,0,0,-221,0,0,-1080,0,0,636,0,0,918,0,0,265,0,0,27,0,0,1 # cft deg8 r=0
333135504,0,0,84762288,0,0,746105256,0,0,198764280,0,0,13496652,0,0,-909090,0,0,20007,0,0,-171,0,0,1 # cft deg8 r=0
1485172,0,0,-4227028,0,0,3998540,0,0,-773344,0,0,235924,0,0,-17576,0,0,2639,0,0,43,0,0,1 # cft deg8 r=0
79461,0,0,441045,0,0,833247,0,0,-165240,0,0,-28620,0,0,54,0,0,1161,0,0,63,0,0,1 # cft deg8 r=0
64729,0,0,-171259,0,0,210026,0,0,-135721,0,0,44890,0,0,-6389,0,0,146,0,0,25,0,0,1 # cft deg8 r=0
6843852,0,0,-492804,0,0,1073817,0,0,-32319,0,0,38826,0,0,-1431,0,0,378,0,0,9,0,0,1 # cft deg8 r=0
600832,0,0,1094752,0,0,1206415,0,0,186379,0,0,19852,0,0,16333,0,0,3484,0,0,91,0,0,1 # cft deg8 r=0
832,0,0,7240,0,0,11351,0,0,-35249,0,0,24088,0,0,-6535,0,0,908,0,0,-49,0,0,1 # cft deg8 r=0
13,0,0,143,0,0,650,0,0,1517,0,0,1774,0,0,721,0,0,170,0,0,19,0,0,1 # cft deg8 r=0
9477,0,0,126846,0,0,437400,0,0,-332424,0,0,78381,0,0,14904,0,0,1188,0,0,54,0,0,1 # cft deg8 r=0
37936,0,0,-98944,0,0,-143584,0,0,326024,0,0,413476,0,0,57592,0,0,3107,0,0,43,0,0,1 # cft deg8 r=0
17210368,0,0,-147034496,0,0,324147152,0,0,-43266608,0,0,1959640,0,0,-20656,0,0,-592,0,0,2,0,0,1 # cft deg8 r=0
7001316,0,0,-2500470,0,0,4107915,0,0,-1491777,0,0,207954,0,0,4887,0,0,3834,0,0,-99,0,0,1 # cft deg8 r=0
7001316,0,0,6501222,0,0,5393871,0,0,1570023,0,0,14040,0,0,-22815,0,0,3348,0,0,117,0,0,1 # cft deg8 r=0
650944,0,0,-2035296,0,0,1971040,0,0,-462888,0,0,-80760,0,0,12582,0,0,5413,0,0,-9,0,0,1 # cft deg8 r=0
685187776,0,0,504969696,0,0,154114096,0,0,25827552,0,0,2439096,0,0,107352,0,0,2416,0,0,36,0,0,1 # cft deg8 r=0
685187776,0,0,298702432,0,0,21593008,0,0,-4565216,0,0,-433568,0,0,9664,0,0,2188,0,0,82,0,0,1 # cft deg8 r=0
304192,0,0,150480,0,0,107716,0,0,-14148,0,0,9312,0,0,-1512,0,0,238,0,0,-18,0,0,1 # cft deg8 r=0
44941312,0,0,-22377472,0,0,8348132,0,0,2974508,0,0,-295148,0,0,-56240,0,0,3998,0,0,88,0,0,1 # cft deg8 r=0
49793653,0,0,-12694097,0,0,15001220,0,0,-2902859,0,0,442582,0,0,-20071,0,0,1388,0,0,-61,0,0,1 # cft deg8 r=0
145171,0,0,-847197,0,0,4537858,0,0,-4542561,0,0,1739760,0,0,-158895,0,0,4738,0,0,9,0,0,1 # cft deg8 r=0
11179,0,0,-97679,0,0,318332,0,0,-453545,0,0,227032,0,0,19763,0,0,920,0,0,-7,0,0,1 # cft deg8 r=0
45136,0,0,-124144,0,0,347888,0,0,-356536,0,0,361816,0,0,496,0,0,2999,0,0,52,0,0,1 # cft deg8 r=0
2888704,0,0,-2830336,0,0,1227008,0,0,-193600,0,0,22192,0,0,13240,0,0,1397,0,0,61,0,0,1 # cft deg8 r=0
11404,0,0,-63466,0,0,202115,0,0,-50725,0,0,157552,0,0,2737,0,0,-16,0,0,-11,0,0,1 # cft deg8 r=0
11557,0,0,-5083,0,0,47684,0,0,31859,0,0,50074,0,0,20143,0,0,7400,0,0,169,0,0,1 # cft deg8 r=0
1051687,0,0,-854971,0,0,393302,0,0,-109153,0,0,19960,0,0,-2393,0,0,254,0,0,-11,0,0,1 # cft deg8 r=0
67307968,0,0,216406528,0,0,194944880,0,0,33240592,0,0,1948084,0,0,11600,0,0,2513,0,0,65,0,0,1 # cft deg8 r=0
81487,0,0,-257659,0,0,734591,0,0,-578476,0,0,281050,0,0,-43334,0,0,10343,0,0,-191,0,0,1 # cft deg8 r=0
4859344,-11877120,18181056,-14622192,11731584,-4900032,6976948,-2081088,3438288,388512,1063116,195984,-26112,42912,-41832,15300,540,2736,976,-72,84,-36,12,0,1 # cft deg8 r=0
1491472,0,0,4907772,0,0,11668513,0,0,-4685553,0,0,1835358,0,0,-156249,0,0,15574,0,0,171,0,0,1 # cft deg8 r=0
95454208,0,0,18237024,0,0,19751485,0,0,1458027,0,0,4525926,0,0,-259713,0,0,9760,0,0,-99,0,0,1 # cft deg8 r=0
160381,0,0,509704,0,0,840944,0,0,499096,0,0,258154,0,0,62504,0,0,10856,0,0,56,0,0,1 # cft deg8 r=0
798976,0,0,1467232,0,0,7564340,0,0,989092,0,0,-69428,0,0,-13780,0,0,1622,0,0,-52,0,0,1 # cft deg8 r=0
9100836,0,0,18294984,0,0,45335052,0,0,-13024800,0,0,1564002,0,0,-107298,0,0,4509,0,0,-99,0,0,1 # cft deg8 r=0
12493,0,0,-6820,0,0,26588,0,0,-9532,0,0,8755,0,0,-584,0,0,380,0,0,-38,0,0,1 # cft deg8 r=0
866377,0,0,6832205,0,0,16819705,0,0,12470600,0,0,1767832,0,0,-608956,0,0,30349,0,0,179,0,0,1 # cft deg8 r=0
53088256,0,0,82109248,0,0,42390101,0,0,6765931,0,0,-444638,0,0,-140869,0,0,7940,0,0,101,0,0,1 # cft deg8 r=0
91189,0,0,-69821,0,0,19171,0,0,-4016,0,0,1348,0,0,-2,0,0,37,0,0,1,0,0,1 # cft deg8 r=0
9658521,0,0,13807989,0,0,6728670,0,0,1341117,0,0,175986,0,0,11799,0,0,594,0,0,-9,0,0,1 # cft deg8 r=0
55558144,0,0,108961792,0,0,103427525,0,0,36604684,0,0,4771339,0,0,89828,0,0,-2833,0,0,-52,0,0,1 # cft deg8 r=0
13636,0,0,-2788,0,0,-3265,0,0,1295,0,0,286,0,0,-161,0,0,2,0,0,7,0,0,1 # cft deg8 r=0
130960144,0,0,-54795328,0,0,3583064,0,0,-6529240,0,0,4012036,0,0,-276290,0,0,9515,0,0,-146,0,0,1 # cft deg8 r=0
381808,0,0,359704,0,0,195319,0,0,64582,0,0,13831,0,0,2212,0,0,217,0,0,10,0,0,1 # cft deg8 r=0
55853056,0,0,-118822912,0,0,74316332,0,0,-12042676,0,0,837088,0,0,-37952,0,0,1514,0,0,-38,0,0,1 # cft deg8 r=0
13636,0,0,-40700,0,0,77321,0,0,57628,0,0,19555,0,0,-1468,0,0,47,0,0,-16,0,0,1 # cft deg8 r=0
130960144,0,0,-704914000,0,0,997179896,0,0,76995008,0,0,-651008,0,0,-285218,0,0,21737,0,0,-272,0,0,1 # cft deg8 r=0
24435712,0,0,-31030784,0,0,13695616,0,0,5349760,0,0,-2244224,0,0,-256772,0,0,210421,0,0,-386,0,0,1 # cft deg8 r=0
9940644,0,0,10051452,0,0,3561165,0,0,-721710,0,0,479979,0,0,-25272,0,0,1539,0,0,-54,0,0,1 # cft deg8 r=0
4677148,0,0,16906932,0,0,13682812,0,0,-3071628,0,0,341106,0,0,-41958,0,0,3145,0,0,-90,0,0,1 # cft deg8 r=0
13897,0,0,-1474,0,0,32996,0,0,-63928,0,0,53431,0,0,-20708,0,0,3332,0,0,16,0,0,1 # cft deg8 r=0
13897,0,0,13439,0,0,57404,0,0,71855,0,0,52774,0,0,19333,0,0,3764,0,0,61,0,0,1 # cft deg8 r=0
97804,0,0,-812194,0,0,1712909,0,0,66815,0,0,55528,0,0,541,0,0,398,0,0,7,0,0,1 # cft deg8 r=0
914176,0,0,-521776,0,0,140401,0,0,-21337,0,0,4858,0,0,947,0,0,10,0,0,-1,0,0,1 # cft deg8 r=0
10413036,0,0,-4900338,0,0,9031581,0,0,1999161,0,0,2911572,0,0,259011,0,0,9234,0,0,153,0,0,1 # cft deg8 r=0
60276736,0,0,3684096,0,0,5842876,0,0,97740,0,0,150756,0,0,972,0,0,310,0,0,0,0,0,1 # cft deg8 r=0
59536,0,0,-296704,0,0,614008,0,0,-497824,0,0,170908,0,0,9938,0,0,1027,0,0,26,0,0,1 # cft deg8 r=0
195364,0,0,241740,0,0,70600,0,0,10044,0,0,9600,0,0,1188,0,0,283,0,0,9,0,0,1 # cft deg8 r=0
195364,0,0,-90440,0,0,54568,0,0,-18668,0,0,5218,0,0,-1136,0,0,181,0,0,-17,0,0,1 # cft deg8 r=0
15184,0,0,55744,0,0,85124,0,0,27100,0,0,8944,0,0,692,0,0,470,0,0,38,0,0,1 # cft deg8 r=0
3158272,0,0,584064,0,0,130000,0,0,42336,0,0,4416,0,0,-648,0,0,-140,0,0,0,0,0,1 # cft deg8 r=0
15193,0,0,13192,0,0,-1276,0,0,-1376,0,0,574,0,0,-280,0,0,164,0,0,-16,0,0,1 # cft deg8 r=0
974656,0,0,-2660608,0,0,2234224,0,0,-645712,0,0,154060,0,0,-21760,0,0,1873,0,0,-55,0,0,1 # cft deg8 r=0
61552,0,0,172080,0,0,150088,0,0,45792,0,0,24828,0,0,1134,0,0,175,0,0,9,0,0,1 # cft deg8 r=0
64110592,0,0,-36664576,0,0,34769540,0,0,-2947096,0,0,108700,0,0,-19052,0,0,1928,0,0,-74,0,0,1 # cft deg8 r=0
438256,0,0,-777556,0,0,577369,0,0,-231217,0,0,54250,0,0,-7747,0,0,694,0,0,-37,0,0,1 # cft deg8 r=0
1424332,0,0,-913952,0,0,1079156,0,0,-411956,0,0,182914,0,0,-48718,0,0,5825,0,0,-79,0,0,1 # cft deg8 r=0
109711,0,0,668519,0,0,1414585,0,0,1176734,0,0,285982,0,0,-51406,0,0,3871,0,0,-109,0,0,1 # cft deg8 r=0
50176,0,0,1257984,0,0,7698496,0,0,-2304000,0,0,846960,0,0,-97920,0,0,6988,0,0,-144,0,0,1 # cft deg8 r=0
784,0,0,-6272,0,0,75736,0,0,-59024,0,0,10492,0,0,12526,0,0,3619,0,0,46,0,0,1 # cft deg8 r=0
916,0,0,-20480,0,0,367840,0,0,57856,0,0,-17396,0,0,304,0,0,520,0,0,-32,0,0,1 # cft deg8 r=0
314188,0,0,504176,0,0,487504,0,0,205376,0,0,66880,0,0,14384,0,0,2968,0,0,104,0,0,1 # cft deg8 r=0
7680852,-8374104,-7634736,11554704,3895614,-9949392,1839240,4110696,-1321299,-1615788,1183086,154656,-365265,66168,66726,-30096,-1962,3564,370,-648,99,56,-18,0,1 # cft deg8 r=0
1628613,0,0,4678560,0,0,3277054,0,0,-15036,0,0,178035,0,0,6748,0,0,762,0,0,12,0,0,1 # cft deg8 r=0
3022516,0,0,-2757520,0,0,16478992,0,0,-6025480,0,0,895948,0,0,-36664,0,0,-944,0,0,44,0,0,1 # cft deg8 r=0
3022516,0,0,-2470816,0,0,873856,0,0,2127440,0,0,554596,0,0,13664,0,0,2296,0,0,8,0,0,1 # cft deg8 r=0
999,0,0,3348,0,0,4050,0,0,2592,0,0,1359,0,0,504,0,0,118,0,0,16,0,0,1 # cft deg8 r=0
12691,0,0,-18764,0,0,330778,0,0,119284,0,0,30049,0,0,4372,0,0,514,0,0,28,0,0,1 # cft deg8 r=0
232136569,0,0,-552829436,0,0,787253014,0,0,-312584816,0,0,51033499,0,0,-2190080,0,0,30718,0,0,-116,0,0,1 # cft deg8 r=0
9271,0,0,181400,0,0,1037830,0,0,1652620,0,0,2319857,0,0,906340,0,0,316786,0,0,32,0,0,1 # cft deg8 r=0
3179953,0,0,4448884,0,0,22358182,0,0,-18727672,0,0,5650811,0,0,-681304,0,0,31558,0,0,-284,0,0,1 # cft deg8 r=0
29008,0,0,-90368,0,0,60400,0,0,87136,0,0,55132,0,0,-20144,0,0,2116,0,0,-80,0,0,1 # cft deg8 r=0
66304,0,0,1060352,0,0,33851008,0,0,-7467136,0,0,1216528,0,0,24032,0,0,2152,0,0,8,0,0,1 # cft deg8 r=0
27972,0,0,-9288,0,0,-1296,0,0,9288,0,0,10674,0,0,-4176,0,0,928,0,0,-56,0,0,1 # cft deg8 r=0
252261,0,0,-39312,0,0,779058,0,0,-1115100,0,0,1453365,0,0,-266580,0,0,16858,0,0,272,0,0,1 # cft deg8 r=0
597952,0,0,124160,0,0,597568,0,0,-150656,0,0,338840,0,0,-38336,0,0,2344,0,0,-76,0,0,1 # cft deg8 r=0
351,0,0,4752,0,0,38286,0,0,139212,0,0,277065,0,0,46188,0,0,24454,0,0,128,0,0,1 # cft deg8 r=0
39,0,0,-288,0,0,-638,0,0,6960,0,0,38355,0,0,-17656,0,0,2394,0,0,-84,0,0,1 # cft deg8 r=0
832,0,0,-4736,0,0,5248,0,0,9280,0,0,-104,0,0,-1280,0,0,256,0,0,-20,0,0,1 # cft deg8 r=0
362551,0,0,40264,0,0,812710,0,0,-455444,0,0,110209,0,0,-15428,0,0,1282,0,0,-56,0,0,1 # cft deg8 r=0
7399,0,0,121112,0,0,545158,0,0,395444,0,0,12103,0,0,-38932,0,0,5482,0,0,-64,0,0,1 # cft deg8 r=0
362551,0,0,1480564,0,0,1753258,0,0,-119788,0,0,8381,0,0,-3532,0,0,646,0,0,-44,0,0,1 # cft deg8 r=0
88942644,0,0,-258789384,0,0,488657008,0,0,225923712,0,0,33033462,0,0,1929080,0,0,44232,0,0,276,0,0,1 # cft deg8 r=0
88942644,0,0,-371699496,0,0,450110080,0,0,211207584,0,0,30731118,0,0,1737304,0,0,37536,0,0,156,0,0,1 # cft deg8 r=0
270972,0,0,6160104,0,0,36256248,0,0,12296880,0,0,9723006,0,0,255384,0,0,3556,0,0,92,0,0,1 # cft deg8 r=0
270972,0,0,3378240,0,0,11218176,0,0,5553792,0,0,9395928,0,0,-21096,0,0,1072,0,0,-16,0,0,1 # cft deg8 r=0
1117,0,0,-4648,0,0,6934,0,0,-4244,0,0,1259,0,0,-284,0,0,58,0,0,-4,0,0,1 # cft deg8 r=0
276291,0,0,-64152,0,0,44010,0,0,96552,0,0,27837,0,0,2808,0,0,414,0,0,36,0,0,1 # cft deg8 r=0
276561,0,0,-682776,0,0,2634768,0,0,-245808,0,0,15534,0,0,-2088,0,0,640,0,0,-16,0,0,1 # cft deg8 r=0
281421,0,0,-2792124,0,0,11293182,0,0,-4042332,0,0,874863,0,0,-72540,0,0,2602,0,0,-56,0,0,1 # cft deg8 r=0
1159,0,0,4604,0,0,7714,0,0,7592,0,0,4879,0,0,1640,0,0,358,0,0,32,0,0,1 # cft deg8 r=0
397537,0,0,-4965160,0,0,17556742,0,0,-9428548,0,0,11595205,0,0,904196,0,0,24406,0,0,-328,0,0,1 # cft deg8 r=0
10468,0,0,-13352,0,0,-176,0,0,680,0,0,2618,0,0,-184,0,0,184,0,0,4,0,0,1 # cft deg8 r=0
388,0,0,-3016,0,0,7264,0,0,-3112,0,0,70,0,0,56,0,0,64,0,0,8,0,0,1 # cft deg8 r=0
673984,0,0,840320,0,0,832384,0,0,-625408,0,0,-14528,0,0,57296,0,0,5680,0,0,-136,0,0,1 # cft deg8 r=0
284337,0,0,-881064,0,0,1224396,0,0,-562680,0,0,70614,0,0,-792,0,0,5356,0,0,56,0,0,1 # cft deg8 r=0
2793,0,0,15024,0,0,16390,0,0,-294024,0,0,1190385,0,0,-27776,0,0,8010,0,0,-12,0,0,1 # cft deg8 r=0
75411,0,0,-1012356,0,0,7457626,0,0,-6673404,0,0,1527297,0,0,139052,0,0,6270,0,0,132,0,0,1 # cft deg8 r=0
7893612,0,0,-18399960,0,0,30621672,0,0,4585896,0,0,15408522,0,0,844992,0,0,19476,0,0,216,0,0,1 # cft deg8 r=0
292356,0,0,-212328,0,0,16708032,0,0,16929432,0,0,8259606,0,0,-172296,0,0,42328,0,0,416,0,0,1 # cft deg8 r=0
10891,0,0,20548,0,0,-350,0,0,-8660,0,0,7531,0,0,-1676,0,0,118,0,0,28,0,0,1 # cft deg8 r=0
3837483,0,0,-3172716,0,0,992998,0,0,-289752,0,0,73527,0,0,6280,0,0,726,0,0,-24,0,0,1 # cft deg8 r=0
142129,0,0,-66236,0,0,18634,0,0,-9256,0,0,2303,0,0,320,0,0,94,0,0,4,0,0,1 # cft deg8 r=0
707392,0,0,-4728448,0,0,13954816,0,0,1171136,0,0,-84440,0,0,14960,0,0,3664,0,0,116,0,0,1 # cft deg8 r=0
298431,0,0,400032,0,0,263574,0,0,53892,0,0,-7065,0,0,-3924,0,0,586,0,0,-16,0,0,1 # cft deg8 r=0
565264,0,0,-647680,0,0,7959568,0,0,1228000,0,0,189548,0,0,14512,0,0,1084,0,0,32,0,0,1 # cft deg8 r=0
565264,0,0,4042336,0,0,9557104,0,0,3326144,0,0,538820,0,0,48992,0,0,2596,0,0,76,0,0,1 # cft deg8 r=0
191296,0,0,-621568,0,0,866944,0,0,-132352,0,0,-66800,0,0,17984,0,0,5536,0,0,80,0,0,1 # cft deg8 r=0
6566833,0,0,22130872,0,0,25405276,0,0,10004072,0,0,1957622,0,0,71816,0,0,3388,0,0,88,0,0,1 # cft deg8 r=0
191296,0,0,361600,0,0,343552,0,0,177728,0,0,-15952,0,0,-31216,0,0,4720,0,0,88,0,0,1 # cft deg8 r=0
6566833,0,0,-30259540,0,0,100053280,0,0,-27508084,0,0,2485258,0,0,-90340,0,0,3808,0,0,-100,0,0,1 # cft deg8 r=0
221293,0,0,474700,0,0,1231600,0,0,1039676,0,0,200942,0,0,-29092,0,0,1912,0,0,-68,0,0,1 # cft deg8 r=0
633229083,0,0,-698713884,0,0,316458694,0,0,-73741704,0,0,9330369,0,0,-597512,0,0,13218,0,0,192,0,0,1 # cft deg8 r=0
633229083,0,0,-143522604,0,0,-2539350,0,0,7883460,0,0,1114641,0,0,61956,0,0,2278,0,0,52,0,0,1 # cft deg8 r=0
21952,0,0,9856,0,0,108352,0,0,116800,0,0,64312,0,0,8368,0,0,568,0,0,28,0,0,1 # cft deg8 r=0
332451,0,0,-230796,0,0,95094,0,0,-25488,0,0,5625,0,0,-1008,0,0,154,0,0,-16,0,0,1 # cft deg8 r=0
26353,0,0,-26168,0,0,51034,0,0,-156136,0,0,151775,0,0,-37912,0,0,3658,0,0,-104,0,0,1 # cft deg8 r=0
12663,0,0,84780,0,0,154062,0,0,20520,0,0,10215,0,0,-1008,0,0,-98,0,0,8,0,0,1 # cft deg8 r=0
30016,0,0,614912,0,0,4781440,0,0,6366080,0,0,2923048,0,0,-32416,0,0,15904,0,0,-148,0,0,1 # cft deg8 r=0
346059,0,0,-660528,0,0,-1994706,0,0,2450304,0,0,7961715,0,0,5247648,0,0,1037746,0,0,-1316,0,0,1 # cft deg8 r=0
5779648,0,0,60851456,0,0,177907456,0,0,16957568,0,0,27924352,0,0,-1447360,0,0,29728,0,0,-280,0,0,1 # cft deg8 r=0
2438289,0,0,1590408,0,0,501436,0,0,108744,0,0,22038,0,0,3224,0,0,348,0,0,24,0,0,1 # cft deg8 r=0
13149,0,0,-5940,0,0,51354,0,0,72252,0,0,48879,0,0,7668,0,0,190,0,0,-16,0,0,1 # cft deg8 r=0
10476,-26568,147096,-291168,838026,-1607040,3177036,-4121496,4910193,-3956364,3028158,-1451952,943587,-405360,142218,-44064,-1170,2340,106,-72,135,-8,-18,0,1 # cft deg8 r=0
507,0,0,-10296,0,0,49060,0,0,50592,0,0,18492,0,0,3368,0,0,360,0,0,24,0,0,1 # cft deg8 r=0
876736,0,0,96512,0,0,3119296,0,0,368896,0,0,2473496,0,0,565888,0,0,763096,0,0,-1732,0,0,1 # cft deg8 r=0
54864,0,0,24192,0,0,211248,0,0,144288,0,0,-58068,0,0,-26928,0,0,8260,0,0,176,0,0,1 # cft deg8 r=0
508,0,0,104,0,0,2632,0,0,-1424,0,0,2906,0,0,400,0,0,-20,0,0,-4,0,0,1 # cft deg8 r=0
3484372,0,0,12764296,0,0,46765072,0,0,110361376,0,0,154946734,0,0,2362264,0,0,32584,0,0,64,0,0,1 # cft deg8 r=0
2032,0,0,-5824,0,0,9616,0,0,-9872,0,0,5780,0,0,-1832,0,0,316,0,0,-28,0,0,1 # cft deg8 r=0
174244,0,0,-1188968,0,0,1349824,0,0,3445616,0,0,2942378,0,0,605480,0,0,199888,0,0,-824,0,0,1 # cft deg8 r=0
2032,0,0,-17152,0,0,76816,0,0,-205168,0,0,350788,0,0,64424,0,0,5020,0,0,-124,0,0,1 # cft deg8 r=0
3577,0,0,11336,0,0,16744,0,0,-42752,0,0,31814,0,0,-10472,0,0,1384,0,0,32,0,0,1 # cft deg8 r=0
1216,0,0,25600,0,0,148672,0,0,79936,0,0,23752,0,0,3472,0,0,280,0,0,4,0,0,1 # cft deg8 r=0
513,0,0,-1512,0,0,486,0,0,1944,0,0,711,0,0,-216,0,0,118,0,0,-8,0,0,1 # cft deg8 r=0
13852,0,0,17344,0,0,12448,0,0,23488,0,0,22120,0,0,6424,0,0,1216,0,0,64,0,0,1 # cft deg8 r=0
1543,0,0,1888,0,0,550,0,0,-5156,0,0,769,0,0,1636,0,0,454,0,0,16,0,0,1 # cft deg8 r=0
128700117,0,0,1497731472,0,0,5366011150,0,0,1909153140,0,0,378606723,0,0,-144628,0,0,17466,0,0,-84,0,0,1 # cft deg8 r=0
4766671,0,0,1830212,0,0,1396973062,0,0,13371608,0,0,14663005,0,0,-964600,0,0,31870,0,0,152,0,0,1 # cft deg8 r=0
4766671,0,0,156573244,0,0,1381118338,0,0,-139677176,0,0,9066031,0,0,-204824,0,0,1198,0,0,136,0,0,1 # cft deg8 r=0
128700117,0,0,-209205180,0,0,1188800326,0,0,92199408,0,0,376715193,0,0,-9645928,0,0,97746,0,0,-480,0,0,1 # cft deg8 r=0
100288,0,0,-14336,0,0,540352,0,0,304000,0,0,140344,0,0,5344,0,0,712,0,0,28,0,0,1 # cft deg8 r=0
179389,0,0,785704,0,0,4867474,0,0,499712,0,0,530549,0,0,119840,0,0,23278,0,0,-68,0,0,1 # cft deg8 r=0
523,0,0,-5864,0,0,18202,0,0,6764,0,0,36503,0,0,-9940,0,0,850,0,0,-32,0,0,1 # cft deg8 r=0
1474651,0,0,-2130092,0,0,1588006,0,0,-180776,0,0,19321,0,0,7936,0,0,262,0,0,-8,0,0,1 # cft deg8 r=0
34048,0,0,-310784,0,0,1137280,0,0,-1185664,0,0,444464,0,0,-37984,0,0,1480,0,0,-32,0,0,1 # cft deg8 r=0
14896,0,0,68288,0,0,269392,0,0,254992,0,0,153476,0,0,-12776,0,0,1876,0,0,-4,0,0,1 # cft deg8 r=0
729904,0,0,-913760,0,0,2631952,0,0,1577584,0,0,543436,0,0,-191720,0,0,20236,0,0,-224,0,0,1 # cft deg8 r=0
34048,0,0,80896,0,0,682624,0,0,-550784,0,0,144496,0,0,56608,0,0,18856,0,0,-104,0,0,1 # cft deg8 r=0
729904,0,0,3690400,0,0,6295216,0,0,4418480,0,0,1872476,0,0,316328,0,0,18340,0,0,112,0,0,1 # cft deg8 r=0
11221,0,0,23776,0,0,17194,0,0,116,0,0,707,0,0,68,0,0,190,0,0,-20,0,0,1 # cft deg8 r=0
1603,0,0,-5860,0,0,8290,0,0,-6244,0,0,3265,0,0,-1348,0,0,334,0,0,-28,0,0,1 # cft deg8 r=0
14428,0,0,-57344,0,0,101056,0,0,-93496,0,0,57608,0,0,2552,0,0,544,0,0,4,0,0,1 # cft deg8 r=0
3710719,0,0,13069616,0,0,13697446,0,0,7910896,0,0,18195083,0,0,80392,0,0,11506,0,0,68,0,0,1 # cft deg8 r=0
5075371,0,0,-2300948,0,0,12234214,0,0,-5003192,0,0,414223,0,0,20680,0,0,1126,0,0,-8,0,0,1 # cft deg8 r=0
5075371,0,0,-4643920,0,0,1765126,0,0,368804,0,0,155221,0,0,34508,0,0,2746,0,0,80,0,0,1 # cft deg8 r=0
104517,0,0,565164,0,0,1474048,0,0,-635604,0,0,56022,0,0,2428,0,0,-264,0,0,12,0,0,1 # cft deg8 r=0
142336,0,0,1948672,0,0,8072704,0,0,-8509952,0,0,18804256,0,0,-940736,0,0,14896,0,0,-80,0,0,1 # cft deg8 r=0
189,0,0,1728,0,0,27702,0,0,29916,0,0,13887,0,0,3348,0,0,430,0,0,28,0,0,1 # cft deg8 r=0
147,0,0,1632,0,0,12916,0,0,3288,0,0,-60,0,0,-592,0,0,72,0,0,0,0,0,1 # cft deg8 r=0
144039,0,0,107952,0,0,170452,0,0,-28968,0,0,-2664,0,0,3152,0,0,720,0,0,48,0,0,1 # cft deg8 r=0
448,0,0,-6656,0,0,30016,0,0,-41216,0,0,117064,0,0,-44192,0,0,68632,0,0,76,0,0,1 # cft deg8 r=0
3969,0,0,-19944,0,0,35596,0,0,-24072,0,0,7206,0,0,-1784,0,0,780,0,0,-24,0,0,1 # cft deg8 r=0
21,0,0,-240,0,0,1756,0,0,-2256,0,0,1902,0,0,-304,0,0,108,0,0,0,0,0,1 # cft deg8 r=0
107947,0,0,-223408,0,0,643654,0,0,-734452,0,0,370069,0,0,-84292,0,0,6562,0,0,152,0,0,1 # cft deg8 r=0
2914569,0,0,3828276,0,0,2420442,0,0,829224,0,0,166761,0,0,19728,0,0,1414,0,0,56,0,0,1 # cft deg8 r=0
46521,0,0,-113616,0,0,220320,0,0,-76896,0,0,13158,0,0,-2448,0,0,400,0,0,-32,0,0,1 # cft deg8 r=0
36928,0,0,-37120,0,0,-12032,0,0,197120,0,0,90352,0,0,-41056,0,0,7696,0,0,32,0,0,1 # cft deg8 r=0
15579,0,0,-108108,0,0,199584,0,0,76356,0,0,39132,0,0,36,0,0,2764,0,0,28,0,0,1 # cft deg8 r=0
1323787,0,0,-689420,0,0,-13812002,0,0,20500696,0,0,76895689,0,0,2030632,0,0,30694,0,0,232,0,0,1 # cft deg8 r=0
5362119,0,0,-39114864,0,0,173847142,0,0,-91365996,0,0,17091681,0,0,-1265524,0,0,38058,0,0,-336,0,0,1 # cft deg8 r=0
198597,0,0,471672,0,0,-427022,0,0,-466608,0,0,4420905,0,0,295648,0,0,9630,0,0,156,0,0,1 # cft deg8 r=0
329623,-437472,994770,-556952,65997,607824,-846026,224532,320274,-491828,230670,143028,-198089,23688,60426,-23672,-6804,5832,-362,-720,171,40,-18,0,1 # cft deg8 r=0
115248,0,0,155232,0,0,236512,0,0,162960,0,0,54960,0,0,7144,0,0,1008,0,0,12,0,0,1 # cft deg8 r=0
28812,0,0,176400,0,0,891712,0,0,2225904,0,0,1721040,0,0,-243056,0,0,10944,0,0,-168,0,0,1 # cft deg8 r=0
1741796875,0,0,-1558812500,0,0,583660000,0,0,-124255100,0,0,16739881,0,0,-910064,0,0,11512,0,0,262,0,0,1 # cft deg8 r=0
313117204,-629137704,1300424268,-1252231468,-1813964556,1047809820,1699958188,339492402,-31183965,131063552,69699702,-14150208,-18063923,-7075788,-1863498,844868,1004256,346662,67936,16710,4251,542,60,12,1 # cft deg8 r=0
8317,0,0,-64150,0,0,557822,0,0,244322,0,0,32758,0,0,946,0,0,-106,0,0,-2,0,0,1 # cft deg8 r=0
2852731,0,0,1134974,0,0,-285154,0,0,-84214,0,0,16540,0,0,874,0,0,-214,0,0,-2,0,0,1 # cft deg8 r=0
10835776,0,0,507584,0,0,-413728,0,0,-3611584,0,0,2376088,0,0,-591992,0,0,54776,0,0,286,0,0,1 # cft deg8 r=0
10835776,0,0,-21598976,0,0,14748608,0,0,-4720832,0,0,1052584,0,0,-63352,0,0,1100,0,0,2,0,0,1 # cft deg8 r=0
289261,0,0,-408492,0,0,1385734,0,0,-1249776,0,0,399975,0,0,-37908,0,0,1588,0,0,18,0,0,1 # cft deg8 r=0
13,0,0,-32,0,0,38,0,0,-14,0,0,13,0,0,-10,0,0,8,0,0,-4,0,0,1 # cft deg8 r=0
9613,0,0,-76582,0,0,228880,0,0,-200284,0,0,98557,0,0,-25756,0,0,3916,0,0,-118,0,0,1 # cft deg8 r=0
10279,0,0,52172,0,0,238492,0,0,24554,0,0,4417,0,0,1838,0,0,1126,0,0,62,0,0,1 # cft deg8 r=0
127,0,0,-324,0,0,436,0,0,1296,0,0,708,0,0,0,0,0,-32,0,0,0,0,0,1 # cft deg8 r=0
73108,0,0,-298312,0,0,405020,0,0,-129412,0,0,20284,0,0,9784,0,0,1784,0,0,70,0,0,1 # cft deg8 r=0
10567,0,0,135470,0,0,433730,0,0,-110062,0,0,52027,0,0,-7478,0,0,4016,0,0,-92,0,0,1 # cft deg8 r=0
11179,0,0,42336,0,0,74452,0,0,75546,0,0,47517,0,0,18306,0,0,7114,0,0,162,0,0,1 # cft deg8 r=0
3896137,0,0,709648,0,0,-250972,0,0,-6488,0,0,18493,0,0,-4276,0,0,524,0,0,-34,0,0,1 # cft deg8 r=0
420283,0,0,-208710,0,0,347566,0,0,-72630,0,0,81879,0,0,38286,0,0,6502,0,0,54,0,0,1 # cft deg8 r=0
11359,0,0,43866,0,0,113314,0,0,58536,0,0,83283,0,0,-31320,0,0,7384,0,0,-144,0,0,1 # cft deg8 r=0
81487,0,0,-45864,0,0,38416,0,0,-12528,0,0,6252,0,0,1296,0,0,940,0,0,36,0,0,1 # cft deg8 r=0
11809,0,0,65268,0,0,788998,0,0,-312228,0,0,21147,0,0,3024,0,0,-68,0,0,-18,0,0,1 # cft deg8 r=0
1087668,1548396,3193020,3481704,1328238,-3531276,-6333066,-5565672,-2106567,614790,1978182,2068254,1527309,786186,269244,39528,-15876,-15066,-6624,-1746,-117,126,60,12,1 # cft deg8 r=0
12241,0,0,-34814,0,0,19892,0,0,32986,0,0,14074,0,0,1286,0,0,524,0,0,38,0,0,1 # cft deg8 r=0
13132,0,0,7252,0,0,206192,0,0,98056,0,0,126070,0,0,20132,0,0,3116,0,0,92,0,0,1 # cft deg8 r=0
4504276,0,0,12618676,0,0,18274060,0,0,3485860,0,0,341530,0,0,15064,0,0,406,0,0,10,0,0,1 # cft deg8 r=0
578737,0,0,1238850,0,0,2016022,0,0,1272780,0,0,461643,0,0,84348,0,0,5944,0,0,36,0,0,1 # cft deg8 r=0
2197,0,0,-11284,0,0,25436,0,0,1124,0,0,1789,0,0,28,0,0,74,0,0,-2,0,0,1 # cft deg8 r=0
13699,0,0,12536,0,0,5536,0,0,2126,0,0,691,0,0,218,0,0,64,0,0,8,0,0,1 # cft deg8 r=0
260281,0,0,693826,0,0,1106588,0,0,1103230,0,0,688930,0,0,117710,0,0,6716,0,0,74,0,0,1 # cft deg8 r=0
13699,0,0,39392,0,0,60184,0,0,14330,0,0,4183,0,0,2378,0,0,604,0,0,-28,0,0,1 # cft deg8 r=0
189744849,0,0,-134106840,0,0,-23504418,0,0,21485088,0,0,12063438,0,0,-1471608,0,0,43362,0,0,324,0,0,1 # cft deg8 r=0
19,0,0,-28,0,0,128,0,0,-244,0,0,289,0,0,-152,0,0,236,0,0,10,0,0,1 # cft deg8 r=0
172,0,0,160,0,0,-592,0,0,-1268,0,0,556,0,0,1412,0,0,1118,0,0,20,0,0,1 # cft deg8 r=0
14041,0,0,121536,0,0,2679628,0,0,585900,0,0,180789,0,0,10584,0,0,-14,0,0,-18,0,0,1 # cft deg8 r=0
4816063,0,0,342512,0,0,-416960,0,0,-46402,0,0,10861,0,0,1514,0,0,-62,0,0,-10,0,0,1 # cft deg8 r=0
462241,0,0,-991800,0,0,377302,0,0,188784,0,0,-13926,0,0,-432,0,0,1030,0,0,-36,0,0,1 # cft deg8 r=0
193843,0,0,-641376,0,0,627016,0,0,-101088,0,0,28176,0,0,-432,0,0,220,0,0,36,0,0,1 # cft deg8 r=0
66488149,0,0,5512736,0,0,26817482,0,0,-16698124,0,0,6784882,0,0,66448,0,0,15878,0,0,16,0,0,1 # cft deg8 r=0
27145216,0,0,6447616,0,0,16744448,0,0,2053504,0,0,1993120,0,0,-22528,0,0,1712,0,0,-16,0,0,1 # cft deg8 r=0
18737344,0,0,-88796160,0,0,118617952,0,0,1307232,0,0,111912,0,0,32832,0,0,1948,0,0,-18,0,0,1 # cft deg8 r=0
292771,0,0,-509146,0,0,1073414,0,0,-193762,0,0,286135,0,0,12718,0,0,2504,0,0,88,0,0,1 # cft deg8 r=0
15607,0,0,-63610,0,0,335738,0,0,49670,0,0,-2549,0,0,-314,0,0,128,0,0,-2,0,0,1 # cft deg8 r=0
205520896,0,0,0,0,0,12845056,0,0,0,0,0,172032,0,0,0,0,0,832,0,0,0,0,0,1 # cft deg8 r=0
15967,0,0,-26460,0,0,27580,0,0,-25758,0,0,13281,0,0,3726,0,0,3154,0,0,-54,0,0,1 # cft deg8 r=0
-98512547,-467227620,4646451798,8582104128,3433684569,-4398410151,-6535766705,-4070588478,-1365967908,22413034,182325912,73906191,-32265009,-28226583,-22361346,-4886643,-2577453,-238239,-140787,-4809,-3078,106,6,0,1 # cft deg8 r=6
-98512547,-475338174,19799330175,-18180109480,-57724099323,43441746093,7208983401,4919994354,-6675428061,-618879353,-348453651,324233118,-33948179,4276740,-6927165,823676,89451,-79668,-13196,-3054,288,100,57,0,1 # cft deg8 r=6
6549633427,15240706689,-27447672735,-56390419384,63038710512,126127619595,-9514434386,-44478058569,10304344872,-10765159732,-4528219089,-3727808910,-3820915375,-1825045935,-152705421,-345920788,-64114518,7832223,-98490,-229902,7191,969,-162,0,1 # cft deg8 r=6
6549633427,-12761513088,26273105325,-39576927607,3596831880,-22091690718,-27175099884,49676817261,23350539780,-28004444856,-1921121478,12303488160,-911120465,-2346409905,674929278,246565955,-100107627,9787536,899635,-260496,9594,2000,-267,0,1 # cft deg8 r=6
191305109219,743772337098,844828311663,103140018637,-229499407251,-91686312864,-62194016217,115151203575,21762466839,-147298598247,-16030501074,8542786338,-4662647715,829006347,533458710,-115453193,-9198069,3399372,-40703,-84981,7092,997,-123,0,1 # cft deg8 r=6
191305109219,562694899977,-213773032431,-1221006199737,-24611026266,482145797466,238887550009,175806662106,66125376018,-111818387398,-121164841467,-32585515938,1848102760,1302333753,162745299,79622596,8251512,-2411406,392487,-85560,6498,-924,135,0,1 # cft deg8 r=6
-33405517103,284665198650,1312228828575,-670919519936,-6990128983665,-5036011896897,5526728882994,4986162519471,-2028190936500,-1460405089800,421224285135,24242232285,22867938750,-3107536380,-1548339885,-312551744,-42208143,4485258,1064990,326484,5607,-3326,-558,0,1 # cft deg8 r=6
-33405517103,-86902622982,342018603108,-11429067672,-886725279525,-431396535267,76913931113,-531788767101,-380362608378,1189164919032,810449699880,-135494307297,-234824899812,-5564058684,11160435996,2309146702,-1890571194,193855392,1942740,-181353,-9594,-6097,222,0,1 # cft deg8 r=6
-68540847601,49583020878,213750429345,-337965093153,93116833359,158586911523,-154541913767,40098266847,13448537595,-9867259938,1029219756,520028703,-112140448,-16521216,7344711,-933851,210594,-23742,-17159,1608,1143,-28,-51,0,1 # cft deg8 r=6
-68540847601,-147946083534,-115791984729,-53829044460,-21019257330,-1287261585,4884502329,2991537999,1076297175,171659700,-5602761,-15912234,-26765209,-4234176,-2659959,1003554,-109017,147852,-17055,7704,-3096,243,-54,0,1 # cft deg8 r=6
715933080751,-304581677547,-3155329571940,7221779494561,-5244153355209,-1582809534261,5303597566122,-3348188586837,853840844676,-166017980348,60954324042,-22173271785,4493319410,-610016964,119715903,-29057707,7897203,-420003,-366241,-44571,-5553,-2531,-351,0,1 # cft deg8 r=6
32099387,-3369553851,-13319788212,22664514916,126319225713,7073691435,-264508465156,-102313419447,205774871310,94300831205,-62647013340,-32816753262,-319964399,1876331637,214393518,-9608595,-793938,259038,327882,86640,18162,709,258,0,1 # cft deg8 r=6
13379403375219091,-10128358210564839,-1575038222407755,6254522051128708,-2083625115982536,-2190961097232642,734547965371695,248188026046425,-7240620959208,43083181232300,-2279921764791,-6670533708369,889766573136,7429269102,-16338468501,4043927461,-548527716,6584013,13300542,-2385720,198333,4820,-939,0,1 # cft deg8 r=6
-95947769723981,483197487000165,-929724865136676,736999805362635,28221029309697,-425167721471790,195427793437742,63276986084139,-65906339903190,1625774788062,9728489481885,-1239400377117,-812046185256,114782472636,41881949964,-3134076926,-1122803898,-51846174,-4936574,-884805,-17118,-973,-375,0,1 # cft deg8 r=6
-72794021,-1289926458,-2512645380,-717901089,1804968783,1828277433,797590608,45434175,-203899734,-159886520,-21554907,26060742,9512376,-1989369,-382257,90117,-79965,3933,5077,-852,387,31,-42,0,1 # cft deg8 r=6
-72794021,1178168472,3560217390,5415427584,5075611836,2567264778,1212637369,474897516,-72820485,-129298170,-11537922,-11258244,-3588666,3311832,277164,-158891,117201,-4401,-24350,174,1917,8,-69,0,1 # cft deg8 r=6
103459,924054,3842811,8988209,13762815,16542792,-2046119,-3322584,17843544,11449203,-8499879,2799225,5088642,4822389,574290,-1177599,318024,187461,-33419,-8643,36,-19,24,0,1 # cft deg8 r=6
103459,-1597380,10066527,-35221529,71367153,-92744892,83891794,-62237511,49967064,-39380497,17161818,3246579,-7564711,3090612,-177201,-165964,2349,26676,-7625,-267,333,-47,6,0,1 # cft deg8 r=6
34963589957,-7242060255,-27361023867,109785787280,-20422939593,-1782507114,69847746797,-19774176777,-9059548275,13372632676,-102509166,-2820982482,829333924,-100150782,5663709,8953243,-3358017,159597,81619,-6870,2952,25,-123,0,1 # cft deg8 r=6
675260094861,-4051560569166,10313063266968,-14634649008234,12474421236531,-6094724466006,1062151052112,554867352306,-353122290693,28644768315,30051497016,-3281742216,-5337272412,1890062019,86661333,-155313045,16338429,5004342,-928388,-72867,21015,404,-228,0,1 # cft deg8 r=6
23532741,-362631033,1807295607,-3789250704,2626981023,2069043075,-3779458856,383351337,1993423446,-1018270254,-146277045,231927075,-28729173,-29353593,3225717,4676321,180621,-476604,-87096,12114,6300,537,66,0,1 # cft deg8 r=6
-33287922329,157063721916,-266496865308,49416261806,525593804898,-572117472675,-165658074983,411639606945,-115559672517,-61576400548,44575599813,-7962974685,-1216579640,737458593,-93322530,-11295196,4543866,-218997,-62492,-6414,4167,-25,-87,0,1 # cft deg8 r=6
110079,3302370,16181613,30032613,13875057,-29533248,-44593173,-12130560,17515683,12260997,-3070872,-4957038,-246915,1048518,125307,-177192,-27243,17334,733,-1062,-45,-39,15,0,1 # cft deg8 r=6
3243001,14146650,19742436,-1246542,-32734065,-34242669,-5690351,16409079,16066701,6561184,505107,-900846,-502836,-67467,51435,23419,-3042,-4725,-845,387,144,-15,-12,0,1 # cft deg8 r=6
-1154811885896304373,1113280520132387484,-232913240679481497,143939850856871562,62417662681546410,3807434082389004,3895398328750423,1885101868859721,434149973390160,-9096458702652,-24654365322564,-3114225727938,276848188358,113392048098,6106899825,-1639273340,-152762094,5489028,854277,134262,5760,-1284,-162,0,1 # cft deg8 r=6
144061795311475271,-357560223014505723,5818039537769199,278250875947443038,83992944517254783,-103451955765817761,-35519324574880669,11101168239871308,2885598177900624,370115065822353,110081961918873,-18974507147550,2214509293796,-563286729951,61422882966,-6525854451,732737451,-79574805,5345213,-683157,48483,-2080,351,0,1 # cft deg8 r=6
514672349,-2240646,-1153539063,677230604,324593715,-1015950177,530110728,43085064,-128785752,74701013,78279564,-40179267,40474432,-8686920,6249960,-1319776,434385,-61578,10985,1071,-1035,61,-27,0,1 # cft deg8 r=6
514672349,2775130908,-2338235217,-15233103656,21375680265,5829886116,-9598320796,7319924247,-7344597762,-2207576038,4177245552,-857551302,-309637113,136910208,21936861,-8358425,1253727,30699,459519,1539,2205,905,69,0,1 # cft deg8 r=6
-4276883200,6875794944,163412527104,595745960064,753982823040,-1164045169152,-4073338768192,-3221338175232,1151875342656,-2847451402624,-9244036688736,-1264399824960,-15317774512,21986522352,3225699792,76785832,28134408,5108112,-545492,-121944,-1656,48,6,0,1 # cft deg8 r=6
-35078681067520,60122837090304,-37397565407232,26805424472064,-21037512327168,7647958499328,-5056445063168,2491496865792,-441524072448,-9661406208,-30574949376,-2856268800,-745093888,-2451424512,154423296,-66654016,3169344,3885120,-390416,128064,-16704,712,-132,0,1 # cft deg8 r=6
-319286245,-5331200541,-2932193835,23052568292,7718374605,35515966815,38829621781,-12485475570,4952126556,16933662726,-4911759300,4772641320,-5693828344,2099429871,-515195235,85175922,-14950509,16476795,-4605271,-90357,75510,856,-576,0,1 # cft deg8 r=6
-319286245,-1689354264,3512245905,-859829543,-1477237431,3430960470,-4085297254,1091504667,485837280,-827066728,609258813,-116561853,12449521,238832592,-123113304,101259458,-34075272,17915481,-2464533,681825,-119286,12743,-2154,0,1 # cft deg8 r=6
-75868735,-1130118096,-4406041503,143906377,46334196531,23109917166,-94672736998,-81521772039,50978161089,44325741459,-35179032039,-28146562866,-7237004404,-4139593755,-1521339525,-225309265,-98811795,-20212443,-1265011,-600162,-36801,-76,-2745,0,1 # cft deg8 r=6
75868735,2089568037,18741465747,99791250380,192692194356,102135171564,-31855736454,137050310463,398279140992,47901863270,-356580675126,-89979077484,-23281608549,32661485217,6080015097,-1384964350,-719402253,127886841,-4733360,-1696161,132399,1829,-978,0,1 # cft deg8 r=6
3719711021,-27682152381,52671630024,14736854682,-122605269336,102647044188,-11836065672,-7166798460,1156729437,-8636252652,3033591546,1512901422,-796555152,49266858,59817177,-10965565,29406,399627,24024,-9504,999,465,-36,0,1 # cft deg8 r=6
3719711021,15250135173,16298290242,-13134866741,-23793823827,6197771151,8440894879,-3746709165,-699964929,1356969348,322094409,-161255556,-52118079,4440705,-457254,-3034397,-934917,-64818,-36038,-15330,-1008,-2,-51,0,1 # cft deg8 r=6
20475192281,-225869745384,326052949032,1308144165792,-2316343766586,654632393544,353388807976,-911329637208,-1914060106863,-139800084184,-538387297740,-308688657768,23268728454,40619596128,8426289132,631335552,136786806,27853200,1050632,-2328,17640,-504,-132,0,1 # cft deg8 r=6
30903699937,-261907164210,335504911446,1377418665244,-2272080584982,-446103810270,1214648550316,425650765926,-578582485515,121468324074,-80722306554,56535549750,9368353718,-14546414946,-1065389706,1115076032,94713198,-38808018,-5453614,209316,64980,-48,-546,0,1 # cft deg8 r=6
7203933553,20006706498,19698999588,10110702526,11912679378,6910772688,3082587754,2884375674,953654733,538121836,343662612,64587906,45278474,17306040,1152198,2271018,278280,-316674,-27206,15342,1638,-468,-138,0,1 # cft deg8 r=6
3688413979136,-2199170004480,5460908686848,-87125817702912,-6397399788288,423131208454656,-236176455850240,-585040038743808,512678535592896,190451555752192,-242907977543232,20985639070464,8433584523072,-1614390060096,242240413680,44692120608,1226685552,143913816,16319016,344544,61020,5636,-120,0,1 # cft deg8 r=6
37273888229,-11965918764,72143250966,394130540014,66529841874,-245156881698,513618874422,551910643032,-92817561033,-124129703784,24267807576,11248503642,-2938187450,-291487926,48780090,19825676,-3804462,144468,-38770,-43698,4446,232,-54,0,1 # cft deg8 r=6
-37273888229,-28905064026,174563433774,-252821172736,14196452424,552552745212,-535925604552,-213605228046,500522116599,-111467117650,-133511991990,72544036086,-2671699390,-7548995196,2890455642,-61810692,-188938482,27807984,4260646,-981540,99810,4082,-582,0,1 # cft deg8 r=6
-3615960989060769263,13414943464652632482,-4864613805817403076,-4522633640985633996,3818468284576755468,-1186619408517554244,-1569196790859593228,519085568719488108,498378465116031807,-1906793974795630,-59776937100411810,-13401324815759568,-528268778730408,137594849162418,17250903355122,-1419295115882,-610757666064,-5439719016,7156792530,54139068,1248840,152938,-300,0,1 # cft deg8 r=6
-3186859619156,-8378217647112,-30331264800708,-73139063772164,-224159973545928,-5695496528400,-574643244948768,-19321411403172,10267658108055,-8516598496522,4365859473492,929157588792,-77241754146,-37984650726,-15053882940,-736212488,1682690832,-107256438,-19613304,871488,2394,-4666,-1308,0,1 # cft deg8 r=6
2619640386409,1123512398310,-33473078781120,-100271742230638,10982150768682,239801153689368,91950224926422,-323075493169578,-51930300553173,255602806356020,33870289345506,-50597617290570,-14279393427224,3129644556252,1806660489996,-23242936558,-87862546836,149215086,1627913574,-185382,342396,-81104,24,0,1 # cft deg8 r=6
40095833,2152139310,14611233510,19149762348,-14903109936,-137384683056,-609520222330,-595587860286,352591656309,654750936468,167290633860,-68124391110,-25637484140,3519442560,3536488566,193138376,-163796640,-16007202,10649780,1106106,36738,6658,324,0,1 # cft deg8 r=6
-3133737234091049,-760329252853260,3021508085964336,1334392124901602,-302132896523046,-660467805391944,-72063628700790,74921906188458,28961503041627,-5234498250740,-928550261034,-145380028428,-5166778,23658784536,-12818051244,1868342544,98543844,-41349078,6581444,-1037700,66708,3754,-522,0,1 # cft deg8 r=6
-92940045017,210319202592,-410136084432,449080018122,-186581786364,-67571277642,201277812650,-48261512190,-139771751571,57184640734,30748249590,-13324834152,-1500146836,846087738,-19213344,-8398394,1264746,-14580,-102898,10074,1944,-158,-54,0,1 # cft deg8 r=6
220005662809,-695605437348,578210949180,500600212286,-1540876444560,687283689402,1583972953272,-2265784616172,-523607610249,226345335244,95116382712,17982963414,-3814867414,-2571720252,-49022928,109503806,8322564,-1461780,-289388,-14364,8352,316,-150,0,1 # cft deg8 r=6
-60608381,-123633015,33490782,141128522,26642865,-54997245,72856642,157441464,90779508,-3499139,-20990769,-5388219,2011511,722982,-141237,-104216,-25686,3267,6478,687,-180,-37,-24,0,1 # cft deg8 r=6
44780661,786957606,4222566288,7092618093,3147345234,-2221748514,-1678220289,-594273834,-175687542,126048582,15589854,20394909,9665883,-3986307,220293,-88704,-155052,39663,4873,-2373,1143,-157,-24,0,1 # cft deg8 r=6
167025875,294128961,-497472750,-105023660,644293368,-594589572,271166770,2234412,-51195591,33440026,-13679826,865071,1360883,-53622,-221535,-42874,43308,3294,557,-1443,-18,-38,18,0,1 # cft deg8 r=6
68819561843,177029638734,263209210164,435041428811,481468900104,444370880790,326653455646,179651961567,70792797906,28589536022,11372982411,3587181912,839786654,239394537,-17067645,-7689692,-3726252,-3052188,-381070,-180825,-18081,-5434,-558,0,1 # cft deg8 r=6
-609649753,-2056564803,-928256535,2178507463,1679534424,206911422,-810152624,-145012410,1870371,180955952,59691147,-72158247,-7007573,14698746,468585,-1629152,-77004,153495,-1687,-10299,1440,337,-99,0,1 # cft deg8 r=6
-81403195,497965989,-466164981,-876481105,784543095,1180708218,56775196,-895141467,-595672596,-21629524,92774163,-28444572,-10137643,-9344709,-11680173,-1187390,484020,-527418,-219151,-29967,-1638,-322,-90,0,1 # cft deg8 r=6
-1961627,-6415278,-24474033,113581715,25199238,-304965864,176506132,-49266774,34662519,11399469,-2864907,4044276,-2267895,98037,-176391,122352,-27396,-16362,-5672,1389,522,113,57,0,1 # cft deg8 r=6
-831098423,4084940895,-3429168147,-5859606664,6828495891,-5280087546,279068674,-579994263,-534288474,-52107942,-77978466,-86615028,-48224595,-10027224,678915,658464,-176292,-189729,-27944,4389,927,-235,-75,0,1 # cft deg8 r=6
722349,-6205239,28893960,-66656811,72302352,-27227259,-10323145,15026499,-13420512,8195136,1061937,-3473910,1061088,151692,-154116,51926,-8091,-1512,1089,-684,225,36,-24,0,1 # cft deg8 r=6
-722349,4786650,-10904859,-10110738,54573330,-20580318,-73567268,51538329,43952058,-37356843,-17947683,15029568,5671755,-3785475,-1349622,602318,223155,-58077,-24159,3150,1629,-69,-60,0,1 # cft deg8 r=6
-53815675,197644065,-200770173,-122114348,493083717,-593256393,419026385,-119352771,-90680391,101524517,-61121217,33422211,-13134836,5831520,-2115747,379676,-307647,-2592,-27974,-1383,-1071,-52,3,0,1 # cft deg8 r=6
3502603,24548511,32205771,-84172,-26898993,-19319310,936931,10912560,4370931,-3213521,-1248135,504495,-375903,-157881,154818,-15787,573,2817,-3657,-1764,-522,-137,-48,0,1 # cft deg8 r=6
3502603,51559326,65383695,-168928536,-279109002,-130077090,55510456,128179908,53119746,-12862110,-27751488,-14473134,-2819157,494352,409995,113262,8862,2592,-141,-1098,-54,-36,9,0,1 # cft deg8 r=6
-13880026048209586789,13652827056700508163,4347085146027160392,-3607662103469579992,-1438748752326079626,-75701754946315872,400590066113650110,58661225540385186,-24358551932442906,-9947413370714993,-1184327849409939,944585817135012,46911468642370,-10671760501218,-4855960732887,-32048405221,92716855080,-835631829,-453774525,1812156,1195389,-543,-1710,0,1 # cft deg8 r=6
-377486226552409,-3405062185321485,-3147088640962734,20157319633475809,21651742349659728,3632818771937241,-4028465838871300,-1930214540745324,46185561068850,192247465344425,41244397122843,-159624071613,-4927820492301,-327616839207,36037561401,41828509402,-351230943,-277768764,40397584,-2448165,-279612,19049,-1527,0,1 # cft deg8 r=6
109335090205118817,328941903424150575,417864587576980167,297225533892763162,138882757698686385,51339459863555559,16744539894352557,4356272728230858,876318814803267,148066863698858,7322745860112,-3208704543855,-1585127365556,-393276691350,-73617568308,-8311526029,507992922,223301709,86807690,7830051,180009,-278745,-10293,0,1 # cft deg8 r=6
-1598148331,-19021533726,171289287351,-256692975896,-808577167734,2889148398867,-3560008985182,2997844235604,-1894981013757,946120969093,-320349632583,47122909749,970822693,3188717877,-994963329,-661171603,34815501,89817813,-13091413,1949616,-279612,10695,-1527,0,1 # cft deg8 r=6
-7682818760973,-15322271081229,15720677993160,12990193971470,-16565575597557,2287018945386,5417798963993,-3721739951745,358596845550,1118631110336,-915411190326,293793833484,4768468906,-6069738255,-4507376607,840288759,-503762265,-121928085,2542433,1188111,45171,5981,378,0,1 # cft deg8 r=6
-20087098861059009,51100353991273743,263024861291127,-22010912367150508,13242472034183955,-3819996793458171,182973683765712,270978746366469,-69594474870045,-191004737769,4063068092727,2159630781111,-445982462783,-87235314423,2919054429,1668051521,139531239,-15289875,-456888,-21288,12969,-1175,-12,0,1 # cft deg8 r=6
-3856238941,-11348862954,2381043024,37757524982,36568617672,-4511766348,-20094069151,-4248727965,8419183713,2097551694,-2653236651,-550225197,343906648,112076589,-21045186,-10113927,1218447,421956,-47574,-22893,4608,295,-111,0,1 # cft deg8 r=6
-2373697111802931,-12767508129090789,-18997686235901538,-9439319360728494,49598450999926083,73121471365705749,-63614920458244274,43538277404693424,-19933944138410985,6661146919440560,-1614094685744997,280513621048248,-24151730723823,-1925678133246,527094079308,-1508826639,-5283051585,219670515,10422916,-961449,78444,1206,-435,0,1 # cft deg8 r=6
29005339864423,-174418626237336,348173742252024,-201464541796788,-143380599910197,208632542894640,-169299643761507,265166697620583,-200830906248471,70568780132133,-9176176713381,792562671297,26765537700986,-10969884593235,-3616877172105,2331398281473,630793094442,43738220403,-1034706076,232162722,-5220594,645039,-14055,0,1 # cft deg8 r=6
-2316137126674514027,2921210598419471943,2351653562440705266,24721213184340536394,17971196132857847037,-15711904353327409305,-7319553729347766932,6510080889338101452,1909634219682952302,-114933014347715514,-57219157399299891,-6224921242156827,-1084567246146996,-114214530536829,-4083134958657,-151832506356,11567040108,1578715434,117834510,9941283,405027,14805,1071,0,1 # cft deg8 r=6
-4791777980264228759,10798925331287941614,-10818539692129943514,6090269632013689932,-1947019583364919212,243688374757956393,52291564237445355,-22592609459938857,1116448293384585,697865180812768,-35716658073384,-41653293133149,11237615266477,1423663888158,-421697088711,11829194867,7459342674,-198890208,-64055329,-3319494,-56178,-87439,-9657,0,1 # cft deg8 r=6
24311633199507,-80493412813686,156613890613266,-234637424461242,199387452127212,-28311733938366,-87332615809552,43937089732893,21486670597197,-12961737830629,3010579037940,-1233031320414,923640800730,-421326252816,83501101953,-2886588767,-1202136183,139938138,102675,-851157,53982,1396,-327,0,1 # cft deg8 r=6
4346224733313,-42423283949409,-49337033771970,707833947848762,777474681092289,234511498441611,23427064656687,7411483223625,-5247189692406,-3986246136771,-543341332242,-201191572755,-100802682575,2461658520,-1268376111,-53838523,54869049,-162882,775221,105585,-1935,1201,42,0,1 # cft deg8 r=6
143194734063,-1208240263260,-2332682208423,14018110021933,30037409271102,16764930765036,-36487617404446,-12019633850463,11228422141773,3392669825862,-859805887701,-701652635424,-212571793644,296142046932,-75004925328,12285273287,-5697154698,672536592,94046734,-15731970,565614,-6406,93,0,1 # cft deg8 r=6
-12869401,-131527302,-161856405,3243794,324261153,358378488,271366282,-354313371,-212657625,84270521,29630805,9509895,8492240,-6708252,-4100004,1039029,836772,-73593,-80585,1887,2826,49,-15,0,1 # cft deg8 r=6
-143194734063,1462157445366,4285163721501,-27009208762625,-77488373780079,-77337294521877,-38790398085652,-8412395059365,1548728732934,1673937713619,454795876227,-2382266196,-33257648658,-7056560451,371709594,327449750,24855459,-5375034,-718210,57987,13842,-22,-135,0,1 # cft deg8 r=6
12869401,-341374890,2305977723,-4667155628,-5778298566,11831777937,7876711552,-7090172988,-1344464973,1084830333,-430257960,42294285,-13445429,-27139008,-13422042,9379500,-1215492,124317,486079,-24408,3213,-1157,93,0,1 # cft deg8 r=6
-271956257965019043,-4702108544149632291,7457638580465608080,1117472144367871501,-4740424575799795812,589909846341885120,920361471144840771,-143109431043548235,-65542796155675908,-3400089851841433,3483964957636269,2596395951541863,-797519922375922,-122213654614125,49014235342674,1704462654973,-1507256788716,10236459636,18903395408,-116798976,390573,-266001,660,0,1 # cft deg8 r=6
45072263,182394855,208627569,17169402,-39668139,80683245,112637316,21479754,-22373955,-8658811,1356435,429066,-63633,178074,-5445,-42148,-11505,3672,1611,-309,9,5,-21,0,1 # cft deg8 r=6
-57561970154931,69636950179434,-306594628065891,236096092381248,-441500775029820,303591059080749,-165475112390693,87337245987174,-1204286201100,-11329931434345,1556789656131,192923721126,-98939966212,13407842781,8405855901,-219918294,-306814695,6005043,2714367,-320625,2439,3211,-102,0,1 # cft deg8 r=6
1102059159585579,9926382058131357,28636314125328000,26256502656744167,-28860338616420867,-70086218161010733,-93315958928214076,-442588102935558873,-198649462147529679,-405399969572177926,-182191806857704332,-25844343283386468,-2512779417983254,-297533406045477,-33532741396530,-2301093278472,-152187880197,-8936902062,-480515052,-24832350,-809181,745,-2271,0,1 # cft deg8 r=6
-55990405913,539320913859,712879853634,141025091651,295692234726,396961400511,101454562197,-44408126484,-130802113890,-120925075204,-43898693565,-10084256532,-839102649,1270465083,-7735311,-73676851,33431655,8611263,13543623,2692716,139572,-3079,-264,0,1 # cft deg8 r=6
-56320199417224431,206398616345526150,-260830088711032698,131835278748161601,-4353228640556622,-24382987869402522,11282539495423167,-493404238693683,-1451576666766429,361142590340741,77969932961001,-30968514077949,-1677297433778,1194931672329,-13861874295,-21506585361,1700608131,166438791,-38306846,-936249,281610,1687,-879,0,1 # cft deg8 r=6
-55990405913,-486265485147,-1268016686235,-631761975661,2794633906329,2829296688516,-3365621742830,-2320048631928,2145798182358,-268127139939,-90208864080,45749032200,-14024793272,390654948,573272109,-32995320,-8662047,852705,-68933,-25533,4266,311,-24,0,1 # cft deg8 r=6
-9027989335470937,251436753554431458,2364307805917635435,6525220797251028860,2538792927316340487,15589475818141721652,3195519030156019459,10366360229618209377,3476160196947249867,-10607803188533130427,-3559514985841400460,-219111214707886896,-2237833881649873,1519021128763986,348658575349077,52776494835,-735140468208,-26091824301,111191162,50296308,1532214,-29996,-2097,0,1 # cft deg8 r=6
22223173684950,-33880927106943,13909282409358,-33137971291906,81319105024872,-82668955756419,54546093774967,-43233191198142,47052238368537,-33736649678021,7533621529089,4057548413346,-1604398749753,-1399632157263,1304464778703,-139571583592,7358056980,-9790974,2490585656,-21584133,72279,93553,-297,0,1 # cft deg8 r=0
8668421087438646,10962969408453411,5506376074455042,-2278070309254561,-4544324854231059,-2415624885175941,-267361922127390,394013503699611,267144063620337,84773377320058,22347445464819,3583193216922,579752599579,115282839885,7343782407,-5669888872,-805208613,31491441,14598890,-516525,6633,-3215,270,0,1 # cft deg8 r=0
6381180890595,133088221177947,774105420984714,-3114876253814912,-39709289989228707,-16002721556475822,510522416650583307,213383948802748623,4795088801341248,-5611230453017133,-17467688494722,94806429744465,-1314116957376,-729734807253,43596190575,-4695392760,698639481,-21981447,-1074838,234639,8541,-2727,102,0,1 # cft deg8 r=0
20518019752,-133306633425,743211466524,36792846108379,-309691007100324,-115922452406625,33970484302943811,12568619948940237,3370490421413337,722466857567422,148546825266120,20300814759141,1762316941003,25165349862,-20700419220,-4854851180,-127514916,35573283,231763,-130620,41085,350,-384,0,1 # cft deg8 r=0
4164393929083555420376139328195,-1883771999456918606812495135872,1252345854366231442867349629641,-195196292468224389684452657316,25365368721122835967030884129,2389930837944624980143651917,-2175299909400689796998859383,36542344112313743929476321,74774778797149206860876301,-403547867491418333132512,-1153826997436888956356448,-12473100044769454433397,18126481228180983066596,198473483005065125094,1859644911350836782,-964185520043925624,-22634479071827415,32638908019446,658483209602268,-926154973533,679148127,-50636959,29526,0,1 # cft deg8 r=0
5958549478159066597,15611766392167322907,16962544492701843582,10215966286129365128,3242260981798307049,-708923186369735931,-1375636047955218191,-370895152444830801,267577791480867600,210855434389170023,50237132424648870,1942084099323504,-633840030744872,-50296572049059,13377899974554,2096343747886,133299383082,6980482863,251061472,3346869,105912,-3682,534,0,1 # cft deg8 r=0
44800088066837970944,-373260396929041821696,2236461767487145820160,-5966459930237446695751,13965901421256996403980,-4065884560568063609676,173294078715207843140736,-50628038857830663762996,15128089374190398033717,-1001289397858523733264,214871130192220046676,21833648870773546278,2136609124043024684,164051367674161203,8146620629628381,433753453290913,15818357080809,537167086227,17515996853,307152555,11661975,62248,4752,0,1 # cft deg8 r=0
68473687733752,254699770621275,576405436341042,150638659535652,-81422396533827,-181342668228651,51181951226792,15710556534522,-15421657948191,-8648001532444,9042997733802,1221064129386,-1525585496704,-214426120167,213742430271,15514953240,-18064908162,-228428910,715240835,8721840,402480,42201,-483,0,1 # cft deg8 r=0
544231553108279296,-3992017131956146176,58648015395673546752,51644047843385172573,211453047111494836662,125773401327118171947,377744628090752258536,211294314679591186749,93755582960898457872,-6351967608372273475,-14972311162963656831,-1807750464244741089,503791112181128874,74439535490898786,5099253868319607,121568155641233,-2701022564709,80628900039,21383224625,-134695785,841707,254985,-1248,0,1 # cft deg8 r=0
97880550362229928496,-217532289658148627799,166427757112594722885,-136037371643501860121,171006015404807820873,-97832622205705978845,78141043295057128601,-105976875084483938766,45970349017798143765,717425382555188565,-1242882428807882409,10183227546193479,32472357740729261,185703210301149,321753559686138,-9456176879798,1982864682684,-48927717909,5000616396,-12163761,3680622,55974,1503,0,1 # cft deg8 r=0
1396038394912,4351179000609,11136251743407,33659681312139,15926211745404,-70332161919444,-58672618547555,58504776546612,131026690785717,49904019358883,-5955352775055,-9611223564087,16954508514672,9702113422542,2571391622349,-430371871167,38643952266,-1461433266,5928937315,-85163055,15529383,-198,7800,0,1 # cft deg8 r=0
227874446051,8877193579296,99631429615746,55832417096376,305174400121197,35431587361863,9200620680006481,889903938711630,897121780634691,277365057465736,81061279979919,13297388485662,4566101686885,432716057391,108478212714,4454928751,2595293916,-195528339,35262485,-2296062,35496,-3310,81,0,1 # cft deg8 r=0
13637227936983552,-9554257736159040,2440533395027520,-2287045407593495,1970886073400091,-1278171266351193,725187382596879,-373337292065688,174148416567495,-35036969162585,-7827860595003,-5348534784102,1717332652097,544787595153,407143808532,6942171395,2163670974,20022417,-18872292,-464412,86859,2029,-237,0,1 # cft deg8 r=0
