# IGP24 class field sweep: deg6.
164025,0,-4190130,0,4203409,0,-811226,0,-550820,0,370382,0,-90277,0,2680,0,4653,0,-1518,0,254,0,-24,0,1 # cft deg6 r=8
625,0,-328000,0,2391400,0,-4124720,0,2851086,0,-950380,0,212038,0,-23920,0,-6567,0,1980,0,-42,0,-20,0,1 # cft deg6 r=16
271441,0,-1600322,0,2846585,0,-2003238,0,735508,0,-158490,0,13119,0,1648,0,1665,0,-1246,0,286,0,-28,0,1 # cft deg6 r=12
25,0,-52240,0,-70574,0,467344,0,13119,0,-184288,0,-14372,0,24416,0,2247,0,-1296,0,-78,0,16,0,1 # cft deg6 r=12
2025,0,-47520,0,227464,0,-190160,0,27784,0,8098,0,-9194,0,6000,0,-816,0,-112,0,21,0,-10,0,1 # cft deg6 r=12
81,0,-194724,0,853318,0,-1534538,0,1491229,0,-869396,0,327975,0,-89658,0,20076,0,-3670,0,469,0,-34,0,1 # cft deg6 r=12
81,0,-8424,0,39568,0,-8996,0,-64556,0,23502,0,16850,0,2820,0,-964,0,-780,0,-35,0,14,0,1 # cft deg6 r=12
1,0,-78,0,139,0,46166,0,-150613,0,131730,0,3620,0,-37426,0,5099,0,1748,0,138,0,20,0,1 # cft deg6 r=12
962361,0,-2080386,0,-302953,0,2668718,0,-976617,0,-376582,0,224104,0,-23490,0,-2093,0,364,0,-14,0,-4,0,1 # cft deg6 r=12
81,0,-2538,0,25897,0,-114326,0,273704,0,-358878,0,260651,0,-107336,0,25689,0,-4122,0,502,0,-36,0,1 # cft deg6 r=12
21025,0,-86370,0,58929,0,100604,0,-131410,0,61576,0,-20964,0,7210,0,-2083,0,326,0,-9,0,-6,0,1 # cft deg6 r=8
83521,0,0,0,-2902500,0,0,0,2684910,0,0,0,124218,0,0,0,-2355,0,0,0,-90,0,0,0,1 # cft deg6 r=8
81,0,4572,0,23324,0,-126134,0,-189868,0,133100,0,-43945,0,20824,0,-1096,0,-1282,0,8,0,20,0,1 # cft deg6 r=8
1681,0,-595268,0,34256,0,767490,0,880684,0,417104,0,83907,0,17732,0,1844,0,-230,0,44,0,-20,0,1 # cft deg6 r=8
21025,0,-483120,0,374704,0,-85896,0,140246,0,-115044,0,32862,0,-6312,0,2409,0,-612,0,78,0,-12,0,1 # cft deg6 r=8
1,0,-1452,0,16586,0,-34442,0,342237,0,-243652,0,-79189,0,70422,0,-14748,0,2162,0,-99,0,2,0,1 # cft deg6 r=8
1,0,-308,0,6370,0,12520,0,42055,0,7802,0,-27328,0,-7402,0,-2189,0,-26,0,-5,0,10,0,1 # cft deg6 r=8
625,0,-25550,0,-112159,0,211940,0,460974,0,297332,0,43564,0,286,0,-3519,0,34,0,-13,0,-10,0,1 # cft deg6 r=8
81,0,26748,0,-40024,0,-133488,0,101552,0,174018,0,88982,0,24856,0,2156,0,-128,0,-143,0,-2,0,1 # cft deg6 r=8
570025,0,-1809110,0,928841,0,875380,0,-531888,0,125688,0,-47702,0,4266,0,-1092,0,236,0,8,0,8,0,1 # cft deg6 r=8
841,0,1012,0,-102694,0,115742,0,189681,0,21240,0,-35041,0,-9634,0,1320,0,554,0,33,0,6,0,1 # cft deg6 r=8
3481,0,79712,0,-265578,0,328912,0,-196557,0,58230,0,-11700,0,3194,0,287,0,-190,0,-49,0,6,0,1 # cft deg6 r=8
212521,0,-1447110,0,3307645,0,-3992970,0,3024210,0,-1553230,0,564837,0,-149830,0,29490,0,-4290,0,445,0,-30,0,1 # cft deg6 r=8
3481,0,-197710,0,310645,0,85962,0,-284072,0,54182,0,30619,0,-4392,0,3893,0,-994,0,78,0,-12,0,1 # cft deg6 r=12
21025,0,-331490,0,827481,0,-771070,0,415026,0,-305146,0,187209,0,-42530,0,2034,0,154,0,-39,0,-10,0,1 # cft deg6 r=12
687241,0,-1608890,0,528957,0,343566,0,197352,0,-189910,0,-43257,0,9092,0,6149,0,-34,0,-182,0,-4,0,1 # cft deg6 r=12
156025,0,-901970,0,2219569,0,-3022928,0,2480638,0,-1263844,0,404528,0,-82726,0,11905,0,-1682,0,259,0,-26,0,1 # cft deg6 r=12
81,0,5922,0,-8083561,0,7085218,0,1756277,0,-1464330,0,-317740,0,58008,0,18102,0,1092,0,45,0,14,0,1 # cft deg6 r=8
841,0,-5754,0,-7173,0,92826,0,-112289,0,-16818,0,62980,0,-20502,0,319,0,-204,0,-30,0,12,0,1 # cft deg6 r=8
4096,0,0,0,-225280,0,364544,0,-41984,0,-64512,0,-3648,0,3072,0,640,0,320,0,80,0,12,0,1 # cft deg6 r=8
279841,0,0,0,-1404086,0,0,0,689935,0,0,0,-78900,0,0,0,1135,0,0,0,74,0,0,0,1 # cft deg6 r=8
21025,0,-216410,0,-673359,0,1564444,0,535420,0,-195276,0,-88466,0,11526,0,5120,0,-320,0,-128,0,4,0,1 # cft deg6 r=8
1100401,0,375930,0,484725,0,1466806,0,-979260,0,-884550,0,25311,0,73080,0,7425,0,-994,0,-150,0,0,0,1 # cft deg6 r=8
1,0,-108,0,608,0,2956,0,-6068,0,9366,0,-10362,0,-344,0,-2832,0,-76,0,-83,0,10,0,1 # cft deg6 r=8
1681,0,-35794,0,149451,0,246178,0,-207195,0,-188282,0,-17772,0,-13996,0,-534,0,-64,0,33,0,-2,0,1 # cft deg6 r=8
81,0,-1746,0,6961,0,13560,0,3376,0,-27248,0,-75250,0,23670,0,-6616,0,1024,0,-68,0,0,0,1 # cft deg6 r=8
3481,0,2568,0,-17208,0,22846,0,-35584,0,7008,0,8815,0,-176,0,964,0,-510,0,-200,0,4,0,1 # cft deg6 r=8
21025,0,-255920,0,659524,0,-333620,0,-386154,0,441872,0,-90070,0,-45412,0,11637,0,-716,0,142,0,-8,0,1 # cft deg6 r=8
15625,0,-152000,0,411164,0,-474556,0,259632,0,-57678,0,4034,0,-4708,0,3156,0,-760,0,129,0,-18,0,1 # cft deg6 r=8
6561,0,-484056,0,3561052,0,-3232670,0,590604,0,78608,0,-17529,0,6424,0,-2704,0,126,0,16,0,-12,0,1 # cft deg6 r=8
1,0,-718,0,-827,0,-1082,0,-472,0,7370,0,15,0,2268,0,2645,0,-330,0,-118,0,8,0,1 # cft deg6 r=8
625,0,-13750,0,-11975,0,-22300,0,-48566,0,35680,0,9536,0,5482,0,-743,0,-586,0,-29,0,14,0,1 # cft deg6 r=8
25,0,-2010,0,10361,0,-3862,0,-11340,0,23026,0,-24553,0,13440,0,-4287,0,346,0,6,0,-8,0,1 # cft deg6 r=8
841,0,-24132,0,80686,0,530536,0,555985,0,314532,0,100374,0,16580,0,-1282,0,-692,0,40,0,-8,0,1 # cft deg6 r=8
1681,0,-112220,0,830120,0,-895588,0,-887340,0,-169402,0,614,0,21340,0,6848,0,728,0,-39,0,2,0,1 # cft deg6 r=8
1681,0,23204,0,-550346,0,-322652,0,275131,0,134494,0,9152,0,-19114,0,1851,0,102,0,-81,0,6,0,1 # cft deg6 r=8
81,0,-8892,0,71750,0,-55484,0,-61725,0,-93314,0,-23272,0,-10354,0,935,0,-154,0,35,0,-2,0,1 # cft deg6 r=8
1087525,-470100,-3051980,-11794500,44268376,-42791628,3184696,20437008,-16031940,5218640,2115626,-3084048,721850,313120,-219208,58472,35880,-23196,-5556,3152,681,-188,-46,4,1 # cft deg6 r=8
4247721,0,-15346296,0,20320036,0,-14670116,0,7434828,0,-2874250,0,862526,0,-202880,0,37168,0,-5164,0,521,0,-34,0,1 # cft deg6 r=8
2025,0,-44460,0,-796324,0,1186328,0,-178996,0,-200702,0,6054,0,19312,0,1248,0,-740,0,-35,0,14,0,1 # cft deg6 r=8
841,0,3397276,0,-6219990,0,2777488,0,-68433,0,353902,0,-246320,0,27510,0,2687,0,-858,0,99,0,-2,0,1 # cft deg6 r=8
841,0,-14866,0,-68555,0,133532,0,89822,0,-153992,0,64920,0,-21330,0,5737,0,-1162,0,139,0,-18,0,1 # cft deg6 r=8
102400,0,-389120,0,-4842496,0,-712704,0,1119488,0,249088,0,-148480,0,-10432,0,6560,0,288,0,-108,0,-4,0,1 # cft deg6 r=4
841,0,-1906,0,-35553,0,87270,0,-33747,0,-105086,0,-7028,0,2752,0,1182,0,644,0,109,0,10,0,1 # cft deg6 r=4
3721,0,2138,0,-86287,0,110794,0,-60182,0,12442,0,13361,0,4710,0,2026,0,310,0,81,0,6,0,1 # cft deg6 r=4
1,0,668,0,-504,0,-33804,0,-91540,0,-2854,0,97754,0,40036,0,11120,0,2112,0,257,0,22,0,1 # cft deg6 r=4
625,0,5450,0,-1519,0,-38244,0,-79858,0,128312,0,-91796,0,34886,0,-7647,0,814,0,-13,0,-6,0,1 # cft deg6 r=4
81,0,11646,0,151949,0,60574,0,-499152,0,391658,0,-53789,0,-9492,0,-1731,0,-1146,0,6,0,20,0,1 # cft deg6 r=4
19321,0,-3964,0,-40892,0,-145452,0,35004,0,-9294,0,-15346,0,-6372,0,704,0,-76,0,73,0,-2,0,1 # cft deg6 r=4
3721,0,1095970,0,2383011,0,1372874,0,-396477,0,-745902,0,-320796,0,-59954,0,-2905,0,928,0,230,0,24,0,1 # cft deg6 r=4
841,0,36678,0,339361,0,315892,0,-61412,0,-336320,0,-244266,0,-87698,0,-15480,0,-1092,0,80,0,20,0,1 # cft deg6 r=4
167281,0,-341184,0,436894,0,35588,0,-163635,0,-74896,0,22746,0,-15500,0,6638,0,-1044,0,60,0,-4,0,1 # cft deg6 r=4
21025,0,716760,0,-1317254,0,1494972,0,-686269,0,127662,0,-15412,0,234,0,1079,0,-174,0,7,0,-6,0,1 # cft deg6 r=4
63001,0,456994,0,590411,0,-468662,0,6859,0,40186,0,-14984,0,5678,0,-413,0,-184,0,-34,0,8,0,1 # cft deg6 r=4
19321,0,-48526,0,114321,0,-227608,0,293394,0,-208444,0,75688,0,-9634,0,-1191,0,-978,0,-29,0,-6,0,1 # cft deg6 r=4
81,0,-53406,0,-211955,0,-335840,0,-292794,0,-137464,0,-33044,0,-1702,0,865,0,218,0,51,0,10,0,1 # cft deg6 r=4
81,0,6750,0,-92639,0,-392536,0,138336,0,-11732,0,-15662,0,-19958,0,3292,0,-1268,0,72,0,-16,0,1 # cft deg6 r=4
50625,0,-140850,0,235949,0,-347312,0,159758,0,-52976,0,13528,0,-3574,0,1345,0,-378,0,79,0,-14,0,1 # cft deg6 r=4
6561,0,90396,0,-38070,0,-2899602,0,-380123,0,-591808,0,-81265,0,-39510,0,-6148,0,-258,0,-91,0,-2,0,1 # cft deg6 r=4
3481,0,244302,0,1095441,0,-3207238,0,396202,0,-666458,0,35841,0,-27402,0,-4438,0,138,0,-79,0,-2,0,1 # cft deg6 r=4
1,0,164,0,1908,0,-86518,0,-200228,0,-144560,0,-79249,0,-39120,0,-10380,0,-2114,0,-164,0,8,0,1 # cft deg6 r=4
2025,0,47520,0,227464,0,190160,0,27784,0,-8098,0,-9194,0,-6000,0,-816,0,112,0,21,0,10,0,1 # cft deg6 r=4
841,0,24470,0,214881,0,504244,0,-268154,0,218428,0,-15152,0,-12018,0,-623,0,-298,0,7,0,14,0,1 # cft deg6 r=4
1,0,-124,0,-1884,0,-4148,0,7564,0,5334,0,20666,0,5572,0,3112,0,544,0,121,0,22,0,1 # cft deg6 r=4
63001,0,203218,0,128527,0,-312118,0,-672929,0,-595402,0,-297036,0,-87130,0,-13693,0,-572,0,154,0,24,0,1 # cft deg6 r=4
21025,0,216410,0,-673359,0,-1564444,0,535420,0,195276,0,-88466,0,-11526,0,5120,0,320,0,-128,0,-4,0,1 # cft deg6 r=4
167281,0,-360198,0,324473,0,-140922,0,7520,0,738,0,7959,0,-2644,0,-499,0,-330,0,106,0,-4,0,1 # cft deg6 r=4
912025,0,-3356170,0,6775279,0,-5798206,0,-1447247,0,317862,0,52252,0,-20792,0,7498,0,-824,0,33,0,-10,0,1 # cft deg6 r=4
3481,0,145596,0,-36562,0,-254196,0,-179017,0,-23770,0,26460,0,16318,0,5047,0,1130,0,199,0,22,0,1 # cft deg6 r=4
81,0,-6012,0,-358834,0,-46936,0,93471,0,3798,0,-6256,0,1182,0,531,0,346,0,151,0,22,0,1 # cft deg6 r=4
25,0,10,0,-7399,0,26464,0,-30224,0,-53892,0,29146,0,13466,0,8832,0,2112,0,312,0,28,0,1 # cft deg6 r=4
4096,0,24576,0,1024,0,-20480,0,-2560,0,1536,0,13120,0,-3584,0,-160,0,-480,0,4,0,16,0,1 # cft deg6 r=4
358801,0,1953944,0,-457052,0,-1608412,0,-317080,0,-153254,0,-61682,0,3004,0,-2180,0,412,0,73,0,6,0,1 # cft deg6 r=4
2313441,0,-3495258,0,-672119,0,1027456,0,904,0,-50676,0,-4042,0,-3238,0,-256,0,48,0,16,0,4,0,1 # cft deg6 r=4
5313025,0,-3978480,0,2994354,0,25704,0,99991,0,-53938,0,-28784,0,3794,0,-29,0,350,0,-29,0,-10,0,1 # cft deg6 r=4
36481,0,375054,0,672779,0,-1345246,0,444903,0,-75690,0,-5004,0,10434,0,-2145,0,484,0,-10,0,0,0,1 # cft deg6 r=4
483025,0,511160,0,126366,0,-987410,0,-403471,0,-11776,0,67011,0,24826,0,4928,0,350,0,-3,0,-2,0,1 # cft deg6 r=4
72361,0,-224268,0,-340618,0,-12640,0,20395,0,-78058,0,-46964,0,-9614,0,-1709,0,-466,0,-61,0,2,0,1 # cft deg6 r=4
81,0,0,0,-2612,0,0,0,-6562,0,0,0,-26054,0,0,0,-1507,0,0,0,-42,0,0,0,1 # cft deg6 r=4
81,0,2556,0,-76622,0,-493908,0,355103,0,-67254,0,23032,0,-8226,0,-4217,0,-42,0,-37,0,-6,0,1 # cft deg6 r=4
81,0,4626,0,-23167,0,46886,0,-67376,0,61322,0,-36877,0,14120,0,-3103,0,266,0,-18,0,0,0,1 # cft deg6 r=4
58081,0,871896,0,6656,0,-2120158,0,2399932,0,-1263704,0,406583,0,-95556,0,15992,0,-2102,0,216,0,-16,0,1 # cft deg6 r=4
1,0,-134,0,4213,0,-19406,0,50794,0,-61718,0,6429,0,23822,0,-4886,0,-1066,0,373,0,-34,0,1 # cft deg6 r=16
6561,0,-511758,0,30051,0,208170,0,157195,0,-84898,0,-25080,0,5638,0,1015,0,20,0,6,0,-12,0,1 # cft deg6 r=12
1,0,-30,0,57,0,778,0,-606,0,-4782,0,-6343,0,-538,0,194,0,1022,0,-103,0,-10,0,1 # cft deg6 r=12
1,0,-342,0,7945,0,-26904,0,44142,0,-42664,0,62680,0,-50530,0,18117,0,-3694,0,471,0,-34,0,1 # cft deg6 r=12
1,0,932,0,-63618,0,172592,0,-8109,0,-180922,0,20488,0,22382,0,207,0,-642,0,-125,0,-6,0,1 # cft deg6 r=12
625,0,-83150,0,495799,0,-273030,0,-244315,0,122874,0,20748,0,-16624,0,286,0,864,0,-63,0,-14,0,1 # cft deg6 r=12
36481,0,-342204,0,723612,0,-1013290,0,1617668,0,-1454744,0,720687,0,-221492,0,46352,0,-6854,0,684,0,-40,0,1 # cft deg6 r=12
4096,0,-24576,0,1024,0,20480,0,-2560,0,-1536,0,13120,0,3584,0,-160,0,480,0,4,0,-16,0,1 # cft deg6 r=8
25,0,3070,0,8389,0,-20576,0,-65146,0,-1264,0,51108,0,2310,0,-9791,0,1666,0,-125,0,-6,0,1 # cft deg6 r=8
11881,0,109508,0,-294210,0,13890,0,-126135,0,204328,0,-112533,0,37682,0,-9004,0,1306,0,-55,0,-10,0,1 # cft deg6 r=8
36481,0,48354,0,-239621,0,-85510,0,94815,0,32694,0,-14500,0,-746,0,735,0,-360,0,94,0,-16,0,1 # cft deg6 r=8
1,0,718,0,-827,0,1082,0,-472,0,-7370,0,15,0,-2268,0,2645,0,330,0,-118,0,-8,0,1 # cft deg6 r=8
32041,0,-267238,0,-462383,0,3451854,0,-1432824,0,-303650,0,213903,0,-14640,0,1281,0,-934,0,122,0,-12,0,1 # cft deg6 r=8
22201,0,-77358,0,-538551,0,-403044,0,210288,0,275452,0,106986,0,17318,0,-580,0,-836,0,-160,0,4,0,1 # cft deg6 r=8
625,0,-5750,0,20025,0,-42580,0,63826,0,-66532,0,37212,0,21678,0,-8087,0,794,0,23,0,-14,0,1 # cft deg6 r=8
3481,0,-25870,0,-3399,0,-90124,0,-24134,0,102332,0,-49752,0,13018,0,-3703,0,658,0,7,0,-14,0,1 # cft deg6 r=12
1,0,-232,0,838,0,-6568,0,26277,0,-11720,0,2450,0,-9376,0,254,0,-176,0,164,0,-24,0,1 # cft deg6 r=12
32761,0,-684782,0,3965561,0,-5659248,0,3065048,0,-664292,0,6670,0,19798,0,-952,0,-1428,0,356,0,-32,0,1 # cft deg6 r=12
6561,0,160218,0,941375,0,1093654,0,-63015,0,-436138,0,-87364,0,11744,0,14278,0,-1072,0,-231,0,10,0,1 # cft deg6 r=8
25,0,-770,0,3319,0,33806,0,57985,0,36818,0,3848,0,-2060,0,-1182,0,-432,0,-51,0,-6,0,1 # cft deg6 r=8
3721,0,2169138,0,-1097409,0,-729546,0,745879,0,-259774,0,48568,0,-5302,0,-581,0,512,0,-74,0,-4,0,1 # cft deg6 r=8
1,0,114,0,-3125,0,8670,0,3595,0,29874,0,-100352,0,13514,0,-7109,0,788,0,-70,0,0,0,1 # cft deg6 r=8
11881,0,-352,0,-190586,0,34224,0,-95301,0,-78518,0,2324,0,9414,0,-153,0,62,0,-41,0,-6,0,1 # cft deg6 r=8
1,0,466,0,-7733,0,36870,0,-67011,0,65862,0,-43804,0,18436,0,-5214,0,804,0,-19,0,-18,0,1 # cft deg6 r=8
1681,0,-23204,0,-550346,0,322652,0,275131,0,-134494,0,9152,0,19114,0,1851,0,-102,0,-81,0,-6,0,1 # cft deg6 r=8
1,0,206,0,-9621,0,32478,0,-65789,0,72818,0,-56796,0,39814,0,-8021,0,-1860,0,-102,0,-8,0,1 # cft deg6 r=8
32041,0,-198642,0,555493,0,-842358,0,733138,0,-394650,0,150285,0,-43098,0,9490,0,-1590,0,197,0,-18,0,1 # cft deg6 r=8
625,0,-28650,0,-241391,0,-100314,0,332880,0,26082,0,-20593,0,-14848,0,2173,0,-1154,0,126,0,-16,0,1 # cft deg6 r=8
81,0,-26748,0,-40024,0,133488,0,101552,0,-174018,0,88982,0,-24856,0,2156,0,128,0,-143,0,2,0,1 # cft deg6 r=8
3721,0,198716,0,-1182440,0,1996698,0,-1805748,0,1082332,0,-469485,0,149340,0,-32808,0,4262,0,-196,0,-12,0,1 # cft deg6 r=8
4096,0,-8192,0,-26624,0,10240,0,3840,0,2048,0,1280,0,512,0,240,0,160,0,-104,0,-8,0,1 # cft deg6 r=8
1,0,-136,0,-7110,0,-5620,0,-1925,0,16494,0,28048,0,-906,0,2651,0,-262,0,-5,0,-10,0,1 # cft deg6 r=8
6561,0,-544806,0,-14109239,0,-3758196,0,3330462,0,418900,0,-144080,0,-25966,0,1117,0,874,0,15,0,-18,0,1 # cft deg6 r=8
58081,0,-197600,0,236616,0,-177724,0,135990,0,-86532,0,40110,0,-14892,0,4233,0,-976,0,174,0,-20,0,1 # cft deg6 r=8
249001,0,-4693840,0,-927542,0,-366138,0,340217,0,-126520,0,97387,0,-26586,0,5564,0,-1102,0,157,0,-18,0,1 # cft deg6 r=8
625,0,-10000,0,15350,0,12950,0,2809,0,27160,0,-7001,0,-2554,0,952,0,-142,0,89,0,-18,0,1 # cft deg6 r=8
87025,0,-605120,0,-1049926,0,-117578,0,189853,0,24968,0,-19217,0,-2354,0,3052,0,-782,0,137,0,-18,0,1 # cft deg6 r=8
72361,0,375144,0,-768452,0,339540,0,87390,0,-126676,0,38314,0,68,0,-2139,0,368,0,6,0,-4,0,1 # cft deg6 r=4
962361,0,2080386,0,-302953,0,-2668718,0,-976617,0,376582,0,224104,0,23490,0,-2093,0,-364,0,-14,0,4,0,1 # cft deg6 r=4
81,0,1332,0,2804,0,-2660,0,-24604,0,-43190,0,-31826,0,-464,0,-3952,0,108,0,-123,0,-6,0,1 # cft deg6 r=4
505521,0,134658,0,-176597,0,-76122,0,30353,0,-44594,0,-11184,0,-644,0,-402,0,88,0,53,0,-2,0,1 # cft deg6 r=4
1,0,-758,0,-7565,0,6850,0,148795,0,340826,0,287616,0,113246,0,25743,0,4224,0,514,0,36,0,1 # cft deg6 r=4
25,0,-30,0,-2011,0,-5206,0,-4280,0,-11122,0,-13373,0,-8612,0,-3527,0,-946,0,-154,0,-4,0,1 # cft deg6 r=4
164025,0,4190130,0,4203409,0,811226,0,-550820,0,-370382,0,-90277,0,-2680,0,4653,0,1518,0,254,0,24,0,1 # cft deg6 r=4
81,0,4230,0,-21625,0,44618,0,-64947,0,60358,0,-35376,0,10312,0,-622,0,-556,0,133,0,-18,0,1 # cft deg6 r=4
81,0,-6750,0,-92639,0,392536,0,138336,0,11732,0,-15662,0,19958,0,3292,0,1268,0,72,0,16,0,1 # cft deg6 r=4
331776,0,-1622016,0,3125248,0,-3416064,0,2433024,0,-1208832,0,434560,0,-115200,0,22656,0,-3280,0,340,0,-24,0,1 # cft deg6 r=4
1,0,108,0,608,0,-2956,0,-6068,0,-9366,0,-10362,0,344,0,-2832,0,76,0,-83,0,-10,0,1 # cft deg6 r=4
625,0,-15600,0,-254986,0,-570540,0,-530427,0,-292676,0,-97390,0,-26400,0,-6018,0,-876,0,-116,0,-8,0,1 # cft deg6 r=4
17161,0,82046,0,147761,0,116484,0,9642,0,-63684,0,-57584,0,-21294,0,-3479,0,-370,0,-57,0,2,0,1 # cft deg6 r=4
1,0,90,0,-5073,0,-108698,0,-357881,0,-177714,0,100952,0,4462,0,-10637,0,1624,0,-34,0,-4,0,1 # cft deg6 r=4
136161,0,344214,0,408371,0,199446,0,-321327,0,-532878,0,-244836,0,-28204,0,5022,0,588,0,-123,0,-6,0,1 # cft deg6 r=4
591361,0,-17638984,0,5902340,0,-489922,0,-2545348,0,674232,0,188655,0,-68600,0,-288,0,1682,0,-96,0,-12,0,1 # cft deg6 r=4
15625,0,118750,0,173125,0,11250,0,2450,0,61190,0,17949,0,-6338,0,-3582,0,-310,0,117,0,22,0,1 # cft deg6 r=4
6561,0,484056,0,3561052,0,3232670,0,590604,0,-78608,0,-17529,0,-6424,0,-2704,0,-126,0,16,0,12,0,1 # cft deg6 r=4
2627641,0,-598186,0,2164179,0,-217086,0,-857267,0,-271366,0,14220,0,-4004,0,4018,0,516,0,-171,0,-14,0,1 # cft deg6 r=4
11881,0,70498,0,-133239,0,-262150,0,275434,0,10386,0,-111943,0,-16282,0,3994,0,590,0,-71,0,-10,0,1 # cft deg6 r=4
25,0,3880,0,77254,0,218776,0,-43001,0,-69854,0,3688,0,6454,0,-809,0,-414,0,51,0,18,0,1 # cft deg6 r=4
6561,0,71442,0,16767,0,-258858,0,-47149,0,174118,0,-58512,0,16542,0,-4713,0,1128,0,-10,0,4,0,1 # cft deg6 r=4
1681,0,-827206,0,-1766637,0,-565482,0,-92157,0,-96346,0,18212,0,14186,0,-1077,0,-348,0,18,0,-4,0,1 # cft deg6 r=4
11881,0,216394,0,-64595,0,-203180,0,251200,0,-121216,0,18558,0,3494,0,-1284,0,108,0,-20,0,0,0,1 # cft deg6 r=4
3721,0,-4332,0,8748,0,18568,0,-44908,0,23206,0,-7474,0,-9040,0,596,0,-904,0,117,0,-18,0,1 # cft deg6 r=4
212521,0,612536,0,-1525916,0,-338816,0,1395792,0,-840174,0,140274,0,44216,0,-21088,0,2444,0,-51,0,-14,0,1 # cft deg6 r=4
57121,0,-5480494,0,-3794751,0,-2087656,0,-1097428,0,-531964,0,-159066,0,-14074,0,3812,0,584,0,144,0,-4,0,1 # cft deg6 r=4
410881,0,1067432,0,738552,0,-1396,0,-271164,0,-159490,0,-29762,0,6380,0,4476,0,1056,0,157,0,18,0,1 # cft deg6 r=4
81,0,-8046,0,-748817,0,1073486,0,-802575,0,330574,0,-76636,0,7460,0,-1334,0,-152,0,41,0,-2,0,1 # cft deg6 r=4
6561,0,68526,0,-112679,0,-202188,0,33364,0,33484,0,-4334,0,-558,0,-188,0,-96,0,16,0,-8,0,1 # cft deg6 r=4
81,0,-4626,0,-23167,0,-46886,0,-67376,0,-61322,0,-36877,0,-14120,0,-3103,0,-266,0,-18,0,0,0,1 # cft deg6 r=4
25,0,5840,0,-66374,0,71920,0,62013,0,-81112,0,-3650,0,11480,0,2322,0,-1032,0,-144,0,16,0,1 # cft deg6 r=12
1,0,196,0,3224,0,-30126,0,82444,0,-92136,0,42075,0,-4520,0,-1308,0,182,0,-32,0,8,0,1 # cft deg6 r=12
1,0,22,0,-3947,0,33742,0,-31382,0,-7226,0,9021,0,-526,0,1258,0,122,0,-107,0,2,0,1 # cft deg6 r=12
81,0,39024,0,44632,0,-172184,0,105762,0,-16772,0,-13266,0,13760,0,-6019,0,1908,0,-262,0,4,0,1 # cft deg6 r=8
6561,0,-207036,0,-183546,0,-94626,0,128893,0,440424,0,-10525,0,-81414,0,16968,0,-254,0,-51,0,-14,0,1 # cft deg6 r=8
212521,0,-612536,0,-1525916,0,338816,0,1395792,0,840174,0,140274,0,-44216,0,-21088,0,-2444,0,-51,0,14,0,1 # cft deg6 r=8
164025,0,-1224720,0,2542914,0,-1074276,0,-191381,0,-56854,0,162836,0,-22394,0,5403,0,-1030,0,135,0,-18,0,1 # cft deg6 r=8
32604525,31533300,-64859760,-51192180,29770496,-10409116,-21187044,32463280,23504376,-10629304,-7161886,4097760,2007274,-896584,-310664,176168,49344,-20956,-4744,2176,457,-132,-30,4,1 # cft deg6 r=8
281961,0,-717030,0,-889777,0,-402130,0,67263,0,62170,0,10656,0,-290,0,-697,0,-220,0,-2,0,0,0,1 # cft deg6 r=8
6561,0,65610,0,-217647,0,-44712,0,351022,0,-54100,0,-5788,0,-11534,0,-711,0,122,0,87,0,18,0,1 # cft deg6 r=8
625,0,250300,0,189436,0,-163014,0,-191688,0,-58704,0,26343,0,22284,0,1044,0,-1122,0,-8,0,4,0,1 # cft deg6 r=8
36481,0,-375054,0,672779,0,1345246,0,444903,0,75690,0,-5004,0,-10434,0,-2145,0,-484,0,-10,0,0,0,1 # cft deg6 r=8
6561,0,-26244,0,-95418,0,115506,0,85705,0,-131316,0,17531,0,21942,0,-3504,0,-1550,0,9,0,22,0,1 # cft deg6 r=8
81,0,-29808,0,-76778,0,219850,0,-183995,0,67252,0,-13089,0,3906,0,-1044,0,14,0,-11,0,2,0,1 # cft deg6 r=8
6561,0,-68526,0,-112679,0,202188,0,33364,0,-33484,0,-4334,0,558,0,-188,0,96,0,16,0,8,0,1 # cft deg6 r=8
1681,0,-120204,0,-48830,0,111660,0,-13665,0,5378,0,-3056,0,-598,0,-357,0,2,0,-9,0,2,0,1 # cft deg6 r=8
50625,0,-342450,0,709241,0,-1000150,0,1316164,0,-1066590,0,426171,0,-109268,0,20829,0,-2146,0,226,0,-8,0,1 # cft deg6 r=8
259081,0,-3012446,0,-1190923,0,837130,0,533184,0,-50722,0,-80969,0,2744,0,3861,0,-14,0,-14,0,-12,0,1 # cft deg6 r=8
7392961,0,-37350348,0,9078300,0,-1577282,0,1198260,0,153480,0,-127089,0,-8388,0,5832,0,146,0,-132,0,0,0,1 # cft deg6 r=8
2025,0,5490,0,-74029,0,-101486,0,96851,0,127318,0,28596,0,-15354,0,-6133,0,-8,0,222,0,28,0,1 # cft deg6 r=8
281961,0,-420930,0,-1168145,0,-341990,0,265039,0,183802,0,40288,0,-4890,0,-5801,0,-1396,0,-98,0,8,0,1 # cft deg6 r=8
1,0,-48,0,164,0,3156,0,-8156,0,63658,0,-27686,0,-164,0,-3248,0,-12,0,29,0,6,0,1 # cft deg6 r=8
4096,0,12288,0,-287744,0,-1061888,0,-1117952,0,-230912,0,130560,0,42688,0,288,0,-1008,0,-124,0,8,0,1 # cft deg6 r=8
25,0,-3210,0,91641,0,-139054,0,-313360,0,-100394,0,-25101,0,-1196,0,-1855,0,70,0,42,0,-4,0,1 # cft deg6 r=8
1,0,160,0,596,0,-8606,0,23508,0,-19792,0,-13601,0,20336,0,-3420,0,-962,0,100,0,24,0,1 # cft deg6 r=8
68121,0,-124524,0,-345068,0,-47078,0,139952,0,77868,0,13727,0,-2288,0,-1392,0,-318,0,-32,0,0,0,1 # cft deg6 r=8
841,0,432202,0,-2066367,0,2480068,0,-600230,0,-496804,0,323912,0,-71706,0,12645,0,-958,0,103,0,-2,0,1 # cft deg6 r=4
21025,0,-716760,0,-1317254,0,-1494972,0,-686269,0,-127662,0,-15412,0,-234,0,1079,0,174,0,7,0,6,0,1 # cft deg6 r=4
25,0,-57180,0,177834,0,-266268,0,242655,0,-149880,0,65644,0,-21336,0,5223,0,-940,0,138,0,-12,0,1 # cft deg6 r=4
625,0,0,0,-493650,0,0,0,163269,0,0,0,-28422,0,0,0,1158,0,0,0,-36,0,0,0,1 # cft deg6 r=4
2088025,0,-5485220,0,3009454,0,-1026808,0,237649,0,-94316,0,10982,0,-1132,0,1822,0,268,0,88,0,8,0,1 # cft deg6 r=4
241081,0,3971650,0,-7302051,0,3287852,0,-235316,0,241516,0,-331826,0,18594,0,12128,0,1788,0,116,0,8,0,1 # cft deg6 r=4
3481,0,-262860,0,-1542588,0,-1819142,0,-745096,0,-57876,0,-35513,0,11188,0,868,0,486,0,76,0,4,0,1 # cft deg6 r=4
841,0,24132,0,80686,0,-530536,0,555985,0,-314532,0,100374,0,-16580,0,-1282,0,692,0,40,0,8,0,1 # cft deg6 r=4
93025,0,139210,0,1344641,0,-37750,0,179792,0,-280778,0,95163,0,-37636,0,8613,0,-786,0,18,0,-8,0,1 # cft deg6 r=4
1771561,0,-2488970,0,-102487,0,-32814,0,-54006,0,-53906,0,19513,0,1454,0,-1446,0,306,0,-7,0,-10,0,1 # cft deg6 r=4
50625,0,-39600,0,49064,0,69374,0,-63068,0,17612,0,-8281,0,-3988,0,876,0,-330,0,84,0,-8,0,1 # cft deg6 r=4
714025,0,-1421290,0,-332669,0,524994,0,199355,0,-54486,0,-56896,0,-23214,0,-6505,0,-1200,0,-98,0,4,0,1 # cft deg6 r=4
962361,0,-368352,0,-3310222,0,-2848688,0,-550913,0,439488,0,312988,0,79136,0,5351,0,-864,0,-46,0,16,0,1 # cft deg6 r=4
279841,0,0,0,-53052,0,0,0,83438,0,0,0,66,0,0,0,-1147,0,0,0,-42,0,0,0,1 # cft deg6 r=4
167281,0,54584,0,-184188,0,-324360,0,-288492,0,-133886,0,-36698,0,-5648,0,492,0,344,0,49,0,10,0,1 # cft deg6 r=4
6477025,0,-16059640,0,8575296,0,-4412004,0,-511064,0,296438,0,-130502,0,9612,0,2348,0,-552,0,61,0,6,0,1 # cft deg6 r=4
962361,0,2180124,0,856096,0,-1851020,0,-2423664,0,-1167790,0,-236474,0,-12252,0,1068,0,276,0,133,0,22,0,1 # cft deg6 r=4
25,0,-9470,0,34959,0,-890338,0,369023,0,-117454,0,-34052,0,-6926,0,755,0,-812,0,114,0,-16,0,1 # cft deg6 r=4
87025,0,-448480,0,-3556,0,438816,0,-502632,0,173462,0,3190,0,-10744,0,1152,0,36,0,29,0,-10,0,1 # cft deg6 r=4
87025,0,-411280,0,737564,0,-941568,0,712776,0,-287502,0,55126,0,-20168,0,5344,0,-584,0,69,0,-14,0,1 # cft deg6 r=4
50625,0,234000,0,357500,0,169520,0,-83026,0,-136280,0,-71014,0,-19888,0,-2563,0,264,0,166,0,24,0,1 # cft deg6 r=4
57121,0,-2078170,0,-1518673,0,472186,0,812277,0,201330,0,-22132,0,-11588,0,1614,0,376,0,-87,0,6,0,1 # cft deg6 r=4
87025,0,-354380,0,386954,0,18620,0,-616959,0,130556,0,90058,0,24016,0,-19470,0,3112,0,-148,0,-4,0,1 # cft deg6 r=4
2313441,0,-5025384,0,1894714,0,-947356,0,922671,0,-553970,0,160216,0,-14238,0,-2325,0,462,0,-53,0,2,0,1 # cft deg6 r=4
1,0,-528,0,-4404,0,-4056,0,-4974,0,-74100,0,-82590,0,-18408,0,2937,0,1164,0,114,0,12,0,1 # cft deg6 r=4
841,0,117414,0,-927537,0,-1882490,0,-1378405,0,-586286,0,-184120,0,-34930,0,-1297,0,884,0,222,0,24,0,1 # cft deg6 r=4
81,0,295578,0,-2604139,0,1786304,0,-841414,0,314748,0,-83472,0,20218,0,-3859,0,434,0,-29,0,-2,0,1 # cft deg6 r=4
3481,0,-340206,0,-2757091,0,-5351934,0,-536078,0,-497006,0,13109,0,-5586,0,2002,0,446,0,29,0,14,0,1 # cft deg6 r=4
4096,0,12288,0,-162816,0,-315392,0,-210432,0,-43776,0,320,0,-256,0,-1312,0,-592,0,-76,0,8,0,1 # cft deg6 r=4
1,0,2020,0,38276,0,-615868,0,212252,0,86754,0,9698,0,-17508,0,-4152,0,-780,0,33,0,22,0,1 # cft deg6 r=4
1,0,34,0,161,0,-2034,0,-11742,0,922,0,5665,0,338,0,-2142,0,-186,0,161,0,26,0,1 # cft deg6 r=4
434281,0,-5187046,0,-2575467,0,1990878,0,2242034,0,1104770,0,338477,0,69874,0,8354,0,270,0,5,0,10,0,1 # cft deg6 r=4
93025,0,163240,0,209926,0,23806,0,-25367,0,-40504,0,-14493,0,-5242,0,-708,0,-54,0,13,0,6,0,1 # cft deg6 r=4
81,0,1746,0,6961,0,-13560,0,3376,0,27248,0,-75250,0,-23670,0,-6616,0,-1024,0,-68,0,0,0,1 # cft deg6 r=4
58081,0,812480,0,-856290,0,-997008,0,-465209,0,-73282,0,-5712,0,-74,0,-653,0,-54,0,-33,0,-2,0,1 # cft deg6 r=4
81,0,414,0,3301,0,9032,0,-67236,0,-29944,0,22938,0,-34454,0,-2736,0,1012,0,-124,0,4,0,1 # cft deg6 r=4
2621161,0,-752986,0,174749,0,-941790,0,46980,0,-90074,0,16835,0,-2764,0,1725,0,90,0,74,0,4,0,1 # cft deg6 r=4
1,0,136,0,-7110,0,5620,0,-1925,0,-16494,0,28048,0,906,0,2651,0,262,0,-5,0,10,0,1 # cft deg6 r=4
625,0,39550,0,134611,0,-420090,0,-26717,0,-24062,0,18580,0,4970,0,4767,0,768,0,86,0,16,0,1 # cft deg6 r=4
1681,0,98302,0,369465,0,251720,0,15500,0,-58588,0,-34478,0,-9182,0,-904,0,244,0,120,0,20,0,1 # cft deg6 r=4
81,0,-252,0,-31294,0,111798,0,-249083,0,204568,0,22511,0,-17578,0,-14488,0,-878,0,81,0,2,0,1 # cft deg6 r=8
1,0,-32,0,-14104,0,-435092,0,-676588,0,251598,0,155086,0,-46308,0,-88,0,572,0,-79,0,2,0,1 # cft deg6 r=8
912025,0,273490,0,-722769,0,-556582,0,-10961,0,96362,0,29812,0,-1618,0,-1769,0,-448,0,-6,0,4,0,1 # cft deg6 r=8
81,0,-4662,0,2407,0,21862,0,-1491,0,-12154,0,5632,0,-3280,0,502,0,308,0,-27,0,10,0,1 # cft deg6 r=8
25,0,33920,0,-24876,0,-167656,0,179418,0,8820,0,17282,0,-6232,0,417,0,-476,0,98,0,-12,0,1 # cft deg6 r=8
25,0,910,0,-19,0,-33366,0,-56936,0,87902,0,78963,0,9236,0,-8143,0,-2006,0,-58,0,16,0,1 # cft deg6 r=8
841,0,-27806,0,-156061,0,150462,0,181655,0,66166,0,-40844,0,16270,0,-4417,0,504,0,-70,0,4,0,1 # cft deg6 r=8
11881,0,-216394,0,-64595,0,203180,0,251200,0,121216,0,18558,0,-3494,0,-1284,0,-108,0,-20,0,0,0,1 # cft deg6 r=8
32761,0,398836,0,1119636,0,-544108,0,-1050272,0,-296814,0,31174,0,37336,0,3420,0,-1808,0,-155,0,18,0,1 # cft deg6 r=4
22201,0,-74496,0,-1199754,0,-3273380,0,-3811189,0,-2483490,0,-1010084,0,-262202,0,-40997,0,-3054,0,43,0,22,0,1 # cft deg6 r=4
4096,0,20480,0,-67584,0,165888,0,178432,0,-132864,0,-103552,0,-19392,0,-32,0,720,0,-192,0,8,0,1 # cft deg6 r=4
81,0,4680,0,69968,0,129460,0,43680,0,-75590,0,-47566,0,8300,0,3416,0,-520,0,-79,0,10,0,1 # cft deg6 r=4
143641,0,113922,0,-989701,0,-963614,0,-451603,0,-101378,0,-7168,0,12012,0,4742,0,1396,0,209,0,22,0,1 # cft deg6 r=4
625,0,10250,0,-60675,0,51160,0,-26574,0,-151088,0,-118656,0,-37642,0,-2151,0,878,0,87,0,10,0,1 # cft deg6 r=4
22801,0,13060,0,-11472,0,-97576,0,21014,0,-35608,0,30118,0,-8780,0,4001,0,-2132,0,102,0,-4,0,1 # cft deg6 r=4
1,0,4884,0,-29474,0,-191560,0,-201963,0,13716,0,-7750,0,3460,0,798,0,228,0,52,0,8,0,1 # cft deg6 r=4
25,0,4060,0,-644,0,-59052,0,-150504,0,-172978,0,-109642,0,-39888,0,-7356,0,-80,0,217,0,30,0,1 # cft deg6 r=4
3243601,0,-4159938,0,2285407,0,-941346,0,468489,0,-301258,0,166296,0,-64036,0,16474,0,-2852,0,337,0,-26,0,1 # cft deg6 r=4
2025,0,-6390,0,-3059,0,7036,0,1154,0,80,0,-12164,0,-27410,0,-17659,0,-3710,0,-41,0,26,0,1 # cft deg6 r=4
358801,0,-1016964,0,-1628796,0,668684,0,402056,0,-154530,0,-30434,0,2432,0,3100,0,-768,0,-143,0,2,0,1 # cft deg6 r=4
36481,0,-48354,0,-239621,0,85510,0,94815,0,-32694,0,-14500,0,746,0,735,0,360,0,94,0,16,0,1 # cft deg6 r=4
625,0,-1190500,0,391900,0,1424380,0,-1626864,0,688922,0,-127290,0,5396,0,-4092,0,856,0,-35,0,2,0,1 # cft deg6 r=4
81,0,792,0,3542,0,22046,0,55433,0,29892,0,-157,0,-12498,0,-7212,0,-1914,0,-123,0,22,0,1 # cft deg6 r=4
81,0,3042,0,32921,0,84616,0,22954,0,-99696,0,-63932,0,-20018,0,2289,0,1178,0,131,0,14,0,1 # cft deg6 r=4
81,0,-4050,0,-94289,0,-383118,0,269497,0,83454,0,-9352,0,-46868,0,-10002,0,-760,0,93,0,22,0,1 # cft deg6 r=4
25,0,3230,0,74619,0,-784298,0,-26591,0,-41026,0,-66748,0,-29292,0,-8598,0,-1272,0,13,0,18,0,1 # cft deg6 r=4
4096,0,8192,0,-26624,0,-10240,0,3840,0,-2048,0,1280,0,-512,0,240,0,-160,0,-104,0,8,0,1 # cft deg6 r=4
1,0,2332,0,28356,0,29684,0,-72468,0,-195718,0,-169254,0,-67076,0,-11736,0,-248,0,201,0,26,0,1 # cft deg6 r=4
25,0,-30080,0,-124976,0,-1036804,0,-25644,0,-28922,0,8514,0,780,0,952,0,-92,0,53,0,-6,0,1 # cft deg6 r=4
21025,0,31210,0,-48959,0,144232,0,-152476,0,90068,0,-29938,0,8738,0,-1424,0,68,0,-16,0,-4,0,1 # cft deg6 r=4
3481,0,-23094,0,-77783,0,6666,0,21738,0,20330,0,10905,0,5126,0,1770,0,390,0,73,0,6,0,1 # cft deg6 r=4
57121,0,347588,0,-1933776,0,-430588,0,-3532,0,55850,0,13694,0,5140,0,1508,0,52,0,69,0,-2,0,1 # cft deg6 r=4
1681,0,305612,0,68578,0,-706812,0,-772125,0,-295622,0,-19936,0,13986,0,2211,0,-430,0,-89,0,6,0,1 # cft deg6 r=4
625,0,25550,0,-112159,0,-211940,0,460974,0,-297332,0,43564,0,-286,0,-3519,0,-34,0,-13,0,10,0,1 # cft deg6 r=4
21025,0,-27510,0,-231679,0,-170252,0,22620,0,11468,0,-4186,0,1470,0,912,0,128,0,24,0,8,0,1 # cft deg6 r=4
81,0,90,0,-119,0,13294,0,28788,0,-51142,0,-26961,0,-10184,0,-1435,0,-42,0,130,0,24,0,1 # cft deg6 r=4
1,0,-24,0,-1088,0,-7788,0,-14988,0,-46702,0,19542,0,10232,0,3448,0,832,0,73,0,10,0,1 # cft deg6 r=4
93025,0,-551740,0,523256,0,29446,0,-5200,0,33956,0,22719,0,724,0,2040,0,-150,0,72,0,-4,0,1 # cft deg6 r=4
3721,0,124332,0,253768,0,132066,0,-100068,0,-161484,0,-86317,0,-22864,0,-2552,0,214,0,132,0,20,0,1 # cft deg6 r=4
297025,0,1502860,0,-1635104,0,-3051410,0,-1688696,0,-560880,0,-139349,0,-20608,0,-2816,0,-406,0,36,0,-8,0,1 # cft deg6 r=4
6996025,0,-1232570,0,-7124371,0,-2603078,0,1019696,0,253562,0,-161529,0,66356,0,-20051,0,2742,0,-106,0,-8,0,1 # cft deg6 r=4
81,0,0,0,-572,0,0,0,-15802,0,0,0,-170494,0,0,0,-2227,0,0,0,-82,0,0,0,1 # cft deg6 r=4
625,0,-3798700,0,-3549844,0,-2499786,0,-533392,0,-159376,0,-25937,0,644,0,944,0,282,0,80,0,8,0,1 # cft deg6 r=4
44521,0,181508,0,-365454,0,207902,0,-40979,0,-4392,0,-1693,0,1926,0,-88,0,-54,0,-3,0,6,0,1 # cft deg6 r=4
81,0,1980,0,-62920,0,38024,0,47430,0,-14376,0,31326,0,7020,0,-167,0,564,0,-26,0,4,0,1 # cft deg6 r=4
841,0,18696,0,-520442,0,-1268506,0,-813995,0,-59724,0,22139,0,-1930,0,2376,0,-378,0,-159,0,2,0,1 # cft deg6 r=4
962361,0,-534564,0,1163354,0,-658740,0,64415,0,-151176,0,99020,0,-27336,0,4615,0,-340,0,-6,0,-4,0,1 # cft deg6 r=4
81,0,51678,0,166609,0,190178,0,95052,0,7278,0,-18161,0,-10108,0,-2539,0,-230,0,82,0,24,0,1 # cft deg6 r=4
410881,0,-3503542,0,-5630525,0,-49446,0,2326149,0,1504742,0,564540,0,128488,0,15886,0,964,0,77,0,14,0,1 # cft deg6 r=4
81,0,-601974,0,841901,0,1252002,0,696522,0,182906,0,29413,0,6974,0,1162,0,38,0,-19,0,14,0,1 # cft deg6 r=4
2025,0,-36630,0,179959,0,-475854,0,569615,0,-345526,0,121116,0,-36610,0,7827,0,-1576,0,206,0,-24,0,1 # cft deg6 r=4
1,0,34264,0,2383348,0,3338328,0,-1344776,0,-1811150,0,-196618,0,82544,0,12004,0,-1460,0,-195,0,10,0,1 # cft deg6 r=4
21025,0,-31210,0,-48959,0,-144232,0,-152476,0,-90068,0,-29938,0,-8738,0,-1424,0,-68,0,-16,0,4,0,1 # cft deg6 r=4
81,0,792,0,-3896,0,25300,0,-2018,0,-36392,0,-33410,0,-16620,0,-4727,0,-956,0,-2,0,16,0,1 # cft deg6 r=4
22201,0,-34764,0,-207694,0,1794,0,-49287,0,-45792,0,-29801,0,-10206,0,-4248,0,-858,0,-163,0,6,0,1 # cft deg6 r=4
687241,0,194554,0,-2109997,0,-1836942,0,-208335,0,-46354,0,-38772,0,15644,0,-2030,0,752,0,13,0,6,0,1 # cft deg6 r=4
1265625,0,2423250,0,-2533301,0,-89954,0,-474467,0,-8082,0,22980,0,-1912,0,3630,0,-852,0,37,0,-14,0,1 # cft deg6 r=4
281961,0,-556164,0,68576,0,183748,0,-12240,0,-37022,0,4218,0,-3516,0,156,0,-284,0,93,0,-2,0,1 # cft deg6 r=4
50625,0,39600,0,49064,0,-69374,0,-63068,0,-17612,0,-8281,0,3988,0,876,0,330,0,84,0,8,0,1 # cft deg6 r=4
249001,0,-2606990,0,-3621063,0,-2278764,0,-1030028,0,-374960,0,-115782,0,-28018,0,-5456,0,-804,0,-72,0,-4,0,1 # cft deg6 r=4
81,0,2376,0,13192,0,13176,0,-25392,0,-39930,0,-10210,0,-924,0,2620,0,-240,0,-127,0,6,0,1 # cft deg6 r=4
58081,0,-812480,0,-856290,0,997008,0,-465209,0,73282,0,-5712,0,74,0,-653,0,54,0,-33,0,2,0,1 # cft deg6 r=4
625,0,-55500,0,-28450,0,143120,0,-5349,0,-113978,0,20264,0,15018,0,1659,0,1078,0,27,0,10,0,1 # cft deg6 r=4
1,0,320,0,4272,0,-24338,0,57012,0,-75224,0,56739,0,-25720,0,4380,0,254,0,-120,0,4,0,1 # cft deg6 r=4
25,0,3210,0,91641,0,139054,0,-313360,0,100394,0,-25101,0,1196,0,-1855,0,-70,0,42,0,4,0,1 # cft deg6 r=4
11881,0,34534,0,-231475,0,46820,0,69372,0,-13468,0,-22942,0,-15674,0,-5764,0,-1264,0,-168,0,-4,0,1 # cft deg6 r=4
625,0,-2348400,0,1177344,0,-624398,0,362648,0,-153552,0,57307,0,-21028,0,5364,0,-1166,0,160,0,-16,0,1 # cft deg6 r=4
81,0,-33282,0,31685,0,3140,0,-80624,0,-8968,0,-766,0,1034,0,-160,0,-124,0,-36,0,0,0,1 # cft deg6 r=4
164025,0,-393660,0,-381834,0,-668250,0,-451031,0,-148236,0,-32569,0,-414,0,3828,0,1030,0,57,0,-2,0,1 # cft deg6 r=4
625,0,10000,0,15350,0,-12950,0,2809,0,-27160,0,-7001,0,2554,0,952,0,142,0,89,0,18,0,1 # cft deg6 r=4
25,0,-2440,0,-26114,0,-37936,0,-59257,0,-81782,0,-58008,0,-22422,0,-4505,0,-226,0,91,0,18,0,1 # cft deg6 r=4
6561,0,20898,0,-29459,0,-119400,0,-171640,0,-148432,0,-83010,0,-29698,0,-6480,0,-760,0,-4,0,12,0,1 # cft deg6 r=4
13955525,-60205700,39774550,-22309960,183186589,90796108,158982692,23442704,13575902,-26349996,-14081996,-6438772,-289520,918980,581546,71292,14065,3952,-1478,-692,143,-20,-14,4,1 # cft deg6 r=0
68121,0,413136,0,482824,0,133928,0,26516,0,-7050,0,-9870,0,1604,0,-948,0,672,0,-139,0,14,0,1 # cft deg6 r=0
625,0,12600,0,91734,0,320094,0,585701,0,425424,0,161951,0,41166,0,8068,0,1462,0,213,0,22,0,1 # cft deg6 r=0
7049025,0,5956470,0,3700519,0,2265550,0,892021,0,324138,0,93376,0,21880,0,4594,0,708,0,109,0,10,0,1 # cft deg6 r=0
50625,0,1186650,0,3013369,0,3030902,0,1872050,0,832850,0,278649,0,70634,0,13698,0,2030,0,233,0,18,0,1 # cft deg6 r=0
912025,0,-273490,0,-722769,0,556582,0,-10961,0,-96362,0,29812,0,1618,0,-1769,0,448,0,-6,0,-4,0,1 # cft deg6 r=0
81,0,171954,0,1049351,0,2082786,0,1999653,0,1084642,0,370000,0,88948,0,16898,0,2644,0,321,0,26,0,1 # cft deg6 r=0
58081,0,-131762,0,73725,0,115852,0,47858,0,-121220,0,30124,0,48738,0,-6195,0,2174,0,-29,0,2,0,1 # cft deg6 r=0
15625,0,76000,0,98236,0,21700,0,-26096,0,-5246,0,24034,0,23260,0,10324,0,2544,0,369,0,30,0,1 # cft deg6 r=0
3243601,0,4159938,0,2285407,0,941346,0,468489,0,301258,0,166296,0,64036,0,16474,0,2852,0,337,0,26,0,1 # cft deg6 r=0
164025,0,1224720,0,2542914,0,1074276,0,-191381,0,56854,0,162836,0,22394,0,5403,0,1030,0,135,0,18,0,1 # cft deg6 r=0
281961,0,556164,0,68576,0,-183748,0,-12240,0,37022,0,4218,0,3516,0,156,0,284,0,93,0,2,0,1 # cft deg6 r=0
1,0,268,0,5784,0,34616,0,65436,0,19914,0,25446,0,7048,0,3140,0,640,0,77,0,18,0,1 # cft deg6 r=0
109561,0,655024,0,794422,0,-242402,0,192993,0,254828,0,106379,0,10750,0,2792,0,734,0,41,0,6,0,1 # cft deg6 r=0
81,0,34812,0,-143254,0,261316,0,201799,0,-19546,0,-15692,0,3962,0,4839,0,738,0,71,0,14,0,1 # cft deg6 r=0
22801,0,-13060,0,-11472,0,97576,0,21014,0,35608,0,30118,0,8780,0,4001,0,2132,0,102,0,4,0,1 # cft deg6 r=0
3481,0,195960,0,1069748,0,-541694,0,141444,0,-67708,0,15283,0,11996,0,1808,0,738,0,104,0,8,0,1 # cft deg6 r=0
841,0,55882,0,95299,0,43606,0,14439,0,31478,0,32684,0,14066,0,1647,0,-212,0,34,0,16,0,1 # cft deg6 r=0
7458361,0,15444570,0,14234621,0,8163724,0,3355188,0,1101448,0,306694,0,69946,0,12660,0,1948,0,260,0,24,0,1 # cft deg6 r=0
128881,0,7784064,0,-6430716,0,2174132,0,-550070,0,192316,0,-24974,0,-5180,0,993,0,64,0,90,0,4,0,1 # cft deg6 r=0
3721,0,50684,0,178042,0,266908,0,240063,0,149816,0,67724,0,23000,0,5911,0,1100,0,154,0,12,0,1 # cft deg6 r=0
505521,0,-134658,0,-176597,0,76122,0,30353,0,44594,0,-11184,0,644,0,-402,0,-88,0,53,0,2,0,1 # cft deg6 r=0
6561,0,511758,0,30051,0,-208170,0,157195,0,84898,0,-25080,0,-5638,0,1015,0,-20,0,6,0,12,0,1 # cft deg6 r=0
1,0,64514,0,383755,0,382730,0,173051,0,120886,0,121496,0,72958,0,25195,0,5188,0,626,0,40,0,1 # cft deg6 r=0
331776,0,1585152,0,4904960,0,7704576,0,6682880,0,3467520,0,1139648,0,247680,0,37120,0,4256,0,420,0,32,0,1 # cft deg6 r=0
1661521,0,7779814,0,14891057,0,15646250,0,10312988,0,4606474,0,1466667,0,344252,0,60477,0,7854,0,714,0,40,0,1 # cft deg6 r=0
625,0,2348400,0,1177344,0,624398,0,362648,0,153552,0,57307,0,21028,0,5364,0,1166,0,160,0,16,0,1 # cft deg6 r=0
81,0,1386,0,13037,0,75604,0,237084,0,391880,0,337362,0,147410,0,34784,0,5044,0,532,0,36,0,1 # cft deg6 r=0
25,0,37460,0,291546,0,751090,0,739329,0,306568,0,151899,0,68954,0,16596,0,2186,0,177,0,10,0,1 # cft deg6 r=0
81,0,22392,0,-15784,0,16674,0,-4588,0,4812,0,-1669,0,1684,0,-1036,0,262,0,-44,0,16,0,1 # cft deg6 r=0
109561,0,-431608,0,2069644,0,4940888,0,4860232,0,2850150,0,1064470,0,259648,0,38872,0,3652,0,285,0,14,0,1 # cft deg6 r=0
249001,0,4693840,0,-927542,0,366138,0,340217,0,126520,0,97387,0,26586,0,5564,0,1102,0,157,0,18,0,1 # cft deg6 r=0
1079521,0,1372546,0,375951,0,97990,0,-98109,0,49498,0,13600,0,-1250,0,99,0,-324,0,22,0,0,0,1 # cft deg6 r=0
7049025,0,2456640,0,2786456,0,969940,0,404056,0,151506,0,37714,0,13160,0,2504,0,576,0,101,0,10,0,1 # cft deg6 r=0
1,0,232,0,838,0,6568,0,26277,0,11720,0,2450,0,9376,0,254,0,176,0,164,0,24,0,1 # cft deg6 r=0
50625,0,342450,0,709241,0,1000150,0,1316164,0,1066590,0,426171,0,109268,0,20829,0,2146,0,226,0,8,0,1 # cft deg6 r=0
68121,0,233964,0,452440,0,474116,0,412422,0,281792,0,95742,0,21016,0,6569,0,1296,0,110,0,20,0,1 # cft deg6 r=0
36481,0,150368,0,-36168,0,90466,0,-22128,0,-43144,0,11943,0,7708,0,56,0,-378,0,-20,0,20,0,1 # cft deg6 r=0
1798281,0,7303572,0,10388432,0,7295402,0,3213660,0,1039572,0,262671,0,53100,0,9476,0,1334,0,144,0,16,0,1 # cft deg6 r=0
177241,0,508114,0,-199331,0,186904,0,-13312,0,42084,0,-4250,0,5226,0,808,0,556,0,84,0,16,0,1 # cft deg6 r=0
19321,0,108538,0,317787,0,358786,0,123409,0,38998,0,2096,0,1576,0,94,0,192,0,17,0,6,0,1 # cft deg6 r=0
281961,0,717030,0,-889777,0,402130,0,67263,0,-62170,0,10656,0,290,0,-697,0,220,0,-2,0,0,0,1 # cft deg6 r=0
57121,0,3459778,0,2914901,0,2026328,0,203742,0,62528,0,-47744,0,1042,0,-1023,0,502,0,11,0,2,0,1 # cft deg6 r=0
6561,0,29970,0,25757,0,-17196,0,10544,0,9640,0,-1770,0,-1878,0,96,0,580,0,196,0,24,0,1 # cft deg6 r=0
1,0,82,0,1433,0,11866,0,67132,0,225466,0,191283,0,41716,0,9553,0,1734,0,202,0,20,0,1 # cft deg6 r=0
12640525,72173900,191430420,298343400,280910206,118447572,-72265264,-145832912,-81109885,8964160,33545526,12563472,-2682820,-2714000,-130598,270132,26355,-18996,854,2512,131,-168,-26,4,1 # cft deg6 r=0
15625,0,152000,0,411164,0,474556,0,259632,0,57678,0,4034,0,4708,0,3156,0,760,0,129,0,18,0,1 # cft deg6 r=0
25,0,2290,0,1171,0,-18402,0,48561,0,-28498,0,-12052,0,11472,0,1674,0,820,0,277,0,30,0,1 # cft deg6 r=0
483025,0,377130,0,79609,0,168560,0,242724,0,146772,0,36014,0,2182,0,-72,0,240,0,28,0,-4,0,1 # cft deg6 r=0
44521,0,352862,0,1004957,0,1320496,0,917778,0,451492,0,168988,0,43562,0,9213,0,1286,0,167,0,22,0,1 # cft deg6 r=0
20985561,0,69112314,0,91871323,0,70036210,0,36188489,0,12386470,0,2867104,0,504420,0,77254,0,9940,0,893,0,46,0,1 # cft deg6 r=0
26873856,0,0,0,14017536,0,0,0,2610688,0,0,0,215040,0,0,0,8528,0,0,0,156,0,0,0,1 # cft deg6 r=0
4096,0,0,0,37888,0,0,0,92160,0,0,0,39104,0,0,0,4176,0,0,0,136,0,0,0,1 # cft deg6 r=0
4096,0,0,0,111616,0,0,0,132096,0,0,0,31424,0,0,0,2640,0,0,0,88,0,0,0,1 # cft deg6 r=0
1,0,1138,0,222749,0,1263472,0,2601256,0,2417104,0,1124218,0,293774,0,52168,0,7400,0,764,0,44,0,1 # cft deg6 r=0
1,0,230,0,14337,0,214964,0,867390,0,1064804,0,638736,0,245238,0,63077,0,10306,0,991,0,50,0,1 # cft deg6 r=0
1,0,18624,0,638994,0,1636880,0,1732319,0,1159198,0,499428,0,142366,0,28979,0,4010,0,411,0,30,0,1 # cft deg6 r=0
962361,0,9864198,0,17912197,0,13061436,0,7134026,0,3048900,0,967528,0,245430,0,48061,0,6954,0,707,0,42,0,1 # cft deg6 r=0
36481,0,342204,0,723612,0,1013290,0,1617668,0,1454744,0,720687,0,221492,0,46352,0,6854,0,684,0,40,0,1 # cft deg6 r=0
17161,0,517718,0,379537,0,-720184,0,301976,0,147508,0,58970,0,37054,0,2464,0,580,0,80,0,4,0,1 # cft deg6 r=0
192721,0,199780,0,996412,0,4344230,0,2099068,0,818696,0,221015,0,40036,0,6924,0,1086,0,132,0,24,0,1 # cft deg6 r=0
1771561,0,6149220,0,3183994,0,-2841148,0,-264577,0,638664,0,206476,0,33704,0,5303,0,852,0,154,0,20,0,1 # cft deg6 r=0
42523441,0,121024656,0,146650946,0,98846748,0,39834635,0,9240182,0,882540,0,-103922,0,-35345,0,-1978,0,271,0,34,0,1 # cft deg6 r=0
81,0,2052,0,22516,0,146870,0,581224,0,1236004,0,1290647,0,602312,0,144804,0,19470,0,1484,0,60,0,1 # cft deg6 r=0
4096,0,0,0,106496,0,0,0,334848,0,0,0,273280,0,0,0,29568,0,0,0,356,0,0,0,1 # cft deg6 r=0
4096,0,0,0,579584,0,0,0,871680,0,0,0,137920,0,0,0,7680,0,0,0,164,0,0,0,1 # cft deg6 r=0
531441,0,1889568,0,1850202,0,536544,0,82863,0,-9216,0,-12308,0,-1024,0,1023,0,736,0,282,0,32,0,1 # cft deg6 r=0
81,0,8892,0,71750,0,55484,0,-61725,0,93314,0,-23272,0,10354,0,935,0,154,0,35,0,2,0,1 # cft deg6 r=0
128881,0,4979068,0,3912166,0,622416,0,18475,0,143182,0,-25756,0,9270,0,-937,0,238,0,15,0,2,0,1 # cft deg6 r=0
2025,0,48240,0,62186,0,-189122,0,162341,0,-30812,0,-10397,0,4246,0,-136,0,-66,0,-3,0,6,0,1 # cft deg6 r=0
22801,0,-33940,0,-32638,0,432852,0,-36661,0,62014,0,-24188,0,2870,0,-1049,0,286,0,43,0,-2,0,1 # cft deg6 r=0
4247721,0,15346296,0,20320036,0,14670116,0,7434828,0,2874250,0,862526,0,202880,0,37168,0,5164,0,521,0,34,0,1 # cft deg6 r=0
331776,0,1622016,0,3125248,0,3416064,0,2433024,0,1208832,0,434560,0,115200,0,22656,0,3280,0,340,0,24,0,1 # cft deg6 r=0
93025,0,551740,0,523256,0,-29446,0,-5200,0,-33956,0,22719,0,-724,0,2040,0,150,0,72,0,4,0,1 # cft deg6 r=0
271441,0,263942,0,-139445,0,349906,0,-47567,0,70186,0,16532,0,1424,0,1690,0,-388,0,-83,0,10,0,1 # cft deg6 r=0
229441,0,21930698,0,20424279,0,8226838,0,1735113,0,77058,0,-79128,0,-22156,0,-1006,0,692,0,173,0,18,0,1 # cft deg6 r=0
39803481,0,-8719758,0,-6474215,0,2220876,0,1419532,0,274412,0,99358,0,35598,0,4612,0,864,0,160,0,8,0,1 # cft deg6 r=0
81,0,2304,0,18614,0,72994,0,163961,0,224644,0,190003,0,97282,0,29732,0,5898,0,693,0,42,0,1 # cft deg6 r=0
281961,0,1746504,0,4509418,0,6506192,0,5965533,0,3691328,0,1567534,0,456272,0,90034,0,11808,0,992,0,48,0,1 # cft deg6 r=0
50625,0,1750500,0,16375900,0,29345420,0,18568996,0,6306750,0,1569058,0,299924,0,43264,0,4896,0,421,0,26,0,1 # cft deg6 r=0
32761,0,2146988,0,6150834,0,5863136,0,3736757,0,1786148,0,592734,0,155276,0,30722,0,4364,0,456,0,32,0,1 # cft deg6 r=0
81,0,2538,0,25897,0,114326,0,273704,0,358878,0,260651,0,107336,0,25689,0,4122,0,502,0,36,0,1 # cft deg6 r=0
841,0,163982,0,800913,0,5666184,0,5707426,0,2506100,0,499512,0,27106,0,-6791,0,-642,0,27,0,10,0,1 # cft deg6 r=0
3481,0,91156,0,653454,0,1148900,0,948375,0,472826,0,166860,0,45346,0,9975,0,1870,0,279,0,26,0,1 # cft deg6 r=0
1,0,242,0,4555,0,27950,0,95875,0,165502,0,105872,0,11458,0,6631,0,1064,0,130,0,20,0,1 # cft deg6 r=0
4096,0,81920,0,430080,0,872448,0,935936,0,616704,0,270528,0,82944,0,18240,0,2880,0,320,0,24,0,1 # cft deg6 r=0
1681,0,204528,0,470162,0,324240,0,117235,0,44858,0,16,0,-7006,0,-1229,0,246,0,119,0,18,0,1 # cft deg6 r=0
358801,0,2696842,0,2952011,0,729322,0,-282399,0,-163990,0,9504,0,13696,0,570,0,-356,0,-47,0,6,0,1 # cft deg6 r=0
505521,0,1726128,0,950516,0,-29932,0,39884,0,-22358,0,-630,0,-740,0,352,0,116,0,37,0,6,0,1 # cft deg6 r=0
546121,0,1427698,0,1580831,0,996506,0,419705,0,149766,0,58324,0,22356,0,6470,0,1292,0,197,0,22,0,1 # cft deg6 r=0
6765201,0,-7886232,0,1556186,0,1008552,0,-56977,0,-54512,0,5740,0,13648,0,3743,0,392,0,26,0,8,0,1 # cft deg6 r=0
21025,0,344580,0,534954,0,1274078,0,1562697,0,951512,0,324407,0,68442,0,9624,0,1106,0,173,0,22,0,1 # cft deg6 r=0
81,0,18072,0,213578,0,309242,0,178909,0,48100,0,4303,0,330,0,964,0,498,0,113,0,18,0,1 # cft deg6 r=0
4096,0,0,0,293888,0,0,0,610560,0,0,0,89344,0,0,0,4896,0,0,0,116,0,0,0,1 # cft deg6 r=0
281961,0,1391202,0,701587,0,-730526,0,323451,0,481290,0,253268,0,123910,0,36011,0,5076,0,402,0,28,0,1 # cft deg6 r=0
1957201,0,14014510,0,28094203,0,27527186,0,16334553,0,6568894,0,1868220,0,375696,0,53518,0,5644,0,473,0,30,0,1 # cft deg6 r=0
390625,0,1593750,0,2725625,0,2654750,0,1669000,0,734230,0,242159,0,61956,0,12161,0,1846,0,222,0,20,0,1 # cft deg6 r=0
271441,0,1600322,0,2846585,0,2003238,0,735508,0,158490,0,13119,0,-1648,0,1665,0,1246,0,286,0,28,0,1 # cft deg6 r=0
841,0,174056,0,-319910,0,583280,0,-365225,0,81418,0,5084,0,-3998,0,403,0,182,0,-29,0,2,0,1 # cft deg6 r=0
6561,0,70956,0,244462,0,294204,0,154469,0,48060,0,34882,0,28560,0,13094,0,3384,0,492,0,36,0,1 # cft deg6 r=0
136161,0,1389690,0,4306717,0,3820010,0,692788,0,-305534,0,-105205,0,4856,0,8529,0,2286,0,302,0,24,0,1 # cft deg6 r=0
4096,0,0,0,20480,0,0,0,30720,0,0,0,15808,0,0,0,1920,0,0,0,80,0,0,0,1 # cft deg6 r=0
167281,0,341184,0,436894,0,-35588,0,-163635,0,74896,0,22746,0,15500,0,6638,0,1044,0,60,0,4,0,1 # cft deg6 r=0
81,0,82458,0,262537,0,477238,0,441074,0,255346,0,104985,0,32650,0,7746,0,1390,0,185,0,18,0,1 # cft deg6 r=0
81,0,36396,0,32524,0,8938,0,-17768,0,-1624,0,-841,0,2968,0,804,0,546,0,44,0,12,0,1 # cft deg6 r=0
81,0,18738,0,268699,0,885522,0,1345291,0,1186814,0,659128,0,239574,0,56983,0,8580,0,814,0,44,0,1 # cft deg6 r=0
30145,270985,-332385,-579100,-288769,-91961,762988,775955,222764,-203032,-613356,-386664,111595,212894,71698,-8862,-17975,-8200,-57,1303,316,-63,-29,0,1 # cft deg6 r=8
5,0,-465,-1235,1264,7007,6483,-1376,-6533,-5447,-4533,-10232,-9212,3908,10770,5948,-1420,-2469,-479,146,176,26,-22,-2,1 # cft deg6 r=12
-23269,-158040,-408106,-468692,-43661,694216,1265868,1281531,655046,-260898,-856024,-824895,-411898,-38136,112567,103466,50530,13734,-60,-1903,-854,-166,4,8,1 # cft deg6 r=12
36655,299585,440140,-867540,-1041806,-587354,-507637,-170501,-402766,-67550,438213,30539,-219323,-32085,59302,25637,-5042,-7222,-897,889,262,-44,-27,0,1 # cft deg6 r=8
109955,1196480,5294625,12098785,14721664,8212791,757617,1481046,4892135,2492559,-2735983,-4136258,-1958154,-1474,433862,196930,6850,-27879,-8987,1218,1010,18,-50,-2,1 # cft deg6 r=12
-19729,309246,-1168953,1819503,-1031438,-782721,2248194,-2910888,2902535,-2057798,607205,453670,-571489,229870,-16650,-9635,152,-3211,4258,-1456,-32,87,6,-8,1 # cft deg6 r=12
353195,584900,-1568096,-5186540,-3681131,4850904,10372344,5020125,-3774596,-5193350,-682856,1922037,918734,-338708,-331586,12943,68148,6343,-9010,-1362,774,119,-39,-4,1 # cft deg6 r=4
-3469,-27977,-75197,-129154,-178069,-201859,-216375,-81807,-30852,-115993,-31912,82091,57746,3522,-10827,-480,8886,8021,3565,805,-43,-79,-19,0,1 # cft deg6 r=4
-25,50,-45,-205,456,-3990,28746,3660,-68628,222255,-276066,44041,182826,-185506,43267,62162,-54409,8059,8547,-4030,153,251,-41,-4,1 # cft deg6 r=8
90569,440296,1136955,2283874,3246972,3272864,2729393,1736137,1774136,1134691,523485,214645,49119,30184,36171,10855,9179,3056,-31,263,59,-53,37,-8,1 # cft deg6 r=0
1525,17750,-102115,-15625,589184,1404543,1143273,381075,180473,115264,-22769,-8089,27711,-35493,-73957,-35508,5245,10831,2830,-842,-620,-84,26,10,1 # cft deg6 r=4
-1,23,-156,710,2722,5541,10715,138866,342739,236678,46332,-58780,-167513,-118958,-3504,26612,12657,-2589,-1223,390,423,16,-26,-4,1 # cft deg6 r=4
-331,1078,-3826,-10279,1761,1622,17727,-1466,-4645,-5924,2042,2765,-505,1665,-1667,-2187,963,1018,-157,-159,43,13,-11,-2,1 # cft deg6 r=4
109,-648,7569,-67933,151322,-137865,126725,-152477,101497,-86542,73555,-58611,33436,-18480,-464,19136,-17204,5556,1891,-2286,479,133,-46,-2,1 # cft deg6 r=8
-90989,-949486,-589686,11598996,-4830045,-44562249,12955086,83955071,8548724,-79070821,-37984956,29131181,28291694,1277762,-6723076,-2410714,330453,372880,56251,-14590,-5613,-324,111,20,1 # cft deg6 r=12
-3321,-17982,246240,489645,200106,-8766558,-4355301,26178435,22293718,-33728830,-25841904,10203025,17099322,4737653,-4687661,-3514160,-73462,584208,165731,-5946,-8802,-1010,72,20,1 # cft deg6 r=12
-19111,97590,-220155,258599,-122779,-74152,212256,-361914,549567,-563437,349678,-213385,312107,-403474,294185,-105100,2987,9617,-643,-1519,428,6,-1,-6,1 # cft deg6 r=4
-2725,-101925,-90980,504735,177921,-1344479,246117,2329485,-1064192,-2582318,1306869,1795062,-778094,-802869,263709,243267,-50934,-50595,3736,6483,389,-349,-45,6,1 # cft deg6 r=8
-362749,1588939,-1770543,-2101762,4610471,-106509,-3111699,1390879,388711,-984026,372468,181525,-215862,54882,38143,-35803,3465,5027,-2508,-118,342,-38,-21,4,1 # cft deg6 r=4
-13751,44481,101946,93373,-82616,60379,122829,-50752,-130452,63195,90737,-138820,46703,23573,-12938,-1906,1692,-1370,486,112,-73,20,-6,-2,1 # cft deg6 r=4
10363919,20318903,10727979,1737373,8782907,899088,-12498229,-5088588,1952017,-3377858,-4739025,-430638,1128380,251455,-129212,-35868,74,-4662,-966,1004,401,-20,-34,-2,1 # cft deg6 r=4
25,0,-4869825,0,18807760,0,-35025575,0,38815201,0,-27342676,0,12293845,0,-3409484,0,557230,0,-53167,0,2908,0,-84,0,1 # cft deg6 r=8
210121249,72118306,54700871,76704650,-96418754,-41305714,14791458,-107281534,95753436,-77577766,61401649,-24020958,17233733,-3309654,2815557,-192282,325438,-3316,28736,-334,1810,-56,67,-2,1 # cft deg6 r=0
12951,28662,-14896,-126559,46260,246730,-82779,-317899,98694,275966,-64403,-182527,36610,90009,-18532,-31216,6920,7318,-1709,-1109,266,99,-24,-4,1 # cft deg6 r=0
1,0,7,0,-18,0,-137,0,72,0,239,0,513,0,239,0,72,0,-137,0,-18,0,7,0,1 # cft deg6 r=8
-2459,-14054,-13551,-39189,-7886,-96593,160217,696660,364300,-254789,-392459,-12634,112956,16376,-4214,-1738,-5599,-715,1261,-24,74,0,-22,0,1 # cft deg6 r=8
-131589,-39513,773983,269520,-1385703,-358438,581105,-400570,-151045,-47887,-41833,114556,-106127,39508,-9052,9761,-5360,35,1145,-91,-243,90,2,-6,1 # cft deg6 r=4
1600,-658400,-2488400,-2368000,4967980,18792180,30324415,31508910,23238936,12977211,6291190,3325414,1940401,959116,331330,78364,24535,15164,6515,1021,-274,-131,-5,6,1 # cft deg6 r=4
4304704,8268864,16886176,20177352,20419160,16883156,16419379,18670123,13939267,8825943,7866941,5420234,1786981,333220,306767,193748,8207,-28531,-5574,2259,707,-79,-36,2,1 # cft deg6 r=0
309545,899685,409890,-872700,-710454,362371,113721,-473478,133830,629742,221914,-98900,-29105,9793,-16064,-1984,9479,1179,-2182,-203,310,16,-25,0,1 # cft deg6 r=4
2105,7360,17580,3260,-86661,217135,-365442,295884,-4163,51012,24810,94289,-31275,-47862,-1399,9571,6863,-1878,-1670,83,264,11,-27,0,1 # cft deg6 r=4
1025,1920,48474,1023821,1621039,1333414,-2223710,-1871139,1111736,767913,-25235,-56028,-120748,-40302,28948,14386,2873,-150,-578,-74,110,44,-13,-2,1 # cft deg6 r=4
395,-1010,13281,35123,50635,72,-22773,3389,40378,410,-30795,15095,15240,-6295,-1251,1417,740,453,-216,-86,35,16,3,-2,1 # cft deg6 r=0
809,-6173,32956,-11228,-162236,382732,-417040,228956,-66295,42980,-42447,14973,36231,-22380,12759,8943,-1865,2068,1259,-145,77,59,-17,-2,1 # cft deg6 r=4
-499,9507,-56137,136079,-19490,-370193,577792,-299811,-321,21095,15043,-19742,11160,-1069,-717,-579,582,-98,7,31,7,-22,-4,2,1 # cft deg6 r=4
22069,-67282,1317362,-1466038,-905612,972835,887308,-237401,-541533,-474859,970861,-317475,-190006,154811,14291,-55538,26356,6414,-7523,700,582,-138,8,-4,1 # cft deg6 r=0
3169611,-20341179,55253781,-76654119,49762148,5074046,-32444153,19513205,400429,-6449100,4019799,-716714,-602848,397431,-102219,-4859,32789,-16721,4276,-1002,-54,68,-9,4,1 # cft deg6 r=0
375759,-1667844,2088063,2939943,-13427192,17463783,-1493417,-27922633,46666457,-42074748,24608521,-9854613,2769433,-463171,-76217,91308,-20719,-4187,2392,-242,60,2,-12,2,1 # cft deg6 r=0
32749,-152676,246374,-430603,636635,175312,914279,2247677,2379499,2788290,3389761,2455805,1348797,695187,207829,-3902,-15172,-5694,-2050,-156,-67,-46,10,2,1 # cft deg6 r=0
3646759,10037615,20534204,27855028,27086157,18904198,6766290,-817999,-2598819,-1252001,506190,508309,170602,-105529,-51697,-4133,15000,4722,-2784,-869,472,42,-33,0,1 # cft deg6 r=0
6241,-37473,-68188,-4410,6540,-59883,-58221,31883,69182,-3474,-75300,-52258,-3932,17288,14381,8940,6986,5241,2458,581,-38,-71,-15,0,1 # cft deg6 r=4
1061,-4246,-7977,31819,-28114,-211778,62087,661168,730141,285454,-346291,-602926,-181055,194390,83550,-86312,-65450,-3572,10313,4009,266,-203,-46,2,1 # cft deg6 r=12
-5939,-16363,97192,32396,-500035,523621,448789,-1416610,1142352,8240,-622113,247670,216659,-142076,-106520,129192,-25784,-23742,16920,-4203,-7,263,-50,-2,1 # cft deg6 r=12
2971105,-20269220,26865124,17721603,-88220463,101078307,-58767616,153955617,-458768240,665917741,-496868598,109045604,161154312,-202266273,125142731,-50087852,13323715,-2098740,62095,54057,-12424,931,70,-18,1 # cft deg6 r=4
1024055,6666150,16353539,17246085,2507902,-10650964,-5883480,5947483,7190810,146584,-3259908,-1337224,762895,687055,-47698,-197999,-24290,35408,5840,-4126,-412,301,-2,-10,1 # cft deg6 r=4
-465539,1584966,-356725,-4505578,5505765,2710960,-9351335,3152966,6526456,-5724009,-1281211,3418786,-765433,-925454,509787,78704,-121332,14983,12975,-3949,-440,310,-17,-8,1 # cft deg6 r=8
59859,-984555,1329264,1040337,-1964754,-3411009,-566112,7381509,2594689,-7440119,-2956315,5304351,1088193,-2142739,-197459,512284,25192,-75842,-3514,6897,447,-355,-33,8,1 # cft deg6 r=8
-1525,7395,-31039,-25990,193059,-623010,-759911,3043554,1989338,-5380736,-3695522,3434350,2578047,-1027951,-860594,155927,152573,-12869,-15080,873,861,-77,-33,4,1 # cft deg6 r=4
5195,-28310,-35686,224499,219164,-447686,-694751,-314005,-241817,-308604,-137678,-23291,-20770,8958,34660,20608,-813,-5365,-1606,301,276,14,-15,-4,1 # cft deg6 r=8
1939545,-6395355,1165059,19266561,-19742464,-18997816,39235990,-3052350,-29930377,12845109,12928504,-8583515,-3328881,3175401,305135,-627509,26518,69479,-8892,-4331,917,141,-47,-2,1 # cft deg6 r=4
18405,-209130,999364,-1763752,3140122,-5874921,5756616,-2746235,2229207,-2501577,1007705,-145164,290684,-181743,-5907,7056,12082,-3033,-1420,109,368,-30,-34,2,1 # cft deg6 r=0
-225,2175,11080,-1795,-41186,-25065,32347,20078,-8161,14111,2340,-31335,-4845,24163,3207,-10426,-335,2693,-337,-420,125,41,-18,-2,1 # cft deg6 r=8
-8819,-50196,-91577,-133646,-337654,-429458,-308915,-205075,-127736,582,101783,16147,-62132,-6278,31864,13093,-3997,-5156,-962,809,292,-64,-29,2,1 # cft deg6 r=8
83065725,102548475,281462185,301123285,395761929,359984314,299788783,224356075,133810172,78295931,36118219,15405376,5550191,1440968,270120,-70166,-47946,-19363,-1681,2203,748,-90,-47,2,1 # cft deg6 r=4
-103725,-11175,294515,-15865,5404,-189439,-311807,446210,-357428,450184,-289086,135489,-60789,-11813,24290,-21099,15564,-6117,2314,-808,-42,45,-12,-2,1 # cft deg6 r=4
625,2125,2780,325,-3124,-6426,6806,-10603,17225,-19182,18569,-13931,14695,-16751,11109,-1392,-3526,1527,909,-803,139,51,-23,0,1 # cft deg6 r=0
-83275,718525,-2213550,2586745,220541,-4809735,5887215,-808520,-3148114,2474378,698376,-1164773,-68762,213094,-28629,-430,19164,-6268,-5341,787,685,-28,-41,0,1 # cft deg6 r=4
625,0,-2875,0,6075,0,-8190,0,7991,0,-5680,0,3132,0,-1747,0,914,0,-342,0,84,0,-13,0,1 # cft deg6 r=4
-73379,-469355,-1231238,-1564050,-558118,1104915,1569324,527640,-361029,-383360,-78075,239825,201458,-109065,-134110,24380,42036,-3185,-7454,250,762,-10,-42,0,1 # cft deg6 r=4
2351,-27940,450203,-1068725,4278730,23175160,33072149,20432645,3922917,-1603665,1592023,2746495,-412907,-1741465,-658573,93410,136317,50945,10326,-875,-1320,-290,7,10,1 # cft deg6 r=4
-6499375,22547500,-15913750,-25824375,16387125,107743375,-253001125,294444250,-228827350,129462825,-49444775,3169025,14210785,-14220280,8440125,-3591700,1145801,-261100,28569,6510,-3663,645,-14,-10,1 # cft deg6 r=4
-3161,28208,-65950,105220,-95827,-104757,310003,-199346,28045,-146716,373002,-321356,38237,167496,-164506,66610,42,-13945,6946,-1205,-247,161,-20,-4,1 # cft deg6 r=4
2251,6007,61581,-6394,137039,-107167,135624,-155725,151285,-130398,114605,-100093,43912,-3428,-1306,639,-2084,1450,144,-569,116,73,-18,-4,1 # cft deg6 r=4
-19249,-78659,176021,1109878,1580215,-2889013,744706,281491,-1843726,1889625,1277859,-2190616,-160621,1091947,-143409,-308390,85527,42981,-16970,-2702,1503,62,-62,0,1 # cft deg6 r=8
81,0,1080,0,14076,0,-21138,0,17692,0,-21201,0,14453,0,-8703,0,4468,0,-1605,0,338,0,-33,0,1 # cft deg6 r=8
23711,54008,-198450,-159666,124569,337732,308909,431161,-741657,-722379,311912,201955,-38077,-11505,-3040,8970,-6365,-3264,4050,-704,-280,85,13,-8,1 # cft deg6 r=4
10499,-145328,-1207226,-3996597,-7869411,-10158985,-8353652,-3161285,1687004,3324199,2184026,423132,-486770,-489859,-180057,13972,47067,21004,2299,-1775,-884,-137,14,8,1 # cft deg6 r=4
57879,142131,274126,352536,-243583,128709,-252597,-376336,236010,64008,406023,249746,129218,101820,43779,19792,11727,3535,1076,777,215,15,16,8,1 # cft deg6 r=4
-3656431,36967154,86110348,41948291,113426885,61551278,-54267575,51399784,24934935,-39264041,5115766,18660517,-3679984,-5287045,928929,1062521,-95042,-144917,-2826,11128,1088,-412,-59,6,1 # cft deg6 r=8
-1305,2880,8514,-14730,-16924,12194,22939,-61607,39215,25938,-49928,34153,-7625,721,-764,951,-349,531,-382,56,57,-12,-1,-2,1 # cft deg6 r=4
7195,-11210,157556,-470662,798058,-265662,1627811,-2925972,1233892,888768,-722969,306892,34462,-115822,46190,4512,-7393,3342,-339,-546,170,16,-17,2,1 # cft deg6 r=4
499,535,-9277,18291,-4322,-54411,76774,23833,-108041,43015,49305,-43484,-5180,19295,-2363,-5363,1180,730,-359,-91,31,-16,-8,2,1 # cft deg6 r=8
11939,-15370,-158819,254539,109980,-426686,70604,246930,-14895,-57740,20102,7807,-27344,-21728,11975,-2321,-2035,2225,499,-225,94,27,-21,-2,1 # cft deg6 r=8
-8896,62400,-196224,326032,-206280,-266182,704127,-574237,4718,268660,55210,-438769,372648,-39288,-137549,90845,-6836,-16299,6732,238,-802,165,17,-10,1 # cft deg6 r=4
2389,-135,-4566,21805,-10468,-13147,-10615,37136,3120,-76044,-18507,18508,-25306,-27871,-7146,-5111,-2188,3132,2323,-56,-420,-83,23,10,1 # cft deg6 r=4
-9,522,-477,210,17807,8099,-54456,-30717,94825,49345,-148225,-125529,85061,127551,3817,-53653,-18670,9157,6638,196,-800,-195,13,10,1 # cft deg6 r=8
12109,-121368,417786,-370740,-1549321,5908011,-9651875,8421880,-2595061,-2398553,2858861,-543668,-1053619,936648,-226321,-136871,128763,-38474,-1815,4893,-1351,26,64,-14,1 # cft deg6 r=4
-301221,-1784556,-4899276,-7535283,-4461271,8545825,27976708,42466387,42836148,30989330,16836559,8236503,5727463,5437638,4427722,2591937,1022576,235490,8712,-13193,-4166,-427,41,14,1 # cft deg6 r=4
-325881,805077,2507607,-218553,-3103499,-4616776,-7010863,1811634,13876228,4889083,-9861525,-6243062,3209508,3308359,-252047,-954958,-197818,101872,47166,874,-2857,-484,29,14,1 # cft deg6 r=8
169,767,1512,2249,2879,2279,1216,134,-1944,-2874,-1963,-536,1399,1737,1819,1088,701,308,210,80,48,10,8,2,1 # cft deg6 r=0
523459,4250673,14739708,26974251,25617821,7401651,-9020634,-10133718,-2196918,3397878,2776173,203294,-702179,-375553,68721,85942,18315,-11594,-4842,916,584,-58,-34,2,1 # cft deg6 r=0
4639,-46486,145546,-171010,199739,-54709,8665,-26815,30306,-34127,25853,-2268,232,-460,-3803,931,2128,-660,-555,176,108,-29,-13,2,1 # cft deg6 r=0
-30699,-36855,-78309,-372321,-195542,-595123,-604693,-440428,-247265,-170505,11399,-32187,52000,-26313,32219,-7868,7799,-18,2190,-360,-245,-91,-11,4,1 # cft deg6 r=4
1866281,5948108,2184073,-13056294,-18612508,-3523641,13177599,18312231,13352411,1295510,-8028272,-6801680,-938374,1652732,938957,-2652,-151413,-31478,10921,4289,-158,-231,-17,6,1 # cft deg6 r=4
1,14,-39,-147,1645,-10198,40543,-121133,290548,-570641,937793,-1296198,1501289,-1453889,1153876,-730109,359966,-134623,35684,-5414,-97,309,-60,-2,1 # cft deg6 r=8
-3931,-59448,-315955,-858353,-1318465,-990646,363822,1932127,2280509,968372,-621080,-1135699,-784841,-306819,7068,139976,142435,86907,34065,7868,435,-315,-66,2,1 # cft deg6 r=4
-21025,195700,-765970,1941155,-3704286,5604440,-6700471,6248828,-4324598,1729113,330562,-1040669,700998,-188854,-27986,27766,2217,-4307,-1767,2586,-932,70,42,-12,1 # cft deg6 r=4
20161,-76720,178339,-128197,135635,-16412,249046,-158114,133335,146541,26564,-30601,76282,4972,-3594,1291,4565,-768,-199,15,79,-7,-13,0,1 # cft deg6 r=0
81,891,-11745,-107487,-267750,-281979,-180285,192498,962830,671071,-660639,-781036,41965,280179,84332,-18414,-27040,-8455,2863,1139,213,-53,-41,2,1 # cft deg6 r=16
61,1369,5164,-16567,-127915,-266198,-215449,28497,327413,569886,330437,-334109,-484911,-37769,185030,61019,-32027,-19427,580,2130,303,-60,-27,-2,1 # cft deg6 r=12
-27171,9471,234139,24903,-571201,-120428,596116,203911,-452541,-464777,324920,587553,-106818,-328449,6920,114406,20157,-19408,-6053,1700,755,-61,-44,0,1 # cft deg6 r=12
-168491,-246562,1071217,635057,-2417236,-510081,2771109,-88080,-1715764,257665,645130,-92186,-215721,29032,71989,-19986,-15866,8074,1488,-1630,102,144,-26,-4,1 # cft deg6 r=8
-751489,-235447,2230918,-346925,-1417243,823697,337907,-732118,55836,410407,-80852,-112294,4766,11842,5604,3139,873,-1023,-925,-131,98,61,21,6,1 # cft deg6 r=4
-611631,-1887381,-420795,6451245,15795756,24629454,30551058,28670625,18392928,6189951,-1441202,-3239529,-2005203,-596771,37302,134617,70249,17069,-904,-2401,-883,-110,24,10,1 # cft deg6 r=4
234189,151488,-330192,901122,2164892,-364592,-2693542,-449568,1823931,619014,-810191,-378852,259047,149106,-63177,-41090,12340,8030,-1959,-1084,245,92,-21,-4,1 # cft deg6 r=0
752225,-1444250,5562745,-4640495,-888479,1232903,3368444,1362012,-847550,124712,1527346,142892,-307642,-20445,80953,20818,-1203,3316,2668,207,-313,-99,3,6,1 # cft deg6 r=0
13648871,-71124827,143286929,-155080053,76063037,66160192,-162348840,109739935,13373965,-56825801,19194338,10973597,-8233480,-294409,1527981,-218746,-161479,42212,10541,-4070,-418,251,4,-10,1 # cft deg6 r=8
18125,146250,449350,497350,-701154,-3469795,-6161560,-6592389,-4551332,-2230478,-1097233,-783920,-518852,-226031,-46491,1705,4532,1417,1602,894,317,-40,-35,-2,1 # cft deg6 r=4
-6525,-1090950,8401570,-26197265,39376031,-20335072,-28856608,71167032,-77638635,52487703,-19982335,-515772,6193563,-4255230,1425336,-90567,-135519,54717,-1358,-4738,1010,127,-55,0,1 # cft deg6 r=4
426659,2156912,5272401,8845289,11864702,12895297,10729410,6427036,2591013,559899,-93264,-110710,84550,237885,248998,175309,98531,46805,17607,4193,149,-226,-47,2,1 # cft deg6 r=0
10056889,-58872420,82556838,-77940826,40680525,-20217237,11126473,-9291001,9738578,-6979800,4038680,-1143075,62307,39360,-53827,5646,16613,-7596,1529,-434,117,-33,22,-8,1 # cft deg6 r=4
40531429,135713002,243396834,291625182,251585262,152107537,55454866,2584819,-9992917,-9323359,-4648407,-848052,488232,325559,133805,-9254,-16398,-3183,-348,173,84,56,-8,-6,1 # cft deg6 r=0
27361,792154,1717155,-3676303,-6955881,7964955,8870677,-7238912,-5862511,2784360,2445232,-143781,-689698,-236778,124615,80753,-10683,-10850,-681,483,281,22,-28,-2,1 # cft deg6 r=16
25659,65178,-1792140,-8659626,-6947227,27973237,23633201,-40860566,-20183753,31193404,4406012,-12074023,1257765,2434295,-686894,-275300,111122,15259,-9343,524,591,-115,-34,4,1 # cft deg6 r=12
7351,-89867,-319448,157665,903453,234354,-669932,-362966,29834,97939,129698,21802,-39352,-15992,-5636,3546,3990,48,-671,-362,8,88,38,10,1 # cft deg6 r=8
21051,-97884,329120,-524232,456373,-204624,82351,114048,-37180,42006,83200,-37898,73007,-14468,16468,4544,1307,1604,-17,-358,-34,58,38,10,1 # cft deg6 r=0
-229,1407,1238,-21471,25152,70945,-134339,-59120,188552,42665,-138621,-72104,94523,58980,-59066,-18695,22625,1675,-4745,220,591,-70,-37,4,1 # cft deg6 r=16
31321,125758,-499969,-1803024,222705,3385556,-75014,-2263053,1733912,989090,-2261689,-565367,1253439,295898,-393841,-102096,79307,22388,-10836,-2856,975,180,-50,-4,1 # cft deg6 r=16
-3321,21249,155799,401226,525101,281653,24107,258216,396547,-260402,-882794,-537683,179735,372584,137449,-46631,-56501,-13236,4931,3513,573,-91,-42,-2,1 # cft deg6 r=8
14761,162318,674727,1461300,1945343,1738763,760368,-314260,-496940,-179519,135421,119442,32404,-32376,-9750,-754,5098,-385,-21,-384,136,12,2,-6,1 # cft deg6 r=4
19359,52407,-134865,-289926,469062,533286,-750963,-537228,581051,588775,-468986,-392754,304797,173639,-138823,-53213,44253,8945,-8443,-711,884,21,-47,0,1 # cft deg6 r=12
-48131,36191,2206356,4103778,-6975699,-16629067,-3461171,23774481,14510579,-16158765,-12197686,6377374,5357626,-1593444,-1466660,239094,253341,-20569,-27346,941,1790,-18,-65,0,1 # cft deg6 r=12
3169,-10750,31880,-15572,-34316,21721,34981,-16598,-37684,23030,17709,-986,-31559,18994,10929,-15978,3818,3195,-2045,65,313,-79,-19,6,1 # cft deg6 r=4
-562475,1382550,1047135,-5289280,-3042701,11666970,12595876,-5619290,-13567473,-2742948,6006883,3387477,-1107009,-1304163,5711,271764,31742,-36113,-5979,3253,564,-194,-32,6,1 # cft deg6 r=8
-225,1725,-6745,17320,-28669,23139,11906,-50920,40109,15109,-53698,35325,11083,-29771,13808,4658,-7936,2347,1314,-1009,65,113,-28,-2,1 # cft deg6 r=4
-78418125,130578750,98629875,-262137000,-39637600,283804425,-56438070,-166678540,70885736,56148415,-35759465,-11288547,10657594,1277967,-2114924,-38962,291069,-11031,-27591,1737,1726,-103,-64,2,1 # cft deg6 r=4
4549121,16184355,3631793,-37250037,-19532036,39017121,28691578,-18080994,-29924537,12856743,13835620,-6944992,-3115627,2169550,423801,-519226,27365,65406,-12062,-4092,1394,140,-64,-2,1 # cft deg6 r=4
67149,-340362,1002456,-1863918,2125647,-1592280,1443474,-1546131,782035,-552197,518765,-86703,41640,-41341,7417,10760,-2904,3002,-208,-292,37,-64,14,-2,1 # cft deg6 r=4
83025,-183600,838440,-1335855,2346431,-2815980,2493059,-2358638,1616253,-582393,37140,259818,-237218,69604,-2876,-21930,26717,-11850,2148,288,-279,32,12,-4,1 # cft deg6 r=0
280645,-612535,1081575,-949610,1086806,-1597431,1313306,-1225988,1175286,-550605,114686,-190060,244829,-108497,10883,3565,3825,-5320,2678,-316,-261,93,8,-8,1 # cft deg6 r=0
-5148621,22791357,-45492428,17562962,77190249,-115915055,33929536,107731493,-101030805,-32349807,65878526,-5188522,-19915611,5450255,3001741,-1363852,-181430,165119,-5820,-10212,1373,286,-64,-2,1 # cft deg6 r=8
2971,-40426,29164,95239,-113355,13721,136835,-108100,-45587,-37177,16540,155359,-45713,-105329,30633,38836,-9547,-9367,1569,1532,-115,-159,-4,8,1 # cft deg6 r=12
-232031,-2129273,6526313,-8705712,2599615,3457644,1508168,-8696218,2561829,10095341,-8687320,-4471849,6430775,565898,-2138547,131623,378299,-50112,-36978,5944,2032,-305,-64,6,1 # cft deg6 r=4
2400355,-8531900,12426535,-2226250,-15262836,15531863,1253915,-8667639,-295698,7452476,-4119479,-1172791,1991845,-494473,-281963,191788,-12170,-23808,7985,348,-766,157,8,-8,1 # cft deg6 r=4
1257079,1680142,-2665943,-5715331,-697939,5773736,4407669,-2134451,-3809172,-214287,1817994,667332,-560982,-387523,97969,121828,-4305,-22924,-1753,2610,390,-162,-33,4,1 # cft deg6 r=8
-946125,1718250,4154675,-13983450,5130005,23748905,-35246925,11546920,13527301,-11919638,-250853,3262536,-664163,-236272,224811,-31800,-32457,7047,822,-993,158,78,-6,2,1 # cft deg6 r=4
4031,15203,26819,1154,-233103,62218,401426,6867,-396888,-154817,245057,204508,-48131,-106320,-20765,25138,12646,-2075,-2654,-216,286,58,-20,-4,1 # cft deg6 r=4
81,-16767,6723,59022,-291699,-715878,136575,1482528,1340587,35433,-799591,-427479,206942,303858,122345,-3394,-16454,105,128,-829,112,49,-9,2,1 # cft deg6 r=4
-3747049,8450961,12818774,-57285629,56616310,12906504,-69670660,45346525,15675658,-32883253,6831225,10519736,-5485903,-1560151,1729303,-82131,-269417,61212,19509,-8397,-165,434,-34,-8,1 # cft deg6 r=12
-181,812,9819,23531,55145,86866,227644,539191,785276,785815,604042,362343,160301,47565,17479,20514,11625,4359,2814,714,118,50,14,-2,1 # cft deg6 r=4
79,-707,2106,-12127,68842,-103942,-101556,336005,-194397,-148850,211892,-3602,-103868,34123,29464,-18452,-4311,5221,19,-892,107,88,-18,-4,1 # cft deg6 r=8
-16475,13700,-70650,69350,-163415,241280,-11425,231095,113426,-193792,429535,-533338,464825,-290355,187588,-66632,26811,-953,495,643,-203,45,1,2,1 # cft deg6 r=4
-1811,8071,-43371,138015,-329923,664182,-956030,927953,-676073,422225,-171553,-25920,74695,-56421,22633,-3275,-3112,3579,-1157,94,380,-72,-35,4,1 # cft deg6 r=4
-11029,8758,-11643,-17601,41781,-64156,184765,-192087,41517,26208,-23624,17150,37637,-25973,-25660,8894,8906,-1237,-1433,-73,32,-10,4,2,1 # cft deg6 r=4
-29,254,-295,-982,6769,-21137,38693,-39075,46874,-39797,42546,-20237,-9373,16267,-10700,-638,4493,-2082,787,-294,-33,56,-11,-2,1 # cft deg6 r=4
-54731,366851,-1098676,1933990,-2125069,1352266,-307913,-122485,-96982,306859,-174518,-38846,70942,5156,-26645,-348,8614,-901,-1324,-100,280,12,-34,2,1 # cft deg6 r=4
211,8187,18951,65525,25928,-90451,-185456,-77976,38221,58782,1108,-32933,5083,8664,1044,-3064,-1111,1327,246,-366,2,58,-8,-4,1 # cft deg6 r=4
29875,23500,143675,217800,184445,-72870,-279355,56095,272621,-28872,-150623,24583,63259,-11574,-18273,4902,4215,-1301,-662,283,94,-34,-7,4,1 # cft deg6 r=0
7001,-16676,-30394,206396,-255762,-281847,831365,-95384,-1135722,719735,706773,-844003,-105641,478469,-126464,-121941,66348,11325,-12770,326,1145,-103,-50,4,1 # cft deg6 r=8
5,-65,-7865,-25325,-28226,5695,151839,529753,922466,841748,286556,-202131,-302484,-163547,-27825,21612,17957,5395,-407,-1104,-453,-44,28,10,1 # cft deg6 r=8
-395831,-1301830,1558436,8812161,4112897,-16159507,-17153020,9562321,18122911,-825090,-9487494,-1480336,2981848,801030,-614513,-211352,86941,34141,-8690,-3505,638,214,-34,-6,1 # cft deg6 r=12
-369,-4857,-22663,-61265,-97704,-93776,-55198,-24663,26103,88791,57195,-82081,-97940,26751,70425,-16812,-19608,10215,819,-1884,251,142,-30,-4,1 # cft deg6 r=4
-343051,341554,129367,1047554,-384561,-1222703,-9866,-816860,164029,1524716,354352,-525129,-287861,-67765,13352,49800,23547,-706,-3016,-1397,-437,30,61,14,1 # cft deg6 r=12
36161,208736,-254155,-3912220,-11797895,-20378942,-23554888,-14015554,9021163,30324334,32865791,19005306,4361896,-1941811,-1944495,-564283,70204,106911,31546,772,-1872,-431,-4,10,1 # cft deg6 r=8
12072969,-133285986,422578863,-1088054046,522564597,865987506,-768525558,-165637368,357258563,-44405376,-92564471,31962383,14509673,-8042397,-1315477,1160218,43881,-111351,3311,7600,-302,-300,28,14,1 # cft deg6 r=4
747941,2713443,5376125,10152129,15185368,21545174,26776453,33970453,40617992,42686000,39118276,30942153,21282738,12734251,6487734,2749933,926528,211177,13065,-9335,-2747,-50,101,18,1 # cft deg6 r=4
3721,-7137,-31337,-24748,-8799,6331,30488,-1045,-8548,17058,-3585,11368,-2634,-6938,7495,5069,0,-1383,-503,311,198,-21,-23,0,1 # cft deg6 r=4
-360225,-386625,391975,1859400,-1739520,-1992815,4022855,452910,-3716574,249851,1637219,-424416,-350800,223310,20796,-41662,4306,-1114,625,838,-299,-1,-4,0,1 # cft deg6 r=4
6561,30618,53946,29646,-8910,86589,361773,561249,408285,27315,-185736,-95706,73984,117293,55001,-3165,-15393,-5999,486,1078,234,-75,-28,2,1 # cft deg6 r=0
461,551,-2853,5745,3037,-39215,83243,-106144,103268,-98873,100635,-81186,56559,-41488,33415,-25500,17094,-10218,5270,-2076,673,-188,40,-6,1 # cft deg6 r=0
-2025,-16200,-75735,-200880,-185949,232875,654021,374808,-314599,-474878,-39815,253939,111967,-142463,-228970,-158458,-57753,-2174,8738,3671,173,-232,-41,4,1 # cft deg6 r=4
-20725,-78250,-219075,-752775,-2047435,-3095270,-1783390,1810655,4521331,4268154,2190007,587377,71773,36815,31783,4719,-1664,831,1469,780,139,-40,-13,4,1 # cft deg6 r=4
18475,-118425,430975,-943125,1474535,-1433810,833310,415305,-614621,576309,-21287,46419,103420,-92366,73430,-8920,-11629,9442,-864,-1010,299,8,-24,2,1 # cft deg6 r=0
18549,-187920,1003428,-3706155,10451034,-23483961,42863865,-64066767,78559303,-78766210,63943488,-41173553,20137287,-6704380,908090,435081,-297980,66716,5763,-6923,1279,105,-61,2,1 # cft deg6 r=0
816671151,2821491552,5816853875,8313671340,9297996230,8451486178,6540937337,4363078954,2557364982,1317136592,601527623,240888818,86114679,26426020,7388603,1656986,394244,58668,20741,1884,1372,84,59,2,1 # cft deg6 r=0
11745,24075,73625,185550,738494,822626,183020,-967459,-652992,-312301,622967,191587,13286,45341,-64259,-31898,26196,-18642,11980,-4180,1431,-358,66,-10,1 # cft deg6 r=0
8945,43310,164675,319555,557346,709638,744429,718925,612084,473558,372273,271343,192535,98813,57037,36004,20233,7962,4960,950,285,48,22,-2,1 # cft deg6 r=0
6753811949,4023830350,6327085032,1177628198,2617460141,279682426,733981412,122574582,203233262,39510796,42913152,6284642,8264552,1130058,1364307,151240,163570,16108,14837,1554,1127,90,53,2,1 # cft deg6 r=0
-3275,11325,9125,-35300,40585,214330,19195,-119085,320649,-315529,259708,-118584,24537,-3105,-4178,-402,2025,-1113,519,-20,-27,2,2,-4,1 # cft deg6 r=4
1681,-20787,8714,58544,-75020,-13459,-18765,-94552,-102520,-33910,-22024,-30402,4689,21625,2432,-2890,1435,51,-886,25,198,0,-21,0,1 # cft deg6 r=4
429608349,676976958,685622539,1105079096,1341936808,1330577338,1354853836,1023171630,828013875,500877840,317599181,153050460,76810092,29222548,11729105,3428570,1104861,233380,62154,8446,2187,160,59,2,1 # cft deg6 r=0
695,-3040,21515,-67925,225619,-523484,1022630,-1644369,1977438,-1779041,1270022,-527463,37091,95811,-104209,53592,-8909,-4897,6600,-3440,1456,-398,66,-10,1 # cft deg6 r=0
140345,-587060,2261880,-3664080,5905706,-6744382,7178379,-5738705,4430299,-2392302,1139938,-200007,23400,82813,-54253,28764,-5162,3577,690,-750,160,-92,22,-2,1 # cft deg6 r=0
1646643091,1214322848,3119611364,383448488,2167640318,192354404,919086528,191653484,290857220,88678434,73757531,22305504,14412400,3596080,2130758,402938,246208,30538,21776,1308,1291,-4,53,-2,1 # cft deg6 r=0
-461,250,13523,18695,-49060,-149217,949,364682,185485,-394891,-250264,257078,158446,-115199,-59778,36948,14578,-8408,-2404,1299,271,-127,-21,6,1 # cft deg6 r=12
105899,-344163,-420818,-70213,-94360,-169835,-13857,-251964,-276895,-232171,72989,67897,-29175,-11894,8855,9460,-2111,-4584,329,1164,86,-130,-23,4,1 # cft deg6 r=4
-8482909,-43342107,159769264,-36540932,-248223766,157457510,146106781,-135624656,-39024853,54667653,6204390,-13273293,-1530087,2617839,318435,-423964,-19787,35717,3351,-1576,-869,203,40,-14,1 # cft deg6 r=12
-12451,47145,-56557,35750,-59536,69780,-4757,-46158,33265,17611,-28187,-17971,27896,2557,-11428,482,5081,-2585,-569,1107,-460,48,27,-10,1 # cft deg6 r=8
-320121,1590414,-4400401,2383081,10234171,-19085064,-24312623,71636129,-22014816,-53487829,41138893,8292265,-17172756,2503693,3020247,-1010222,-204940,122858,501,-5752,92,108,44,-14,1 # cft deg6 r=4
5539,-42225,199250,-665378,1737184,-3604535,6236361,-9219503,11870178,-13749533,14316637,-13035170,10083610,-6477201,3326346,-1277442,317217,-21744,-20417,10380,-2373,73,92,-18,1 # cft deg6 r=4
-220975,923775,-1246875,-304400,3380284,-5479158,4632450,-2136981,1063701,-1521329,1134785,218068,-763111,296515,114020,-109604,7012,16707,-4253,-1252,573,39,-37,0,1 # cft deg6 r=8
-5095,33415,-76441,44422,88548,-125506,-20121,22642,208778,-167402,-121872,58175,172049,-122125,2572,-10049,35299,-23271,9422,-4985,2749,-979,201,-22,1 # cft deg6 r=4
-14127559,112351267,-409260648,884133059,-1201514288,928770767,-69569456,-799314848,1093237173,-789694755,312719661,-16372501,-57698804,33755949,-6816098,-1762866,1526421,-387036,7998,20370,-4955,224,97,-18,1 # cft deg6 r=4
-214975,-1649475,-4186920,-1806595,5816961,4657032,-3650696,-2516220,1860472,333276,-870796,-41978,242215,84386,-34302,-24026,11072,2791,-2117,-332,-157,68,32,-12,1 # cft deg6 r=4
289,1547,2077,-841,-2840,-973,-1363,4131,5514,4414,4403,3273,3888,3542,4304,2761,1265,-531,105,751,201,-82,-29,2,1 # cft deg6 r=4
704699,-2308041,4196662,10150047,6215844,-2558849,-14128219,-9523652,2827906,6735097,3682425,-1131187,-2330655,-401382,574561,229161,-65375,-47702,1562,5097,385,-276,-36,6,1 # cft deg6 r=4
-121669,-165478,-392420,-295246,-497285,-161256,-198797,179245,119631,281104,144584,134159,20936,-1611,-27337,-16688,-10063,-3211,-480,-40,242,-16,12,-8,1 # cft deg6 r=4
20369,8906,84465,-153851,292608,-409009,513835,-652009,682911,-620786,549963,-439561,317783,-214101,128365,-67892,33181,-14661,5978,-2314,834,-256,62,-10,1 # cft deg6 r=0
1,21,85,-73,-949,-271,6295,6959,-16993,-22131,33371,30678,-48958,-14335,40297,-7725,-12547,7421,-60,-1437,375,95,-37,-2,1 # cft deg6 r=12
-4360275,7893225,3999685,-6679560,7436371,-13984901,-25560455,16514810,37251666,1745355,-20386164,-5610981,6773213,2889380,-1368009,-784044,159523,118720,-10972,-10301,608,490,-34,-10,1 # cft deg6 r=8
2719,9225,84014,206935,452914,548587,-1555063,-2991080,-1756373,111580,2429213,2459280,1692620,887974,365110,163620,67526,16972,1275,-1112,-740,-194,-2,8,1 # cft deg6 r=8
-1,9,-50,706,703,6274,39910,25739,66821,-4949,39433,38621,31688,-2709,-16905,-17668,-8559,-1484,1408,1504,769,266,62,10,1 # cft deg6 r=4
-1919875,3056400,10096599,-30827429,20970111,20599661,-36983135,6074078,23667127,-17287048,-2877148,8720807,-2933464,-1302936,1171631,-128463,-152031,56236,3949,-5845,745,208,-52,-2,1 # cft deg6 r=8
-1990295,-3647635,5101574,12295855,-6305951,-39938656,75730828,-65766966,21394070,24031880,-44156454,38935428,-23939293,10870480,-3297352,344634,217180,-113341,17073,3668,-1963,240,32,-12,1 # cft deg6 r=4
-2610225,9037575,-13065300,18369180,-5355126,-14556681,12766959,-3673281,-3582029,12684313,-1912388,-8765411,2103340,3125348,-889435,-639757,206925,75009,-27094,-4859,1942,161,-70,-2,1 # cft deg6 r=4
99788009,-414626333,164394969,1190843757,-1995800963,856880884,709268940,-884695781,158368383,234348395,-136541019,-9787073,31296298,-7094704,-2911814,1600213,-18561,-149223,28859,5439,-2591,150,76,-16,1 # cft deg6 r=4
-244539,2627883,-10257921,20935854,-25353252,13122765,17889645,-38073120,13619186,20343103,-15188034,-5107439,6324030,684470,-1575766,-34261,258162,-3304,-28182,739,1941,-62,-72,2,1 # cft deg6 r=12
-36709,-1035383,-3010926,-4089059,-3505627,-2604445,-2240369,-1789630,-644299,415897,379290,-157670,-138734,193421,202889,8066,-62001,-22316,5373,4690,549,-217,-52,2,1 # cft deg6 r=4
5021,0,25105,0,-19923,0,-218690,0,-264396,0,-1803,0,94306,0,-2838,0,-13006,0,3248,0,-227,0,-7,0,1 # cft deg6 r=12
1121149,-8541486,23429800,-18653841,-45149509,144811476,-187116871,122225155,-14104433,-43408192,34727245,-8248564,-2652196,1591533,186308,-237194,-2117,24910,1148,-3617,470,142,-20,-6,1 # cft deg6 r=8
219869,-4567745,-7488749,4451594,6567935,-5430743,-3417859,2590277,-64679,-1167815,-295282,-57293,42399,-151261,-100486,54227,14529,-15453,1469,3919,193,-308,-40,6,1 # cft deg6 r=8
24851,141235,-80364,-958335,-104982,1512055,-528813,-791941,658591,310616,-137959,-96649,9192,53196,3218,-21759,-9375,1289,2831,872,-130,-134,-21,4,1 # cft deg6 r=12
79,-165,-3551,14770,1384,-65386,44102,18108,68986,-65695,-22647,-12073,16101,10027,-1824,2892,-3090,-306,206,-60,94,6,-6,-4,1 # cft deg6 r=12
1345,5570,38961,51901,54055,82139,129499,190478,210048,109999,-53864,-117242,-58007,-3125,2084,816,1495,747,-407,-303,58,57,-10,-4,1 # cft deg6 r=4
8105,-260,32341,-15782,53231,-21706,78108,-13189,-11942,-265155,423471,-91635,-167770,42677,38847,7008,-6910,-6285,1159,1002,73,-97,-21,4,1 # cft deg6 r=0
1196719,-4000186,5064249,-5004846,7823579,-3860950,-12320305,19678574,-8280968,-1592024,763513,239465,993814,-529715,-362768,196790,68891,-35094,-8915,3461,792,-183,-42,4,1 # cft deg6 r=4
108099,-329148,-259695,2353908,-2953030,-323196,3460935,-2537008,4884,994474,-741953,275273,77410,-188277,93267,11503,-29252,7850,2699,-1766,81,141,-25,-4,1 # cft deg6 r=4
2116531,-149941,9100156,-4817064,-1648852,-4054108,-4934441,8068080,1415051,4302334,725484,-1691933,505791,11034,-430998,65376,112268,-13300,-15148,1390,1192,-78,-52,2,1 # cft deg6 r=4
-9209,223874,-1199903,2776729,-2414285,-2858046,10466606,-12197301,4979252,3438612,-5037113,1453546,1184677,-1020304,97520,188776,-73861,-9543,11809,-1602,-689,237,-4,-8,1 # cft deg6 r=12
16314605,-64755330,111328530,199824880,-121995094,-206218191,21616340,91078365,17091940,-1871704,14470720,8278774,-3089990,-2688175,525456,676510,7000,-90431,-10345,6611,1155,-255,-55,4,1 # cft deg6 r=0
3571,-16780,74052,-275935,719236,-1345893,1948318,-2286302,2214012,-1747983,1088494,-500645,140874,1279,-17986,-4780,19994,-17279,7477,-1182,-362,191,-15,-6,1 # cft deg6 r=0
701,6845,-3316,-104137,-118077,298261,773807,-95848,-1094075,-258029,746477,284180,-335124,-167066,90085,46383,-26300,-14013,3940,2921,-10,-243,-28,6,1 # cft deg6 r=12
615991,-827779,3812166,-2724588,25210767,-621110,-6547441,21654982,1502587,-12991573,3686563,4581824,-3893222,-2068525,1382617,842975,-115950,-139075,-7250,10183,1437,-328,-65,4,1 # cft deg6 r=0
-3475,11175,-14260,118375,-823029,2911243,-6375927,9387379,-9352456,5676030,-792771,-2203643,2419953,-1216733,188926,153612,-109541,23081,5487,-4111,575,161,-53,0,1 # cft deg6 r=4
-10025,-27375,11105,113570,-51901,-806834,-399120,1299783,1380401,275603,89300,154183,-166727,-211365,26153,88714,10534,-18338,-4523,1944,656,-100,-42,2,1 # cft deg6 r=4
-418225,-714550,1457675,1500925,667030,-7668135,7417130,-2502465,-36384,1779043,-2017194,1064906,-518047,195779,-16434,3649,-2592,-2381,842,-420,387,-132,31,-8,1 # cft deg6 r=4
81,-45765,114759,-109281,-8027,209019,-245651,-251573,-483030,-290100,-240777,-45548,45917,66733,61328,40773,22143,10322,4180,1533,514,131,35,8,1 # cft deg6 r=4
10159,415,53050,128540,153051,436176,800360,580771,297827,533277,474192,-137715,-358772,-45453,134148,48030,-25150,-15535,1418,2364,219,-154,-28,4,1 # cft deg6 r=0
48131,115341,293557,249890,33851,-333864,-643520,-413859,230108,548578,587219,404991,-3423,-233665,-102901,43566,36815,-2735,-6342,-220,632,42,-36,-2,1 # cft deg6 r=0
-657289,-549955,575256,-947231,-2484398,624564,2306404,-797373,-1527013,1087094,1132081,-825958,-868353,279156,482035,51594,-110480,-36782,9343,6155,230,-334,-42,6,1 # cft deg6 r=4
12919,-26223,-59007,1882,105415,206690,336416,471367,509939,431495,309712,183993,68799,-8747,-34487,-25094,-8296,758,2101,850,68,-58,-14,2,1 # cft deg6 r=0
-354300561,242318628,381649469,-746229336,573296489,-218662049,-12801627,61359554,-22080961,-8835074,9433255,-1029159,-1996992,836863,203730,-212669,11384,28592,-5618,-2269,726,90,-45,0,1 # cft deg6 r=4
83089089,-152804982,-6328997,190168769,-137465492,-42379384,120064137,-38353377,-47807493,33664679,10231719,-14674121,767523,3269038,-808043,-364940,155469,19245,-15009,-379,905,1,-39,0,1 # cft deg6 r=4
12119,230621,746314,-2181656,-2882372,3958685,4330452,-3451536,-3156851,3417904,3611429,-177835,-717571,345592,121092,-380535,-265112,-26112,28345,8838,-367,-469,-35,8,1 # cft deg6 r=12
17231,-57764,-74904,398253,-81079,-819213,436012,923953,-662624,-656323,581438,299118,-328247,-90177,127883,14482,-25727,-15095,16814,-3879,-577,343,-20,-8,1 # cft deg6 r=12
-18288225,21166950,36309685,-57106785,-13657301,55163055,-18343636,-15060305,11123960,-1528520,474203,-289583,-911057,777962,-7319,-196321,51476,21687,-10770,-797,982,-23,-46,2,1 # cft deg6 r=4
824409,1310919,1230547,1063606,-1059037,-1340099,2396178,1103826,-311631,-838282,-455461,293397,322809,1348,-114054,-22672,25987,5400,-3835,-403,385,-12,-27,2,1 # cft deg6 r=0
-1621,-25659,-82797,-166646,-123873,-56900,-205137,-144842,120680,92550,-21215,42330,48331,-28012,-16642,3882,-1500,1053,631,-500,12,67,-10,-2,1 # cft deg6 r=8
-26501,18524,-36498,86663,361774,480224,768460,594516,292110,147093,-151786,-31748,121636,-17832,-37362,17732,4314,-5966,905,542,-312,46,8,-4,1 # cft deg6 r=8
289,-8755,-16077,149783,217987,-858343,-1278551,1844319,3675650,-785703,-4826116,-2178041,2055937,2353683,510631,-389226,-253363,-26164,21245,7023,-123,-372,-39,6,1 # cft deg6 r=16
-74191,678535,788080,-10283771,-24846096,14487375,141928042,240175247,133062231,-119764232,-248015507,-155953318,-15707575,32215455,16155361,475178,-1733833,-418526,45253,28730,1525,-725,-86,6,1 # cft deg6 r=16
-4832209,70360,10987843,-4961247,-8545602,8715612,666379,-5010398,2044149,1061082,-833077,-369977,378154,58363,-72916,-36113,23700,6149,-3905,-1124,602,66,-39,-2,1 # cft deg6 r=8
-89191,136950,928601,758029,-267641,-871840,-738585,-161622,234868,252885,68723,-78245,-65592,5756,38234,16549,-3487,-6021,-1175,552,315,-6,-25,-2,1 # cft deg6 r=8
350059,-1908640,6977925,-16459139,30035801,-36471032,28148634,-7243445,-11069762,17142827,-11126766,2971803,1618985,-1981445,803600,1385,-165717,80911,-10526,-4910,1861,-13,-70,4,1 # cft deg6 r=4
-7557061,-30713815,-29290890,43376834,98978797,16756871,-103358044,-86051303,18022972,55977015,20481265,-9370853,-9443369,-1517843,1276376,687427,34627,-71061,-19533,1969,1527,68,-54,-4,1 # cft deg6 r=4
-6709,-59951,-238793,-558037,-831717,-779927,-368596,89298,276694,191543,43362,-27467,-28399,-12814,-4260,-1107,615,1279,829,126,-150,-88,-7,6,1 # cft deg6 r=4
-204749,325287,-545883,-5477104,189937,6628314,-6217893,-10830417,6671322,12455176,-435316,-6662495,-2062895,1335793,858355,-19305,-136196,-29861,8513,4466,70,-266,-31,6,1 # cft deg6 r=4
11351,24138,48110,37272,-57424,-42838,2156,-33776,71295,75113,-124000,-55410,110424,14322,-56449,590,19090,-1419,-4221,470,523,-55,-36,2,1 # cft deg6 r=8
5939,-34132,50070,-172371,-330339,-264262,-98883,79768,209956,181027,-76333,-319010,-349089,-241341,-121198,-44583,-8460,2854,3806,1708,320,-43,-30,-4,1 # cft deg6 r=4
-233671,-442064,550244,3202076,5599245,-316682,-8543200,-2466385,5918191,3130896,-2953155,-2108150,1246572,807026,-382216,-194904,82228,29215,-11724,-2633,1066,116,-51,-2,1 # cft deg6 r=8
-7841,-1369540,5380329,-15481434,14987598,-12973675,2206389,-264404,-1211096,1264700,1331281,304352,531788,294423,22406,1966,1434,-13455,-4784,1733,844,-65,-49,0,1 # cft deg6 r=4
1164011,-2446547,1346127,16398977,-20385643,-9075487,22513186,-1523540,-12378907,3348844,5124282,-2375088,-1042814,946748,30981,-187428,41516,21514,-8389,-489,956,-54,-42,4,1 # cft deg6 r=4
141809,589755,1040019,656229,-45722,-565370,-719516,-674501,-488931,-249400,-99474,-2652,7868,8962,5786,844,-1716,-1025,-369,207,134,-10,-19,0,1 # cft deg6 r=4
65483381,242463068,-153626733,-956761132,340280790,1329097261,-410452284,-880659807,187765760,313866694,53095237,-142232792,-16804213,38800180,-697699,-5518188,559802,429121,-66158,-18457,3548,416,-93,-4,1 # cft deg6 r=8
42379,-412634,1600576,-3740265,6830660,-10388070,11004619,-4647241,-5506947,10474668,-7353838,1242366,2651932,-2947314,1329089,-56130,-216567,82325,1030,-6945,1010,228,-59,-2,1 # cft deg6 r=4
263399,677414,824960,-1350007,-6176219,3268478,8957143,-4922736,8737315,-6134814,5432833,-4074356,2770363,-1552319,751547,-271919,75604,-9886,-2483,1949,-589,105,4,-6,1 # cft deg6 r=0
7686619,-15436744,-19372306,77415871,-55430211,-58666328,152445483,-160495263,117336363,-69492303,34318240,-13783825,4445635,-1216920,332680,-102761,37451,-15091,5096,-1041,36,29,6,-6,1 # cft deg6 r=0
379975,867675,-1237200,-4486750,-4744995,-2597350,444735,1888835,656884,-1289394,-434047,461306,460052,-46915,-91368,-40762,16830,-2558,1554,610,-222,12,-3,-4,1 # cft deg6 r=8
8829,-37017,103410,-126453,106637,-19479,-77568,74193,1840,-90229,119763,-90072,43751,-21772,24499,-18824,8531,-712,-290,6,290,-158,55,-10,1 # cft deg6 r=0
53903081,152109566,216141178,247024188,204343379,102098876,7868393,-62422599,-55349774,-7763829,15640834,9916924,369070,-2182081,-959727,31962,172782,64164,5047,-3784,-1413,-150,27,10,1 # cft deg6 r=0
2025,-16875,8775,12450,-35270,43640,14970,5930,19436,67349,35837,37837,51083,29675,4948,-1166,466,-3594,-2926,-730,-166,-10,12,4,1 # cft deg6 r=8
-18413119,-63042852,44098314,311523735,165947089,-341935988,-300529024,161522059,206947608,-36890083,-80470531,3496772,20364635,31465,-3574278,-4749,441199,-7518,-37466,1305,2078,-85,-68,2,1 # cft deg6 r=16
7001,487157,1901205,-4097556,-10632603,3906633,14944328,8172406,-2326795,-13509433,-5080598,7034963,2717643,-1281227,-745088,-29342,161786,32829,-23680,-3287,1821,131,-68,-2,1 # cft deg6 r=16
10501,-50983,98332,-103016,137364,-363763,721531,-919367,930369,-1140811,1751679,-2371545,2470032,-1981594,1262149,-656084,278989,-91834,19352,-449,-1208,358,-26,-6,1 # cft deg6 r=4
-13721,-69796,-73493,55268,98232,-571947,-1768149,-2176307,-1005617,664094,1319748,899440,243590,-103418,-135351,-65502,-19075,176,4899,2105,-80,-209,-23,6,1 # cft deg6 r=8
-2151,6480,98127,-42501,-1415312,-2371481,1040674,5252023,2253662,-4258456,-4346184,680200,2862280,1108476,-564624,-603170,-124189,66015,43620,7931,-802,-509,-47,6,1 # cft deg6 r=12
-5,-10,-6,59,84,298,463,623,1154,810,1771,821,1597,926,729,632,127,245,-179,21,-62,18,16,-8,1 # cft deg6 r=4
-320,-1440,9296,-4624,1384,22186,-31763,12876,41333,-73322,118301,-109349,36256,22197,-11747,-7615,2524,480,1676,-878,-194,147,-2,-8,1 # cft deg6 r=4
-269001,2451627,1346463,-7890939,-2943459,11149731,3924018,-10075296,-3351980,6400999,1859868,-2935950,-693819,974908,173741,-231479,-27349,38257,2157,-4194,30,274,-19,-8,1 # cft deg6 r=8
434281,-5858510,14636456,9578263,-62273354,43143128,50575260,-64240780,-19633262,45903957,2569442,-20063550,880132,5757680,-487590,-1099348,108026,136274,-13645,-10410,1056,440,-48,-8,1 # cft deg6 r=8
41381,-2269474,472866,8334655,2948039,-19841369,-24383,44893565,-6133750,-28383323,10588039,5818759,-6173445,974670,1600991,-703110,-172774,133904,1249,-11243,964,428,-58,-6,1 # cft deg6 r=12
1369,3034,-28265,276886,-772173,1274911,-1312878,775842,32803,-570004,612002,-315460,20539,101869,-80307,26144,2902,-6113,2263,-8,-242,78,0,-4,1 # cft deg6 r=4
641,2769,11975,36456,104035,231470,437474,726220,995360,1083007,936643,647829,357079,156982,55484,14794,1954,-554,-573,-286,-68,-2,5,4,1 # cft deg6 r=0
233309,194238,-11081,-9563755,8905408,8206323,-6658960,-4701162,1640713,1875731,144076,-469198,-202722,60854,66735,3964,-12670,-4044,1220,950,29,-104,-18,4,1 # cft deg6 r=4
