# IGP24 class field sweep: deg6.
104847221,-500935120,957249192,-761398000,-226271156,1100984348,-1103925444,530648536,-60756618,-85811332,67814640,-29922756,7693214,1338172,-2443508,981336,-53459,-92576,30284,-124,-1802,308,24,-12,1 # cft deg6 r=8
2475125,248520,461044,-4571740,-4507740,6126328,-1665956,-3051924,2422790,497940,-1142440,310700,267414,-128360,-37832,38008,1909,-9764,2768,548,-518,100,12,-8,1 # cft deg6 r=8
118894109,-81864152,107974572,-42739568,20874024,28287916,-34628896,38004616,-3302178,9607156,8691164,1895668,4910754,1429500,1511668,555976,318861,116328,45496,13348,3462,676,112,12,1 # cft deg6 r=0
1,0,404,0,27966,0,305960,0,1002709,0,1461596,0,1186362,0,585980,0,177182,0,30948,0,2756,0,96,0,1 # cft deg6 r=0
7744985,11145156,30733808,48896028,53492166,55349796,48362336,35616284,26293087,14933256,8577488,4158680,1667108,622856,141552,8728,-8185,-9484,-4032,-1332,-362,20,48,12,1 # cft deg6 r=0
79317365,-185670944,378391480,-483234016,611371188,-559982516,533484684,-405106632,305000862,-195927244,121078072,-66329476,34164422,-15552708,6479868,-2359336,776381,-225752,59620,-14268,3086,-596,96,-12,1 # cft deg6 r=0
226816,-1187328,4120320,-9252864,14903744,-19118144,20760000,-20219296,18110976,-14568848,10581512,-6738752,3953629,-2035776,983264,-399248,158150,-48736,16554,-3328,1189,-88,54,0,1 # cft deg6 r=0
633966400,727472640,994197248,599596928,529728000,308701568,360589056,325532288,298240480,190262976,98113600,32716512,8072848,1660256,1279472,870992,377284,96720,16088,-32,-680,-192,-16,0,1 # cft deg6 r=0
857821,-2917584,4264824,-5155912,5530116,-6699156,9418156,-5572584,5943038,-3955700,2342320,-1332932,673730,-164052,92228,-2264,-8603,9992,-1444,-1116,1182,-460,96,-12,1 # cft deg6 r=0
7573504,0,104267776,0,428734464,0,557107200,0,391434496,0,166930944,0,45596800,0,8258560,0,999072,0,78496,0,3744,0,96,0,1 # cft deg6 r=0
1849,0,638980,0,30291182,0,35910040,0,19764645,0,6961260,0,1264474,0,217356,0,33798,0,6548,0,716,0,32,0,1 # cft deg6 r=0
12888,12672,-7040,-28680,-38988,33064,42640,-1064,-21820,-24664,21702,7282,-5903,-2252,-1016,3872,-2496,954,-70,-438,457,-230,68,-12,1 # cft deg6 r=8
125,400,-6800,-11956,-5458,62468,4780,-169096,-22015,116052,34700,-22656,-41434,-17736,27232,33992,9374,-6524,-4284,-36,376,24,-8,4,1 # cft deg6 r=8
-58048,-656896,635392,3885184,8026752,14288256,17896192,12091840,4625392,-454944,-446592,206144,297024,22992,-55872,-13696,7096,3952,-1704,-648,272,36,-24,0,1 # cft deg6 r=4
3550241,10744752,19883660,17548376,2115942,-11034364,-10210856,120772,5595981,1394168,-2059692,-600512,705122,208540,-158644,-44236,33710,3476,-5252,260,536,-76,-32,4,1 # cft deg6 r=0
1079521,0,99024660,0,201721150,0,324346280,0,298944725,0,153885852,0,47132410,0,8983164,0,1086078,0,82724,0,3812,0,96,0,1 # cft deg6 r=0
71525,-92360,264132,-815516,1455364,426168,1931160,134900,1347418,236932,765312,-2916,181810,-51928,-6644,-31160,-3575,-2756,1564,372,626,156,52,8,1 # cft deg6 r=0
1318725,-5447280,6350872,-5385504,10058420,-7809876,14648716,-7306440,7478350,-3781804,4775640,-4107364,2862038,-1282292,360700,-12904,4573,-3848,9892,-4860,1934,-484,96,-12,1 # cft deg6 r=0
2611253,2358476,11123788,7826992,16290260,6558988,4189408,-2552244,-925538,-1067188,113328,-346016,295734,42816,47716,-53372,15909,-6276,3108,-1764,826,-240,60,-8,1 # cft deg6 r=0
347,-788,1363,-2170,714,3190,-125,-7078,-880,13126,5785,-13576,-18046,-5484,5463,7408,3432,1162,219,-112,-48,-40,4,0,1 # cft deg6 r=4
571759,1713850,3550448,3413754,-90628,-4148548,-4379157,-874714,2184395,2009654,254485,-664640,-467171,-50692,111369,70280,3393,-13598,-4189,1128,622,-36,-40,0,1 # cft deg6 r=4
25,0,2402,0,46565,0,132564,0,107994,0,-9644,0,-32188,0,-2074,0,2445,0,162,0,-73,0,-2,0,1 # cft deg6 r=4
1987173,-721440,-2478888,-3252504,6636142,2420698,-4891042,-2926720,3376669,1627410,-1366434,-847518,490395,277732,-116292,-76670,24750,13622,-3446,-1884,447,132,-32,-4,1 # cft deg6 r=0
1432,-35968,199884,634096,434536,-161414,-229167,-11952,102270,251256,228241,-29928,-119736,3900,61990,20800,-5494,-826,3594,2032,295,-100,-38,0,1 # cft deg6 r=4
2411192,2673720,-7769144,2829944,11812722,-14580408,-1131237,14969240,-8926659,-3983328,6934978,-1228364,-2329311,999614,442407,-300102,-35897,47638,-1121,-4272,478,206,-36,-4,1 # cft deg6 r=4
1733,5288,12852,2552,-8106,11978,50198,-3800,-28807,7578,52810,-35862,-4013,17780,5352,-10894,2954,3470,-1026,-556,399,84,-32,-4,1 # cft deg6 r=0
2861,147724,372051,122378,-557187,-998898,651071,1253816,-135489,-1402998,305729,602654,17066,-382040,89826,76392,-13941,-25982,11590,494,-1287,222,28,-12,1 # cft deg6 r=4
9840472,23826320,8768116,7090012,32923532,16639800,-13286199,-16881232,8280106,6707994,5004573,-2230202,-1579642,-549858,-28924,107618,80100,25382,1982,-852,-397,-98,-8,4,1 # cft deg6 r=0
981,4956,1366,-26720,-23656,76092,84463,-140876,-151325,180584,156803,-147264,-104364,74478,50876,-25524,-16491,3526,6444,-1996,-623,320,-18,-8,1 # cft deg6 r=8
-1800,18120,4052,-99264,234576,-172914,-140051,436260,-516028,443862,-307559,114486,101576,-241552,244066,-152576,57304,-7154,-4936,3090,-685,-26,52,-12,1 # cft deg6 r=4
747,-888,4546,-7248,16707,-33642,37804,-54886,79545,-55918,20360,-19912,9396,14382,-10657,-4198,4617,188,-971,160,138,-38,-12,4,1 # cft deg6 r=0
10429,99838,133651,-123656,-162676,64168,-32753,-74766,132111,91354,-79744,-47272,-1720,9858,17691,2664,-7442,-2302,1911,144,-84,6,-14,0,1 # cft deg6 r=8
16921,44390,9319,-41624,-19764,110536,64187,-109302,-15409,63522,4036,-39888,-11144,23042,10143,-3320,-7266,-1550,1955,384,-84,-18,-14,0,1 # cft deg6 r=8
23175,39480,45986,-23984,-95285,-169314,-141048,-21934,98741,182186,167212,90600,24792,-11330,-12885,-1038,1381,-404,5,352,42,-62,-12,4,1 # cft deg6 r=0
225,-1260,4981,-13456,21363,-15582,2822,-9654,30774,-29480,-5559,41748,-40710,10768,8865,-4448,-3349,2320,1229,-1406,488,-146,54,-12,1 # cft deg6 r=4
412232,2631384,6772304,8845880,6450942,3727724,2704809,1063520,-236985,-194940,-504460,-867868,-407985,35658,80567,49840,17965,-3130,-2161,-458,-160,120,24,-12,1 # cft deg6 r=8
4608,-50688,220416,-463488,446560,26848,-547288,479272,182384,-503280,99650,246020,-132453,-43358,62838,-13634,-13144,8038,288,-1188,243,58,-28,0,1 # cft deg6 r=4
-198144,55296,91776,115200,402368,543680,182888,-118296,-19952,162936,80798,-70060,-69081,2670,27586,9690,-4196,-3726,-284,588,175,-42,-24,0,1 # cft deg6 r=4
-16000184,-70543912,-71076084,78144576,167895978,-4241466,-167827615,-48346320,118396751,76721226,-34589536,-46131742,-5626283,9140624,3105221,-866796,-567913,7212,54331,7612,-2030,-572,0,12,1 # cft deg6 r=8
-10432,59840,-206688,506384,-940604,1387876,-1643507,1569340,-1176141,651622,-204904,-42504,108081,-81640,40255,-14630,4009,-386,-585,590,-306,88,-6,-4,1 # cft deg6 r=4
-1600,-12480,54864,-10000,-193384,226948,162153,-482524,180275,341910,-366400,9128,165821,-66744,-37073,36746,-5307,-5690,3047,-274,-254,96,-6,-4,1 # cft deg6 r=4
20323,31084,366626,425456,675744,407468,256362,-110082,-44615,-88040,65429,33752,58199,636,5901,-7722,796,-1470,613,-234,98,-68,46,-12,1 # cft deg6 r=4
643,-6702,23910,-30214,-57988,245724,-398305,344186,-55783,-240880,290675,-112050,-64296,97164,-28564,-24142,17013,2416,-4038,-48,531,-2,-36,0,1 # cft deg6 r=8
-2389825,-6980900,-1511535,3427820,846702,-5502518,269618,2677126,1296662,246420,-635412,-437896,76251,41880,26338,20608,-6630,-3462,600,-110,43,58,-16,-4,1 # cft deg6 r=4
111377,37310,-275957,50730,245672,-22410,-198818,-40788,189300,33166,-143908,-8392,79729,-2900,-31640,2596,9190,-808,-1920,122,275,-8,-24,0,1 # cft deg6 r=4
79375,100700,-183477,-84158,379406,-51206,-328922,184756,162942,-126004,-58332,61812,15635,-23872,3938,-574,2798,-524,-1382,952,-141,-98,56,-12,1 # cft deg6 r=0
157075,-743240,1141747,279070,-3040582,2984776,418244,-1928038,706442,-19006,378308,-435192,129079,-25696,-3050,-32634,-1532,36,660,298,321,-24,-38,0,1 # cft deg6 r=8
-37409,-241824,-505593,24554,1705787,2341402,-270076,-3465750,-2760426,582060,1801578,657460,17925,186764,90628,-122016,-91021,1538,15814,2812,-939,-282,18,12,1 # cft deg6 r=12
-127,-1942,-7762,5902,77302,117554,210993,86920,-296023,-495614,27645,334610,154538,-92172,-37810,-30952,7541,9524,1398,-546,-505,-94,32,12,1 # cft deg6 r=8
-149,3920,-38796,182596,-436862,526588,22603,-1064184,788555,-28690,-689735,837378,64784,-402736,52996,99350,-28923,-18746,6232,2958,-571,-296,10,12,1 # cft deg6 r=8
-335,1818,-4196,-8462,69890,-121086,-6033,220678,-184623,-94358,205083,-35084,-87995,39300,18141,-14402,-2003,3468,-29,-478,66,28,-14,0,1 # cft deg6 r=4
48800249,-160296360,165890619,-10502244,-89594666,64867268,-41814323,42939058,-25389310,4069706,281533,2218660,-1603232,-75736,383833,-75250,-50316,22748,1617,-2870,440,128,-38,0,1 # cft deg6 r=4
2973533,-19637548,-96668279,-113071138,86609721,237094404,-38668928,-194134660,49514142,73134138,-40422426,-5369444,12277743,-3879994,-915598,982090,-181145,-67540,35460,-2212,-1921,424,12,-12,1 # cft deg6 r=12
8566475,24186168,45140462,50722338,42333130,15819062,-1293267,-11012522,-6042707,-2094520,1369749,685918,351750,-99372,-26480,-33778,7813,-514,474,276,45,-22,-16,0,1 # cft deg6 r=0
167021,-263660,450021,-950008,1351648,-1128880,836450,-1031832,1352913,-1261292,957490,-783416,677953,-485944,250557,-80812,5614,10180,-6243,1738,-84,-136,60,-12,1 # cft deg6 r=0
1300019,-2369388,787553,1226368,389734,-851298,-258582,959428,74150,-493584,-30774,190312,57157,-76200,-22946,20986,13098,-2090,-3166,-604,397,266,76,12,1 # cft deg6 r=0
6961,-2770,14507,1434,74592,-44890,42730,-155052,-79520,-29954,36356,35128,25521,-35628,-23324,23212,13138,-5888,-3528,714,511,-32,-36,0,1 # cft deg6 r=4
-193,7554,106178,246250,182320,-36476,-55113,79274,-18003,-185056,-63813,130974,85332,-49356,-46484,11226,15065,-1544,-3134,104,419,-2,-32,0,1 # cft deg6 r=8
83,-396,682,-1296,644,-3140,9530,-27570,53041,-77000,90189,-83896,67783,-47540,31901,-20898,13244,-7886,4313,-2074,838,-276,70,-12,1 # cft deg6 r=4
2746715,-2541750,1301007,1373846,2315978,-1169568,1167621,1504042,1972870,870518,-245565,-497084,-135078,29320,54697,12404,-3160,-3500,-369,94,194,-16,-4,-4,1 # cft deg6 r=0
24525,-46260,92173,-90592,108588,-117192,171370,-183424,160453,-108036,60414,-16456,-13559,13656,11681,-27476,19082,-3476,-2731,1802,-288,-104,60,-12,1 # cft deg6 r=0
49,826,5302,17134,29210,22338,1853,12344,61061,75314,20617,-23478,-1338,34820,35270,13624,-2547,-6060,-3346,-778,107,154,60,12,1 # cft deg6 r=8
49,-56,1803,1312,-7719,1416,20726,-21850,21108,-28098,51333,-69370,72892,-56576,34857,-15848,5351,-770,-139,252,-58,28,4,0,1 # cft deg6 r=0
49,266,2325,7848,14119,25216,50712,73204,98176,122626,147695,151836,133856,99558,64895,34952,16163,5918,1773,212,-20,-36,-16,0,1 # cft deg6 r=0
617,602812,-11156260,-126870656,-280300012,-42962664,420118908,293487732,-218449946,-269765476,6627516,85874844,12098302,-14976756,-2665568,2007340,389477,-185984,-40388,9808,2334,-288,-72,4,1 # cft deg6 r=12
79601,-2909796,14039864,-23120516,-350290,47414532,-50239244,-7162736,42869969,-14732048,-17421648,11335016,3927630,-3931228,-505596,748848,57146,-86024,-8084,6188,812,-248,-44,4,1 # cft deg6 r=12
-118827,-318816,393012,1626912,2297664,-2971944,-3665220,-2864892,2958338,-1859208,-1617092,2827612,683266,-1067136,1010848,-91540,-70503,62632,-2516,-3752,546,-40,-40,4,1 # cft deg6 r=8
2025,0,122040,0,-3636,0,-524052,0,-111086,0,241048,0,-121566,0,-5516,0,9237,0,-284,0,-86,0,-8,0,1 # cft deg6 r=8
-50836879,68934500,359512400,-236777188,-942026772,173644668,1133673472,130541296,-627123386,-181034212,167193924,62786556,-26885966,-11660264,3074808,1546716,-231879,-153740,7156,10072,250,-392,-28,8,1 # cft deg6 r=8
106048,-871680,-3523072,20621568,54830464,-32214784,-86565696,43308032,74601568,-18458336,-30243936,1276256,2909728,-902624,763040,679792,-148356,-153704,-3552,13472,1900,-356,-72,4,1 # cft deg6 r=12
625,0,26660,0,-39574,0,15572,0,-5537,0,-120,0,8716,0,-5048,0,111,0,84,0,138,0,-28,0,1 # cft deg6 r=12
156160,-1566720,5303808,-6630912,-2110208,14030592,-11138304,-4847872,12026304,-3746432,-4712576,3888960,224448,-1331744,378976,178112,-113680,912,13104,-2600,-560,252,-8,-8,1 # cft deg6 r=8
15753025,-124933460,53008212,365678088,-337479300,-319427332,469795280,57124624,-281833746,53676364,86290036,-33921404,-14441242,9301384,1173628,-1520432,21197,156884,-15816,-9660,1546,312,-64,-4,1 # cft deg6 r=8
45964265,-154637704,-102111564,405172860,44356678,-440398224,32242884,275706228,-13092657,-110169648,-10642280,27888344,5125780,-5304960,-1026632,834760,145735,-101064,-18828,7404,1638,-240,-60,4,1 # cft deg6 r=8
-6899,-185492,9281496,-7060076,-34432448,8823456,52274148,7338320,-36339714,-14574280,12301492,8447152,-1725590,-2572836,-134724,466476,89813,-52852,-14664,3812,1206,-172,-52,4,1 # cft deg6 r=12
-67,-1270,-854,10450,4940,-33782,-9764,27256,10056,41262,102840,127980,107569,86782,71744,35256,4978,-4460,-3714,-418,555,100,-36,-4,1 # cft deg6 r=8
178679,-365500,-514020,1694422,711713,-2561074,-1040074,1625860,799325,-626656,-42158,302884,-193681,-206932,87004,91364,-11713,-22218,-990,2862,413,-176,-36,4,1 # cft deg6 r=8
809,-1084,-21304,45268,-3316,-485496,-397504,1445840,1006970,-1779908,-107704,1377156,-573778,-509268,342080,82484,-84603,-2128,10584,-912,-642,80,8,0,1 # cft deg6 r=8
25,0,120,0,-1034,0,-9808,0,54629,0,-67540,0,79978,0,-24084,0,5710,0,-1488,0,288,0,-28,0,1 # cft deg6 r=8
-180800,-906880,-2522496,-12600192,-35899264,-81545216,-36592896,87379648,104492496,-1788224,-65350656,-28775872,13514240,12091552,-37072,-2029392,-352672,149736,52672,-1368,-2956,-404,28,12,1 # cft deg6 r=4
712412992,948196736,-282644224,-716403712,115421440,259804992,-123075008,-82576768,51248400,12567520,-14607296,-181536,2619872,-237408,-251120,36992,22936,2704,-2592,-192,408,-12,-20,4,1 # cft deg6 r=4
25,0,1812,0,33034,0,90304,0,99337,0,37404,0,-15746,0,-13828,0,-1086,0,-188,0,-48,0,8,0,1 # cft deg6 r=4
625,0,6000,0,-24668,0,24704,0,4922,0,-33432,0,35414,0,-20624,0,7553,0,-1792,0,270,0,-24,0,1 # cft deg6 r=4
-72659,1442992,-6197360,14526052,-11473638,8901452,-21522092,26543240,-21307999,10357172,3409380,-3990000,1155474,-260568,-588280,54584,-15314,-24628,-5972,-676,76,-32,16,4,1 # cft deg6 r=4
-3175,13630,68884,-198982,160869,23426,-106126,-48992,195195,30496,-257236,69632,170599,-117356,-21646,29618,6977,-7250,-740,802,99,-36,-14,0,1 # cft deg6 r=4
-22216,-51920,35800,505656,1317652,2099560,2169732,1524056,669304,205400,198578,278244,252625,129950,33004,-6400,-12824,-6650,-32,1086,165,-112,-24,4,1 # cft deg6 r=4
-208889847,-1489737744,-3998153520,-4848214176,-1623469698,2409933456,2826318084,590370432,-818276575,-565587688,22869852,148210560,33367326,-20519736,-8899312,1596640,1215650,-58624,-99012,288,4656,24,-112,0,1 # cft deg6 r=12
-25156675,23623300,328157936,381773276,-357572976,-872188548,-258270268,480506768,422239634,36306092,-109633596,-59668436,-5496758,6444184,2523820,-101380,-277979,-41916,15776,5336,-198,-264,-12,8,1 # cft deg6 r=12
965225,445220,6965412,14344756,7565306,15258988,5606332,4796444,3957215,-15172888,-1468472,8969352,-591076,-2208456,-501000,-355304,-15689,78004,28308,8836,2858,540,76,12,1 # cft deg6 r=8
775121,-3714880,-13345616,21101700,124068110,211089848,169681820,15035464,-83576411,-45467756,19850016,27904600,6815734,-4187972,-3343476,-852608,11666,87448,42972,14300,3504,660,100,12,1 # cft deg6 r=8
1519285,7491700,11526024,3899164,-6499486,-7594012,-640136,989772,-3660809,-453976,4298512,971448,-2064148,-490200,609520,124408,-118285,-12636,15336,-404,-942,180,24,-4,1 # cft deg6 r=8
-114575,3911840,-58211248,12433624,220450574,-150605364,-222309752,195700344,101695533,-104729716,-32305268,32104740,9678318,-7373136,-1799972,1090148,171894,-44324,-32384,1160,3024,-176,-92,4,1 # cft deg6 r=12
-150018835,142678080,244778696,-295905620,-175064590,279546248,115002272,-147536620,-80410089,35185920,36704896,2186072,-8639284,-3013680,897872,676136,-4741,-76352,-8072,5180,898,-216,-48,4,1 # cft deg6 r=12
-130063939,-188425248,302461476,-251562032,429737154,203788,-367472412,77968824,185156989,-96122028,-35815124,40676940,-4222122,-6802024,2612632,254700,-370990,58468,19224,-7648,144,328,-44,-4,1 # cft deg6 r=8
-42131183,108293496,-75748340,1808092,47405888,-154793080,258841892,-199657380,31462762,72064684,-61321972,13190608,9252422,-7144032,1199120,695328,-384827,32444,26980,-8320,30,364,-48,-4,1 # cft deg6 r=8
-1632141551,-908088228,4343697228,2551450412,-3236891066,-2553561744,1550731592,1293130444,-476835083,-409144048,81008576,82928552,-10149654,-13161368,719408,1521804,-42286,-132860,3380,9592,176,-444,-36,8,1 # cft deg6 r=8
102521,284808,389936,-661376,-5880302,-7985292,-1720920,1921908,5324485,6670232,3511012,1497552,-256646,-565332,-383660,-157564,11326,25396,8104,2388,116,-236,-44,4,1 # cft deg6 r=12
1375457,7236984,15992516,22691040,26651342,25314000,18302172,11917416,8157599,3121184,-1567576,-2105904,-340796,561616,277656,50016,-81601,-10200,-4460,2704,366,-96,12,-8,1 # cft deg6 r=8
24125,578000,-4744960,4256960,-4027152,-24431260,64707824,-82799464,73899786,-33033180,8370100,1015244,-2513002,347660,-215504,-148264,-5647,-4720,-3260,1116,566,100,44,12,1 # cft deg6 r=8
3449,-50202,245280,-421198,-154911,1131410,-953102,552744,-287757,-554256,892672,-410680,-73645,210812,-119634,8050,17841,-2514,-2700,402,295,-36,-18,0,1 # cft deg6 r=8
67544,143984,-443032,-1878792,-1822780,1961432,6382940,5902456,910104,-2759664,-2271578,-212564,638989,339366,-20676,-81880,-26260,4406,5344,1198,-195,-152,-20,4,1 # cft deg6 r=8
-15896435,79894800,-110813932,-117360384,572756888,-796408332,478877728,117624568,-520909674,552378268,-360866348,158554364,-42490846,1950540,4076764,-1988264,394773,34672,-48952,16364,-2802,132,48,-12,1 # cft deg6 r=4
-98071,757976,-828204,-254320,211294,2630876,-4601196,3474088,-1490127,1154316,-2804132,2362860,-104098,-514840,43120,22820,46982,-6668,-11544,1648,1128,-144,-52,4,1 # cft deg6 r=4
-1541987,-2138684,2054236,4326132,-1509688,-4596468,75484,2346376,-445638,-1562912,-287456,451388,76298,-165384,-13824,51492,29421,-4096,-4488,-528,242,-204,52,-8,1 # cft deg6 r=4
183213197,-1613395928,6024803576,-12714167672,17095883184,-15452837740,9179918920,-2811681752,-643555286,1313434092,-794475744,263741020,-31575658,-14710540,8552576,-1631672,-187951,202848,-62616,10156,-262,-292,80,-12,1 # cft deg6 r=4
-5048000,-7686400,30389120,-30669440,7000832,-5022336,17710400,-12523712,-2225008,2866816,2792736,-1599808,-875232,638560,292880,-163856,40696,12496,-10216,256,284,-144,48,-8,1 # cft deg6 r=4
22675,-47950,116606,-131086,98965,-42624,-18650,-40916,151993,-190666,151868,-49430,-27737,29726,-8948,6816,-8161,1900,1508,-774,11,42,-20,0,1 # cft deg6 r=4
-180800,-324480,255936,-1229952,1039056,-873696,27616,684608,-870376,1352040,-1185124,797756,-650383,542620,-457540,353832,-202934,73956,-13046,-1440,1621,-528,102,-12,1 # cft deg6 r=4
-1160487,-986256,5158620,3742740,-8060364,-6761520,7396860,7024308,-4253270,-5334236,554416,3119696,325082,-942752,-254192,119664,109521,-9740,-22360,1968,1854,-164,-68,4,1 # cft deg6 r=12
-30583667,89943648,-27955412,-172037820,326525002,-205136772,-151505996,393661240,-285224715,104580,122734784,-50508720,-18292074,15581552,409676,-2330664,222322,203076,-32656,-10612,2148,312,-72,-4,1 # cft deg6 r=8
-324055,148096,-655800,-1839608,809190,1045400,2202072,3416232,1602399,1129504,-1123392,-1416848,1221700,573072,-523520,-57520,103799,-5600,-9416,2056,406,-232,-24,8,1 # cft deg6 r=8
81,0,-4212,0,9144,0,7956,0,28366,0,3612,0,-4094,0,-4088,0,469,0,948,0,334,0,-40,0,1 # cft deg6 r=8
-109036115,1586340,418613428,8306800,-582230436,-13825096,394337328,13613556,-130441738,-11975660,13220000,6524412,4377338,-2068396,-1755164,415740,287625,-54512,-27452,4496,1650,-208,-60,4,1 # cft deg6 r=8
-52303,-303908,1636064,-10533724,24294730,-39810232,34090880,-32449692,7574109,-9878836,-12120552,-761588,-6678418,-3171492,-616936,-508208,-56062,74988,27488,8416,2684,496,72,12,1 # cft deg6 r=4
107590720,-575796480,916932352,-293053824,-812223360,792146560,160139264,-312736960,-91354240,72777696,52850432,-8724768,-13263888,-1190816,1965696,440352,-140524,-63032,3840,4552,280,-196,-28,4,1 # cft deg6 r=4
49141,-1771600,-2697428,-3538920,-4192198,-3913712,-4043892,-918472,-383113,749120,-49192,-367984,-266916,100672,-37128,13776,29043,11920,-5188,856,330,-208,60,-8,1 # cft deg6 r=4
-533952,-14618880,-12389760,-22712832,3786624,15863040,92062080,96839232,90102320,32488992,14365632,1186464,2568288,950480,389328,119120,-4688,15872,-2376,-1344,476,-60,-36,4,1 # cft deg6 r=4
2587758597,4493372616,220190076,-3557720772,-974723094,1477731996,310120344,-551641272,-27368495,184503340,4533120,-37415768,-1714810,2832984,-24584,264488,80614,-63980,-13044,2220,2008,-152,-76,4,1 # cft deg6 r=4
2095825,-4197700,4148160,-4285520,3867958,-6960080,-3646136,-3763628,-2738667,-7027912,-4625564,3344820,2010902,208936,-817948,-137464,141838,7148,-11776,2868,-492,-44,36,-8,1 # cft deg6 r=4
-1430155,-5750344,-3066648,-2784148,12193774,-3792048,11577280,-11345976,6677573,-4863532,-1275868,1680024,345618,-474668,131004,23208,-19230,-7656,2296,12,420,-116,12,-4,1 # cft deg6 r=4
35657,531880,3051600,9306800,17141006,20945016,18760556,12171296,2495373,-7431424,-12505396,-9167968,-1686734,2216840,1608128,234720,-171266,-80512,-2668,5920,1136,-144,-56,0,1 # cft deg6 r=12
278209,436964,-3319660,-4455096,9694674,9462664,-11919748,-13047604,15469769,774296,-3420692,-583200,-167178,1115576,-206096,-308156,120002,27636,-19880,-212,1556,-100,-60,4,1 # cft deg6 r=8
-5181767,59609572,-53656736,-140152964,157321626,69140728,-73537036,115768916,80169769,-85446756,-42928096,31530240,14501586,-6874084,-3025012,975116,387250,-97732,-30428,6984,1444,-328,-44,8,1 # cft deg6 r=8
-38735,-47440,529936,-203292,-2273278,3283816,711120,-2121532,-418593,-1022112,1440064,1096408,-383812,-235600,-148640,-97608,431,7600,4144,3524,578,-216,-48,4,1 # cft deg6 r=8
-21440,-9221120,-117197696,-19270656,170666112,-39858688,-219925568,-24772352,99946400,25933600,-11897056,3328992,3025984,-2167200,-757840,414256,84060,-67320,-10360,6576,1172,-284,-60,4,1 # cft deg6 r=8
72673605,-602004960,2229230916,-4769472240,6365763864,-5244489216,2251659696,67101888,-591600158,222459152,25153592,-23471392,-9202558,5838288,1520956,-1393760,50413,143072,-24516,-6768,1954,128,-68,0,1 # cft deg6 r=4
-2118555,803520,7065576,-724140,-8626068,471744,6813996,-1000032,-3592426,1168776,1289856,-805684,-295978,258992,-19844,-76788,13993,8176,-4492,-264,730,24,-40,0,1 # cft deg6 r=4
602125,3153800,4603440,-3334740,-13175182,-7634924,6146416,10093224,6212861,4092228,3500964,1908224,252662,-534952,-624612,-368120,-99710,13836,20016,5724,128,-256,-36,4,1 # cft deg6 r=4
-1076275,-7316000,-2871920,8686020,28837214,1360784,-40129200,-4886100,32984247,8385808,-12559408,-2092408,3752916,300080,-690192,54680,122363,-8048,-11360,2804,1806,64,-64,-4,1 # cft deg6 r=4
-26922743,99650696,-210858076,218916356,-94829820,49323256,-108109604,143023320,231548294,-314584776,-44793080,156899428,-897358,-40533216,265064,5958828,149653,-520272,-30000,26352,2238,-712,-76,8,1 # cft deg6 r=4
75249,-407592,1299132,-351324,3519378,-1843380,-8961000,-2039976,-3589507,3590956,9358488,-1523288,-5536294,800088,1589600,-370168,-259870,105732,8596,-9996,920,344,-60,-4,1 # cft deg6 r=4
2255017,5179748,7167100,-10295376,-19003490,-19030988,13996240,-856168,-3367447,2726796,381312,-685148,-102914,160992,5704,-45620,6014,5264,-828,-728,44,124,-20,-4,1 # cft deg6 r=4
37249,216160,488052,1673232,1264728,-5686920,-19436088,-24316736,-5313342,13752944,6728548,-3812784,-1387818,985624,-99868,-225504,86081,31848,-15304,-2288,1310,64,-56,0,1 # cft deg6 r=8
25,-2600,8576,-32912,45346,-120804,187768,-210984,310497,-297132,63812,88188,-93326,87760,38580,-41964,-15318,-316,1656,1728,244,-168,-36,4,1 # cft deg6 r=8
-1434275,17374796,81237560,86136336,59807140,28192196,32918144,37491972,17110418,11204364,6718276,611472,-668030,-286080,-32008,67436,51393,14988,2948,-676,-446,-112,4,8,1 # cft deg6 r=4
50317,-2527352,5071100,4842716,-17794480,3550404,21874632,-14978284,-11603666,15137428,656704,-6814056,1538578,1746188,-761252,-234712,174081,9816,-21820,1080,1582,-140,-60,4,1 # cft deg6 r=4
21176,49104,-95760,-497384,1292588,-1664176,1300240,-1109224,1063844,-612684,-25146,313766,-211791,29572,25088,-22576,6528,-3082,-4170,1026,729,-54,-48,0,1 # cft deg6 r=4
-499,4016,-18880,131250,-381265,731500,-1166268,1448094,-1219917,529326,169662,-511530,480023,-260318,50612,41490,-37195,10488,1420,-1734,307,72,-30,0,1 # cft deg6 r=4
491661,-5587884,25767252,-61394148,62129042,18859256,-92323676,53139380,18196821,-22393876,-227288,3233908,-262714,-177724,152764,100688,-33566,-33164,-7528,1232,1532,488,104,12,1 # cft deg6 r=4
-4475,610080,-2150528,4443360,-1823010,6494096,-171656,-6308672,-1416391,823200,4243984,528016,-2537654,300528,1163560,108832,-183554,-48112,10664,5024,0,-176,-24,0,1 # cft deg6 r=4
100109,78546,-6878,-75486,139604,-390078,462192,-134640,-77136,-78290,126012,103244,-164859,-2098,75760,-14624,-24766,12364,1530,-2290,263,156,-32,-4,1 # cft deg6 r=4
-13109,-133004,-194008,99886,136133,-314490,-123546,451468,94821,-421072,-40050,282228,8595,-136276,-1844,48452,1847,-11882,-862,2030,321,-152,-32,4,1 # cft deg6 r=4
1288225,0,17152356,0,42918434,0,46000020,0,21857711,0,7408072,0,2605532,0,782408,0,154127,0,17620,0,1058,0,36,0,1 # cft deg6 r=0
105181877,-587640684,1515826284,-2338784288,2352684002,-1595800068,721243036,-192330200,13558133,9957452,-2612512,-850412,633550,-297848,144372,-68980,28750,-10008,3912,-1032,328,-60,24,-4,1 # cft deg6 r=0
35828125,146950000,342422500,517600000,521802750,302391960,8467460,-152773544,-118946201,-13587344,38510168,25675984,1527716,-4837984,-1562856,352992,280507,42336,-6396,-4496,-930,8,36,8,1 # cft deg6 r=0
638269,-3459292,14951664,-18569444,21869446,59557940,63363868,1256416,-20456399,-7637876,-8728264,-1685892,6628374,2265264,-1811444,-721724,264470,115640,-22612,-9908,1364,444,-52,-8,1 # cft deg6 r=0
115405,-470336,990920,-926232,2060560,-3211496,2988468,-961984,-1546766,1995184,-125920,-763396,474910,44136,-265396,63384,109137,-512,-15948,-612,1450,128,-56,-4,1 # cft deg6 r=0
242512448,-1122649600,2933238400,-3106734848,1153257792,-590269568,1923467136,-1769706240,-39311792,868137216,-373064256,-93122432,122674256,-38606464,4377008,179712,-230872,126528,-25264,-3536,1628,40,-52,0,1 # cft deg6 r=0
25253,18304,239092,143760,621738,81208,832972,-479488,897769,604280,252848,176176,66494,83168,110044,416,8198,8216,-216,-112,76,-48,-16,0,1 # cft deg6 r=0
167772069,391037976,506462640,517174548,302765824,107010392,-20360604,-42908852,-13048986,-19767972,3848476,-6436492,4298254,-2069360,1353108,-509336,243717,-75724,27368,-6844,1850,-348,68,-8,1 # cft deg6 r=0
426409,0,4296784,0,18330724,0,38304724,0,-2612642,0,4504428,0,939570,0,-144964,0,4029,0,2376,0,-58,0,4,0,1 # cft deg6 r=0
1084693,4553392,10047160,639952,-17333848,-17422444,37410072,-37626072,1439158,49499332,33703028,527708,2443622,244004,-1305376,-860328,-224087,15144,27316,11924,3370,692,116,12,1 # cft deg6 r=0
60149,138668,1229456,6521088,17747662,26176376,25928112,14948940,2301529,-3922296,-2861820,-593936,799646,498880,293964,12628,56798,-7916,4168,-932,-60,-52,-28,4,1 # cft deg6 r=0
204525,-437400,313308,52164,2722734,9649008,21078036,24494244,17726471,476528,-11312936,-6408008,520100,1477664,653928,104792,-124405,-72216,2316,8580,1006,-336,-60,4,1 # cft deg6 r=0
433091,-613486,1509374,-1624430,-1071739,5965288,-9395094,4327092,7571165,-17350370,19079240,-13162878,6138379,-2293242,702728,-14888,-126301,53996,-1664,-4438,947,106,-52,0,1 # cft deg6 r=0
1908416,-10506880,27315904,-44332416,46759312,-25159392,-10140064,32417024,-25747240,3360680,10822876,-10001924,3587713,225852,-760004,251624,50394,-81356,40618,-13280,3349,-672,102,-12,1 # cft deg6 r=0
24093,24516,-211512,-298668,-352300,-466904,1812380,1341312,-3030630,-233928,2226056,-1009312,-551914,635404,-74636,-117892,48997,4780,-8404,932,762,-116,-40,4,1 # cft deg6 r=12
6588297,600696,-24762024,-66612348,34502130,71253216,5891184,-5422812,-27447905,-24213744,19260128,8802424,-3753780,-1086400,-391792,130008,229975,-33992,-30712,4356,1922,-224,-64,4,1 # cft deg6 r=8
5499625,-8882000,-96179340,178861680,-39634668,-121276288,49022204,67368160,32544706,-79293968,-27093048,29633936,17966182,-5031328,-5668392,442336,894989,-18816,-78368,368,3914,0,-100,0,1 # cft deg6 r=8
-1950139,16733980,-58746788,112010492,-129199892,92669752,-36508064,-17168432,52280526,-46440028,19495616,3730940,-6948302,102852,1460132,-293460,-27203,14144,-1932,-1904,414,32,-12,0,1 # cft deg6 r=8
-10007891,-34352684,-28807660,-33213028,-123749390,-147047096,-64695260,-38262860,-62948939,-48939236,-20873912,-10694668,-7119898,-3086172,-734148,-16880,114018,86276,38264,12848,3260,648,104,12,1 # cft deg6 r=4
-127756359,37719432,220858596,82757376,-101846178,79514712,167919636,-20504352,-29104915,44463664,10530012,-10468240,1098526,1853240,-769512,-328896,53922,13792,-1376,944,184,-80,-28,0,1 # cft deg6 r=4
63738657,59035392,-109846044,74108088,7991874,-232067988,114102444,193014888,-102172355,-86836148,37693756,27596756,-5864414,-7237088,102288,1319668,123482,-131364,-32544,8424,3012,-336,-100,4,1 # cft deg6 r=12
6109357,111337296,421532020,518616976,-128740402,-799519640,-431046408,379145216,424346869,-48443400,-183861744,-18936032,47725986,8953808,-8369248,-1672864,1042510,164088,-89260,-7632,4568,96,-108,0,1 # cft deg6 r=12
-15259135,-82923640,-160803324,-149811712,-54254738,27665696,44456796,25737704,4173471,-1158464,-3853400,-562032,-812092,380528,-131048,115936,-28897,14456,-3500,432,-50,-80,12,-8,1 # cft deg6 r=8
-1124483,8553120,13923616,-34366400,81724512,-93805804,18974960,52190680,-45856790,-2471020,14947092,-1440564,46598,1458188,231408,58840,43265,-14304,-11548,-2756,-586,-28,44,12,1 # cft deg6 r=8
39230285,-23626884,-9088936,86736240,210769604,206686356,99170560,11834564,-31191566,-46130964,-35283100,-15348176,-2956142,563264,440056,16556,-39599,4332,11268,3356,114,-96,4,8,1 # cft deg6 r=4
-464913920,-2636284928,-5862585856,-5919574528,-1021252352,3765819136,3657254144,665351424,-996054080,-678793984,-29802624,131400512,45134656,-8356256,-7810208,-470720,707696,123152,-40704,-9960,1664,420,-52,-8,1 # cft deg6 r=8
-2258459,25981872,-132183812,388281024,-722007540,829814136,-485840312,-56490624,317689414,-205345176,13705756,50111952,-24502378,-396792,3916364,-995712,-206451,137904,-8592,-7776,1502,168,-64,0,1 # cft deg6 r=4
-2499719,-25129400,-61220584,-60794700,46265968,-11139232,28336588,9361416,-21547446,-1947976,2240716,-2254396,5826518,-1878344,-854460,501636,-95415,2488,15616,-5752,-306,392,-28,-8,1 # cft deg6 r=4
117919525,159387580,-162539204,-300816100,63340330,222915264,-5770536,-74332404,-6686663,7867160,3412524,1885176,-588166,-823680,-25812,156604,24986,-18620,-3124,1672,76,-164,-8,8,1 # cft deg6 r=4
7731725,-42713840,111088312,-184745628,238246244,-211387272,94858972,13594968,-56241878,40097208,-5834816,-9498156,6816470,-1001336,-1371228,843660,158333,-161144,-18996,13440,1582,-528,-64,8,1 # cft deg6 r=4
7745,40000,-17188,-259408,-5732,439832,-386536,-1233388,-1670594,1683680,503540,-3416372,-575350,671472,27836,124252,-35675,-9696,1488,-376,186,-32,-24,4,1 # cft deg6 r=8
30381025,-287620,-58412320,26324932,52750010,-41831464,-41921600,28588644,23733837,-13823156,-10695528,4712140,3560494,-1144052,-868648,179472,145986,-13572,-11936,-224,428,192,72,12,1 # cft deg6 r=4
30485725,62191800,-12415900,-150910760,-190266866,-118657608,-42402284,3529576,31161239,34990880,25476296,12465856,4880820,2073952,493352,123296,-33013,4776,5076,-3096,1406,-280,68,-8,1 # cft deg6 r=4
-2197355,7507092,-30124856,-7990116,20617058,39590852,82144120,6971340,22975799,10496488,-26373232,-10239688,6627692,1809384,-1080592,-119688,99795,-12988,-4056,1644,-302,20,24,-4,1 # cft deg6 r=4
277600889,845560040,569889404,-506420404,-672457406,26917884,291234340,62060488,-79668335,-31867796,17469660,9389160,-2594018,-1816056,117600,203944,10098,6772,-4200,-5060,1876,8,-68,4,1 # cft deg6 r=4
337986189,-1136962224,1809151092,-921777696,-625194488,1467533604,-1123305376,247953144,300560566,-355635172,188958676,-49467268,-2725006,7441308,-2640036,238040,128165,-44512,488,3436,-882,4,48,-12,1 # cft deg6 r=4
59328,-206208,426240,81024,-531584,-728832,2667520,1057728,-2468912,-4585088,-1903776,-192000,-809952,-1313056,-518272,207120,220176,54136,-6424,-7080,-1676,-60,52,12,1 # cft deg6 r=4
-9724608,-67036032,-165419904,-210223104,-178666880,-141646784,-105876608,-61984896,-34021168,-17717280,-5178016,-996960,-665984,-22496,133584,-5888,-5688,6768,-240,-560,200,28,-8,4,1 # cft deg6 r=4
2995137,-12565368,39085632,21168756,33765426,319368276,-71473224,346342440,70068473,-95314300,-42398480,-9830912,7249786,3229168,98560,-220296,-85518,4396,5728,300,-288,-112,8,4,1 # cft deg6 r=4
64129565,2874332,-52260476,60778196,116507626,16989820,-24634660,15074772,16498887,-8704424,-9789240,254088,2401148,535224,-171496,-90904,-12869,4876,2740,-156,-198,12,12,4,1 # cft deg6 r=0
109317861,262330596,514135464,593210604,628033124,412087820,259699116,62932360,27044894,-16187064,3087508,-5577356,2509130,-1106288,791652,-231420,137525,-38720,15584,-4096,1114,-268,44,-8,1 # cft deg6 r=0
16832,56192,55616,-37184,-103024,1952,165680,215584,195600,131680,-8956,-95608,-7999,123052,121160,38024,-5138,-8560,-1186,1668,1181,412,90,12,1 # cft deg6 r=0
5184,0,235008,0,574272,0,-926016,0,1462480,0,-547104,0,-25296,0,101808,0,-39144,0,6656,0,-500,0,8,0,1 # cft deg6 r=0
2454701,6404376,28140140,46080984,75678664,101391716,88485096,69345448,40918522,17497700,4363024,-1070196,-400490,-639652,145332,-85736,71005,-25200,12076,-4396,1378,-332,76,-12,1 # cft deg6 r=0
905002325,222819840,-349308424,128268464,625604040,243512420,-128293224,45658664,160330262,51991876,-3143660,10042940,12068486,3977892,345952,-152744,-33655,41288,32820,12372,3562,708,116,12,1 # cft deg6 r=0
60863625,-67454100,60241380,70564680,-24182318,-51624456,36667376,-35307388,23284433,-4194552,-210124,934692,-1184162,544384,-72116,-95352,72714,-17444,-1284,2228,-680,44,24,-8,1 # cft deg6 r=0
136525,-423920,668066,-476224,169675,203840,-256076,63848,425945,-304360,197334,-4484,-83837,49108,3270,-12588,6881,-908,-1344,772,-25,-124,58,-12,1 # cft deg6 r=0
34264,-79376,146848,-133608,79756,-29408,-20312,79368,-147188,116836,-2302,-76746,64305,-436,-24200,3296,6468,-338,-1518,-30,261,2,-24,0,1 # cft deg6 r=0
4153,-7568,28936,-115254,238811,-382908,554132,-713706,820087,-805906,676110,-505042,342119,-174230,37184,21746,-18211,2560,2888,-1734,267,88,-34,0,1 # cft deg6 r=0
1489,-7178,8768,-10682,22047,-7596,-22920,-10978,57599,1374,-68586,45138,13979,-18234,-9286,11776,599,-6276,3436,-14,-525,136,8,-8,1 # cft deg6 r=8
808079,547912,-892289,-988308,36369,1370914,-364569,-1386756,934525,745728,-657703,-275546,159672,97812,14184,-30314,-17817,5886,5460,-62,-737,-120,34,12,1 # cft deg6 r=8
277,-2604,5742,44,3323,-12970,-9706,-1254,5043,10246,14758,8270,-448,-3896,-905,2372,2533,716,-247,68,144,-10,-22,0,1 # cft deg6 r=8
14528,13120,-304256,960544,-1324464,180896,2776192,-5992920,7161792,-5356312,1971300,564716,-1075261,330886,359128,-486516,291546,-100862,16372,1926,-1621,316,-4,-8,1 # cft deg6 r=8
4673,-15738,-8200,126004,-214808,-106316,1041651,-2114250,2483923,-1859138,797077,-34770,-199260,137994,-40952,-4788,12359,-7008,1974,-16,-213,70,-2,-4,1 # cft deg6 r=0
55359,-432432,1688461,-4281548,7680180,-10004590,9386385,-6059672,2381701,-387146,52576,-205484,170222,-28834,-29057,13930,2686,-3384,419,350,-96,-40,30,-8,1 # cft deg6 r=0
141875,-498500,-2033350,310790,7446593,7037236,-6398014,-15210432,-6648567,5963136,8177430,3783144,813139,102376,-77588,-141120,-79483,-14986,4838,3640,665,-116,-50,0,1 # cft deg6 r=4
443,-3212,10270,-14170,6745,-4788,-17050,73168,565,-136840,7054,129056,8163,-63280,-11860,13080,2497,-898,526,504,109,-36,-22,0,1 # cft deg6 r=4
14678269,2296248,-9979051,-1680822,5881882,5017204,-4831007,-4170622,3664177,1638152,-1980040,-234846,755056,-103058,-179625,69124,18068,-16880,1963,1674,-684,22,46,-12,1 # cft deg6 r=0
12593,83846,273768,617556,1134080,1783020,2262515,2085206,1298703,667582,551393,421710,29176,-187374,-90208,14556,19939,4528,-1402,-1088,195,110,-18,-4,1 # cft deg6 r=0
316139,-1078740,2580170,-5247954,8474862,-10464978,10140258,-8005066,5073495,-2236560,303418,308560,-40020,-277738,233260,-23110,-53052,15738,5408,-1148,4,22,-26,0,1 # cft deg6 r=0
-14627,-67056,556054,-619726,-259842,700120,-387587,-1455980,735821,485802,-839083,418222,194817,-980450,-450111,256880,149839,-28882,-22177,1528,1708,-30,-66,0,1 # cft deg6 r=8
2421,-19686,87782,75380,69021,-229436,-356874,279574,233065,-109496,-51904,5620,26889,12004,-8500,-4206,-2745,-620,1288,372,-93,-30,-8,0,1 # cft deg6 r=4
-8,-32,664,-2892,6278,-8856,11727,-18050,25964,-30478,29575,-25548,21588,-18166,14324,-10048,6288,-3714,2186,-1242,617,-242,68,-12,1 # cft deg6 r=4
8,72,616,4216,18150,50010,91857,110578,72759,-3502,-51338,-44140,-22305,-12058,-3327,4392,4407,1532,151,-188,-96,-4,0,0,1 # cft deg6 r=4
31752,152712,65304,-502056,-280046,-345910,1645205,-653470,-437093,511466,-339630,-37628,179223,-21514,-16303,-2440,-6761,2652,2047,-172,-68,-4,-16,0,1 # cft deg6 r=4
265651,-701136,2031413,-2473030,2469799,-632902,-1253896,452170,-93152,-613132,660837,399688,-223492,-224434,38475,58496,2897,-9508,-1893,908,296,-40,-24,0,1 # cft deg6 r=4
179,-12680,-13787,64018,65067,-45854,-180,82498,8648,-19836,44081,40392,-1008,-7650,-2385,-1664,-63,812,327,28,8,-8,-8,0,1 # cft deg6 r=4
200,2000,-160,-9020,8322,16468,-21365,27996,10257,-120708,158386,-138578,111623,-44966,-8579,11340,-1937,344,-85,-308,122,26,-18,0,1 # cft deg6 r=4
-123512,386912,-223304,-276124,253854,-121532,358375,-179444,-220539,164452,104014,-102058,-15377,36034,-2103,-8340,1711,1760,-673,-228,146,18,-18,0,1 # cft deg6 r=4
-32728,-243776,-583084,-311232,615424,632390,-816091,-1676564,98655,1737810,232094,-1194030,-256535,522424,112679,-150186,-27739,29044,3309,-3574,-178,298,-20,-8,1 # cft deg6 r=4
-46952,58744,257596,-589136,-2613558,-516922,5316457,4874092,-2722176,-6015456,-1431585,2778068,2044790,-155406,-725756,-249948,63690,66200,12510,-3536,-1999,-264,30,12,1 # cft deg6 r=4
-200,-2600,-13316,-39328,-78214,-114266,-128279,-113076,-75664,-30168,7363,26244,25682,15962,7228,2900,1238,480,218,272,289,176,62,12,1 # cft deg6 r=4
3125,67750,74975,-216030,425398,-677004,314981,486788,-898297,558530,43286,-352384,311478,-97676,-66785,77306,-20466,-8054,6117,-664,-484,154,4,-8,1 # cft deg6 r=8
1,-10,21,54,-795,3476,-9309,15372,1183,-31776,59303,-28234,-6810,12738,-11742,188,3235,-588,260,250,-175,-84,8,8,1 # cft deg6 r=8
-2680619,9427980,-9105826,-15398126,54253898,-72270496,55043879,-25920420,9263035,-6096448,5469969,-2568386,-182912,940296,-497234,57104,60221,-31036,2564,2970,-1251,138,36,-12,1 # cft deg6 r=4
6257423,-66764,8945787,20875604,41596316,59005560,66204006,46667080,23010891,1707524,-6405716,-5644262,-1273107,519238,478777,84624,-27328,-16308,-2137,42,498,86,-34,-4,1 # cft deg6 r=0
112793,-141738,39061,32534,62189,-168652,90979,57836,-43261,-77272,60599,33782,-33878,-18150,17510,8172,-6625,-2724,1736,762,-199,-116,4,8,1 # cft deg6 r=0
8472493,-24638388,61607115,-40634800,-21552386,35647116,-6170402,-13439794,6303342,4306136,-2026194,-1009364,334111,114404,-61282,-1182,20474,660,-3874,-436,385,68,-24,-4,1 # cft deg6 r=0
5861,3994,13319,90862,159722,146532,146477,204636,210439,129486,81330,95696,92510,55700,35147,36710,31902,16366,3857,-552,-668,-162,4,8,1 # cft deg6 r=0
14197,98258,247622,400408,463431,340166,453526,838354,736631,424094,362314,74248,-293276,-211814,40437,82080,12003,-13872,-4509,1188,624,-40,-40,0,1 # cft deg6 r=8
461,3426,-3646,-12592,17779,11422,-45234,-10206,58903,190,-45690,14824,30180,-15838,-16203,7632,6279,-1872,-1617,212,260,-8,-24,0,1 # cft deg6 r=8
504063,-1685502,1939662,688278,-4357580,4731286,-1179081,-1918902,1517409,316752,-552923,-485934,871347,-326144,-154113,164668,-25785,-22750,10069,438,-1084,172,32,-12,1 # cft deg6 r=4
1367,-6660,11829,-14020,-2450,24302,-12564,-24118,56973,-31896,-18890,28922,3427,-22082,7191,1780,716,-830,41,0,50,-26,-2,0,1 # cft deg6 r=4
109,1482,6134,14226,23656,35614,52032,56964,34495,2450,2455,25578,34805,21184,8143,1920,574,556,53,-100,16,20,-4,0,1 # cft deg6 r=4
-42091,36722,1159206,2065810,270140,-2444682,-1687792,920444,1575779,339434,-556153,-427606,-12183,117592,53151,-4104,-11330,-3420,657,620,84,-36,-16,0,1 # cft deg6 r=4
105839,-53260,-920808,1694156,552254,-4698000,6205122,-4186996,985997,1718788,-2433358,963996,506102,-552324,21056,142296,-38340,-19932,10702,440,-1238,216,28,-12,1 # cft deg6 r=8
1914286631,3954109130,4955036637,4930124790,3908720267,2632028000,1533865676,761043012,337106090,131995916,48078787,17570950,6775556,2475966,806325,193576,25607,-5026,805,708,428,-26,-2,-4,1 # cft deg6 r=0
1327181,-428088,-9389312,-2479488,20519558,9270948,-20679620,-10045796,11211093,4334328,-3727692,-640256,1001270,-79396,-266272,33948,58094,-2172,-8164,-404,684,68,-32,-4,1 # cft deg6 r=12
-154619,-757988,-934122,1037856,3458329,2560372,-657194,-2089774,-825711,422824,129486,-212356,-32872,15102,30148,1012,-20996,10182,722,-1668,327,82,-30,0,1 # cft deg6 r=8
8496448,129709568,700823168,1865480320,3092923904,3310190720,2164309440,584530432,-372749408,-508446848,-228228288,-4455584,44170016,18980576,35280,-2430384,-634588,82624,68760,8736,-1804,-624,-36,8,1 # cft deg6 r=8
4469765,-3059844,-4113080,-29552532,-25755118,-21520044,-3186568,1805964,6458951,1695832,485200,-1075752,-153748,-51896,114448,-3400,2483,-6484,744,-260,322,-28,-8,-4,1 # cft deg6 r=4
-61,-1308,-11334,-55718,-177837,-393254,-615378,-661812,-414126,14462,343106,391540,231186,55634,-24532,-26594,-8443,814,1530,394,-55,-46,-2,4,1 # cft deg6 r=4
5109725,15473130,17769824,12897516,9365947,3139964,-2169722,-1938434,-729109,-219934,173100,222428,91960,9110,-14438,-8666,-500,1224,1316,938,179,-70,-18,4,1 # cft deg6 r=4
505,2016,-19116,-9824,145266,-192972,349292,-333604,-147403,299392,-131504,72192,-10502,-30988,15948,-10868,6926,1404,-1504,-468,284,36,-16,-4,1 # cft deg6 r=12
558157825,-2215207620,1087460612,-1416963224,772363402,567220644,564608940,-135374544,-308387409,-100881288,25317256,31257856,3892604,-1609432,351288,11152,-116465,-2036,3252,-1576,378,116,-36,0,1 # cft deg6 r=8
-9138575,-13768230,39159188,79836546,-26371108,-126445380,-23018704,93350368,37068055,-39281216,-20337820,10709906,6278608,-2042190,-1232500,291554,164453,-31932,-15280,2686,1013,-152,-46,4,1 # cft deg6 r=8
2438525,1168460,-6858232,1403412,17155784,12304624,-16208644,-9077812,-1429514,-2582148,-1275832,44476,611650,180324,-22132,-19664,-12611,4248,2764,308,94,-72,-8,0,1 # cft deg6 r=4
1,2,-34,-14,1177,-362,-6408,7518,1391,-4714,2778,-4032,420,5554,-3470,-828,602,410,-122,-126,71,8,-16,0,1 # cft deg6 r=4
-12967,-107518,-286800,-293236,97946,576756,631638,389490,321351,341080,173350,8352,23268,44484,814,-13152,803,2576,-530,-254,157,12,-20,0,1 # cft deg6 r=4
107584,0,-57536,0,367696,0,3578192,0,11098360,0,-7599524,0,-1530895,0,679060,0,156946,0,-38134,0,2761,0,-86,0,1 # cft deg6 r=8
9834496,0,-56197120,0,158204928,0,-272663552,0,241046016,0,-109792000,0,28754624,0,-4956480,0,587520,0,-46928,0,2400,0,-72,0,1 # cft deg6 r=8
-6916571,-21323660,-97937868,44059828,180861356,9177064,-99275112,-35500084,8863262,20543772,3245336,-7288884,-918682,732628,85924,49104,-22951,-14280,1156,1028,366,-96,-20,0,1 # cft deg6 r=4
-1148185,-4991124,-7545478,-2005214,7399739,9504994,3091894,-3973500,-5766258,-2775450,565590,1455524,728758,33914,-155664,-90170,-14279,8478,5482,1114,-203,-174,-26,4,1 # cft deg6 r=4
1,18,120,492,1535,4108,4410,-3042,-8093,2,4572,-6428,-14600,-5498,9042,12190,4996,-1024,-1680,-518,-13,18,6,4,1 # cft deg6 r=4
153219277,-33892100,-20540032,-77586036,104337554,-15030828,34195544,-46726132,24254199,-14178248,3478944,-2471528,3319532,-1040088,-382064,5432,150267,-21556,-13664,284,1282,4,-40,-4,1 # cft deg6 r=4
-8167,13794,110026,161770,202649,599350,1021972,436982,-787941,-995738,-81202,483904,233600,-76646,-74754,4796,12946,-1102,-2146,242,319,-16,-28,0,1 # cft deg6 r=4
505,-2206,5392,-9940,14254,-17524,16742,-17022,23383,-29976,22218,-4848,-6852,6180,-1082,-1216,547,200,-34,-78,29,20,-8,0,1 # cft deg6 r=4
177306944,66171904,85172864,4439424,78720448,-46749440,44455168,-30187392,24571296,-18812672,17105568,-11890048,8656592,-5252160,2797440,-1293264,564004,-205136,65736,-17608,4096,-744,116,-12,1 # cft deg6 r=0
11397205,6919888,35422564,22517432,44397072,13002996,25529848,4351880,14201722,-951596,4058668,-2167108,1238174,-806460,452020,-239672,112245,-47096,18408,-6124,1802,-436,88,-12,1 # cft deg6 r=0
3847031505,1407535068,2077165280,1312455604,1308973934,358908988,412494792,238636228,163502543,40383576,22923488,7589896,3452420,388152,280624,69256,9279,-3316,4224,-2172,878,-308,72,-12,1 # cft deg6 r=0
2444119,3730950,8259526,7277022,7288027,4990546,4184034,1927052,461773,-168244,45034,172288,197789,27660,14630,-22370,7547,-1430,3660,-850,269,-160,66,-12,1 # cft deg6 r=0
1034125,-924520,-61002,56884,2475271,-4912624,5802438,-5812328,5970829,-5328692,3678590,-1700620,446696,-13056,24284,-95052,102894,-65148,30548,-10640,2973,-628,106,-12,1 # cft deg6 r=0
-64,192,1824,-2816,-12400,37264,2328,-183096,455844,-673932,760754,-742282,640097,-458282,250386,-94498,18028,4540,-5694,2590,-571,-24,50,-12,1 # cft deg6 r=4
22208,117440,217376,128896,-47248,24656,292936,364024,91940,-238172,-258098,-10586,125085,47934,-27986,-18090,2048,3148,694,-290,-263,40,38,-12,1 # cft deg6 r=4
593559,-1045230,-630403,588910,1364075,-1215860,-2492773,4030970,2767483,-4409966,-2038923,2503324,1001264,-907238,-365566,208298,96165,-25092,-14396,1534,1213,-38,-54,0,1 # cft deg6 r=8
-307831,-2138570,-6951274,-13081642,-13739857,-3418534,12826942,20262540,10705741,-3946706,-7805456,-2401104,1564758,1150810,-96910,-292008,-53967,36760,16448,-444,-1564,-280,24,12,1 # cft deg6 r=8
774104,1955488,2855916,2256004,74720,-1165376,-268799,715798,-329005,-714510,787286,1057400,-215457,-637788,-96805,166704,54103,-21342,-10133,1384,970,-36,-48,0,1 # cft deg6 r=4
330331,-936000,732521,672636,-1451400,196186,1780209,-2452234,1942833,-1318038,928558,-539040,190126,-26484,-2735,-3764,4920,-1554,467,-228,88,-40,4,0,1 # cft deg6 r=0
625,-2750,8175,-18670,33689,-51628,66756,-75146,75478,-69916,62092,-47940,30517,-18302,12994,-6350,1389,-524,1058,-624,195,34,-28,0,1 # cft deg6 r=0
-12197,45296,82432,-429248,89092,1062250,-655167,-892304,371529,556814,-11571,-132784,-10580,22692,-15754,-10996,10371,3908,-3000,-660,507,32,-38,0,1 # cft deg6 r=8
-8825,-148670,-160808,528294,817561,47126,-268471,-752904,-1881390,-1188062,893845,1294484,147520,-434516,-171188,70640,49654,-6204,-8257,208,829,4,-46,0,1 # cft deg6 r=12
48519,186786,191754,-196818,-550127,-204478,435464,437774,-67553,-272174,-73340,80994,44909,-14062,-13306,2512,3435,-592,-872,52,185,0,-22,0,1 # cft deg6 r=8
-4999,16210,-5507,-156032,94895,488780,-612277,-366698,1320726,-724238,-486861,217574,492450,-292710,-129424,182684,-51045,-20604,16057,-1620,-1235,334,12,-12,1 # cft deg6 r=8
-89135,-437286,-132203,907914,-997926,1715958,-1941652,1512840,-1530262,1280192,-555868,229942,-230813,139434,-51418,34960,-12734,-8656,7218,-534,-799,190,24,-12,1 # cft deg6 r=4
1760425,-4868728,7676767,-7898722,4057527,7099622,-12968143,8405690,-1837492,-7914310,7295283,2606088,-2327936,-157806,242222,-55160,-13213,17162,2889,-3480,-77,296,-22,-8,1 # cft deg6 r=4
-7193,-47470,48202,237416,-912335,1255264,-755494,-262750,808284,-600354,81662,195190,-161090,31442,27180,-19394,1826,2762,-1168,-228,184,62,22,8,1 # cft deg6 r=8
-1789,-9558,-24597,-42918,-55000,-41918,-27551,-2252,-18981,-20954,-36206,-12578,4072,3294,5903,-10966,3778,-3054,2703,-668,-176,136,-18,0,1 # cft deg6 r=4
1016,-6464,25396,-72444,162560,-294220,436175,-530868,528449,-422906,262110,-114114,23589,8488,-8071,870,2283,-1732,535,20,-76,22,4,-4,1 # cft deg6 r=0
32041,-240934,934813,-2397750,4367622,-5992638,6442665,-5459146,3775951,-2375942,1711406,-1598968,1483378,-1032796,427273,-43602,-55528,34630,-3997,-2032,1208,32,-62,0,1 # cft deg6 r=0
-5976,-5376,146540,485948,720800,467352,22949,-183482,-226289,-216150,46730,262968,91611,-119484,-68533,29192,23743,-3934,-4693,248,554,-4,-36,0,1 # cft deg6 r=4
747,-2400,7153,-10596,14340,-15686,41777,-41450,68209,-71942,87934,-97048,79910,-54756,27593,-9236,3292,278,135,220,68,16,16,0,1 # cft deg6 r=0
1849,20554,56295,-73174,126517,-175332,230916,-263410,175378,5076,-106168,53948,30101,-40854,14162,506,-3419,2572,-438,-504,223,26,-24,0,1 # cft deg6 r=0
-6961,-12084,-13181,-31338,-66140,-111554,-147529,-163078,-164115,-167852,-170674,-153866,-97554,-24046,16541,14486,1606,-2538,-1599,-594,-116,52,46,12,1 # cft deg6 r=4
-2641663,-14719278,-12998556,13947028,20620249,-815670,-11142203,-4909186,1914298,3956682,1493107,-1424398,-1264126,105742,400388,76548,-57072,-23004,2665,2674,163,-158,-26,4,1 # cft deg6 r=8
1600,5760,-10208,-26528,77168,-45952,-5752,-19504,108740,-132068,64778,2294,-16775,1790,8226,-7778,3480,-504,-366,270,-7,-80,50,-12,1 # cft deg6 r=0
-12475,-55300,-8768,22498,148665,513844,45549,-371906,-95100,-525156,-155747,833158,318854,-461452,-297278,37472,95362,43852,6845,-2728,-1531,-196,34,12,1 # cft deg6 r=12
-8,-248,984,-4968,8690,-852,2507,4050,21778,7548,10659,27962,-9376,7246,9788,-3672,2894,1022,-1244,236,361,-20,-34,0,1 # cft deg6 r=8
-10155283,-28007222,-19328127,22094794,70468740,93848280,39725302,-68368474,-109426422,-51846532,10822072,21370320,6056681,-2892416,-2648486,-640724,121552,117084,24686,-2566,-2169,-306,28,12,1 # cft deg6 r=8
-33625,361280,-1604618,3883008,-5337664,3207762,2016581,-5474816,3388291,1981482,-5186895,3996248,-773598,-1375252,1630278,-955082,334585,-54638,-9694,8284,-2119,174,40,-12,1 # cft deg6 r=4
-6775,57130,68459,-611418,-1859752,-237562,4533260,4771784,-1744880,-5661190,-2191856,2145632,2208145,267464,-558822,-294476,2940,48196,13810,-1344,-1447,-216,30,12,1 # cft deg6 r=8
-16184419,2135410,-6024888,-28868744,50005425,-67610734,68633052,-53663772,35607825,-19576118,9477168,-4359280,1961776,-799770,243462,-23934,-22023,9068,2122,-2204,264,138,-30,-4,1 # cft deg6 r=4
-43,-574,-3305,-11586,-28836,-55402,-86252,-112536,-125872,-122390,-104348,-78608,-53279,-33440,-20034,-11500,-6172,-2868,-914,32,265,176,62,12,1 # cft deg6 r=4
423307,-2862192,9285802,-18955200,26822540,-27063790,19175605,-9034136,2905539,-1784782,2379005,-1985536,739906,115420,-224770,51766,36013,-25934,4170,1748,-847,54,44,-12,1 # cft deg6 r=0
79736,90856,101104,37352,19882,-52628,-20487,-9992,45380,33542,17809,-10728,-19866,-12740,-876,5032,4112,104,-1308,-324,203,58,-18,-4,1 # cft deg6 r=4
200,11320,37224,26832,-70770,-207028,-157963,26496,118728,5870,11373,106552,100078,-10884,-39988,-952,15136,2880,-2968,-604,427,82,-30,-4,1 # cft deg6 r=4
3143627,-5875300,3264038,-3607192,8303857,-3669058,6536187,-6956912,2867088,1966252,-89169,1544158,-435086,-17288,34378,-63324,34350,-13136,5345,-1352,513,-94,32,-4,1 # cft deg6 r=0
100379813,103158148,-1319892464,1641577954,1077110716,-3027096446,657511754,1911641398,-1063288709,-536437540,527140960,30529300,-128130918,17633158,16386506,-4438602,-1058628,467702,22322,-25696,1052,718,-66,-8,1 # cft deg6 r=8
-14528,62464,-74064,-111696,402176,-68488,-736309,485216,891937,-543892,-665082,207100,250035,-2092,-43381,-21136,11565,7564,-4221,-976,550,88,-52,0,1 # cft deg6 r=8
568175,-1060500,2699040,1114620,2415432,90934,1511149,-1200394,-333153,-450224,1502421,-12126,20639,-213894,110895,9942,5421,-6098,443,162,386,-60,-26,4,1 # cft deg6 r=0
2034581,-8255516,23741527,-47824812,77266025,-99413106,107081924,-95162060,72801926,-47161838,27186761,-13613350,6463888,-2723748,1094537,-438736,183455,-58634,15521,-4430,1380,-358,74,-12,1 # cft deg6 r=0
67411,2043358,15475776,54585152,113316444,150966746,128244309,57896354,-4505123,-21908534,-6518701,9638512,11804946,5714256,608692,-835304,-481679,-80154,20416,10370,703,-346,-56,4,1 # cft deg6 r=8
315529,-413280,-4838986,-10064096,-12578030,-9404240,1211316,9779784,9815139,5981002,2548912,421260,-266207,-134770,43676,80094,58064,27760,6542,-922,-1071,-250,-2,8,1 # cft deg6 r=8
269348125,-649766750,899062825,-674593950,320427345,-72843020,25973782,-45045834,41236194,-14874630,-727331,2132544,126812,-666954,283477,-15248,-22875,6864,1353,-1164,202,54,-22,0,1 # cft deg6 r=0
-9565625,-34556260,-28772739,53653918,129805396,74945326,-57301951,-101475614,-33358392,30634820,29208323,2652376,-7290098,-3140870,544085,679780,70834,-69216,-17651,3500,1490,-72,-60,0,1 # cft deg6 r=8
-25,-500,-2747,-5154,3628,11054,14401,9570,-13232,-6492,5347,1768,7022,-4638,-12535,1932,6306,-352,-1691,28,266,0,-24,0,1 # cft deg6 r=8
-109,634,2547,-318,5382,11080,10384,13212,19937,22184,21780,13568,6355,3782,243,-3956,-3064,804,1467,-122,-338,46,38,-12,1 # cft deg6 r=4
52667,-139876,777852,-914040,1262394,-1535130,1422035,-1294796,999461,-712806,452683,-256766,152936,-56106,11450,-8268,1701,232,540,10,9,-42,8,0,1 # cft deg6 r=0
188675,-255860,-84196,805896,185898,-105978,969975,756884,241877,504258,432791,188234,113988,69614,35670,11756,1009,632,456,250,105,14,8,0,1 # cft deg6 r=0
458775,-1386990,1547583,-662694,646366,-1180192,386408,620484,-174631,-480584,169932,174344,79699,-225674,10427,110908,-41248,-15500,11571,-450,-1098,222,26,-12,1 # cft deg6 r=4
-344,2904,-3036,-7632,20418,2966,-46001,61296,11627,-120344,141788,-78006,-3447,24566,-16573,3928,145,-1124,809,-38,48,34,-10,0,1 # cft deg6 r=4
-70568,519416,-20252,333808,-720322,58310,-318289,310896,-1749,139168,-41900,-34406,-42131,10262,14363,4728,-3895,-2012,681,258,12,-22,-14,0,1 # cft deg6 r=4
97969,0,1305992,0,3927343,0,-2977046,0,998919,0,-1261888,0,1167273,0,-416656,0,60513,0,-4214,0,475,0,-34,0,1 # cft deg6 r=0
-861759,64098,440600,1857342,2385671,1976452,2250602,1108836,1325581,512986,415984,240934,96645,123522,25468,31716,5933,4828,1814,538,151,62,20,0,1 # cft deg6 r=4
40675,330400,-815135,523190,443002,-2163890,3493063,-3929424,3663805,-2807234,1623380,-961546,421964,-107572,73951,4804,2538,556,-1355,32,-82,68,8,-8,1 # cft deg6 r=4
-6673363,-12988772,9530462,31608938,3549223,-29264514,-14887940,6920390,3320751,-2530676,1057998,3217372,1663923,495480,181290,-20172,-81535,-29098,4144,4242,387,-218,-40,4,1 # cft deg6 r=4
251200,-1648000,-2029920,-296800,-691648,476960,14943856,22360200,-35236,-25011152,-20020090,-15778,8044661,4129850,53860,-639744,-194197,13804,18430,3030,-349,-214,-24,4,1 # cft deg6 r=4
37453824,62668800,140152832,165527552,104578048,37271808,-40698176,-27399808,-2745520,-945920,1985112,-568576,-379391,15936,74780,22624,10974,-6784,790,128,133,48,-18,0,1 # cft deg6 r=4
