# IGP24 class field sweep: deg12.
121,-4686,38686,146064,-401,-160650,118712,2160,105226,-2130,55990,-5208,8873,6126,4900,2238,1354,330,-148,-30,-2,6,13,6,1 # cft deg12 r=0
1,0,5,0,9,0,-4,0,-21,0,-35,0,9,0,61,0,15,0,-37,0,6,0,-1,0,1 # cft deg12 r=0
1,0,-7,0,15,0,-22,0,78,0,-122,0,117,0,-98,0,81,0,-46,0,15,0,-4,0,1 # cft deg12 r=0
1,0,-1,0,6,0,-37,0,15,0,61,0,9,0,-35,0,-21,0,-4,0,9,0,5,0,1 # cft deg12 r=0
1,0,-4,0,15,0,-46,0,81,0,-98,0,117,0,-122,0,78,0,-22,0,15,0,-7,0,1 # cft deg12 r=0
4489,0,-10854,0,19235,0,-19575,0,16233,0,-8607,0,4042,0,-1227,0,489,0,-147,0,23,0,-6,0,1 # cft deg12 r=0
4489,0,15879,0,20810,0,13164,0,7497,0,8601,0,8413,0,5241,0,2193,0,624,0,122,0,15,0,1 # cft deg12 r=0
4489,0,-5025,0,3974,0,3432,0,-4467,0,2013,0,1177,0,-1539,0,489,0,-72,0,26,0,-9,0,1 # cft deg12 r=0
6889,0,11454,0,15973,0,12410,0,8022,0,387,0,1891,0,96,0,130,0,-95,0,-6,0,-1,0,1 # cft deg12 r=0
515871,1919520,2726265,1793970,703522,-136888,-2784,5538,234789,172172,154442,38058,11084,-1412,6219,2718,2512,956,486,-6,-33,-4,15,6,1 # cft deg12 r=0
10819,-9610,70006,-6490,51721,29862,-62228,-99344,43538,-13024,-57241,59554,34517,-20546,-3404,4180,1496,3220,2793,1152,318,62,15,6,1 # cft deg12 r=0
1552384,2207744,2830336,2570240,2083840,1426176,926464,691936,623408,402656,183080,-16802,-53521,-41846,-9527,1528,3341,1474,348,-30,-6,14,15,6,1 # cft deg12 r=0
213637,917472,2273597,3313918,3999241,3337130,2505310,1067536,212559,-427612,-473043,-397862,-195917,-83714,-7224,9894,13627,7820,4119,1546,557,146,37,6,1 # cft deg12 r=0
125289,-105930,351741,-384558,94612,-542700,26697,-187458,206060,114974,253853,216560,233298,179720,130060,75256,38615,16474,6295,2046,617,154,37,6,1 # cft deg12 r=0
176317,-238158,533028,-479056,30270,-28556,248353,192130,-79290,-131364,-42485,52772,47430,5556,-13820,-7566,709,2136,959,26,-166,-66,1,6,1 # cft deg12 r=0
71221,310166,710893,1279674,1124523,-240490,-996747,-615106,250333,499436,320336,58740,-67980,-71262,-24309,3204,6422,2642,213,-278,-146,-32,7,6,1 # cft deg12 r=0
5749,15850,37004,86878,140003,171152,180285,222028,296483,328574,302011,193674,68569,2296,-1201,10646,11374,6406,2200,392,34,-4,7,6,1 # cft deg12 r=0
18693,0,-48267,0,74817,0,-80256,0,62266,0,-32984,0,12082,0,-3791,0,1344,0,-460,0,112,0,-16,0,1 # cft deg12 r=0
18693,0,27342,0,6147,0,-4848,0,7471,0,16948,0,14953,0,8092,0,3012,0,794,0,145,0,17,0,1 # cft deg12 r=0
18693,0,20925,0,13059,0,11538,0,6739,0,-2927,0,265,0,-671,0,135,0,-49,0,16,0,-1,0,1 # cft deg12 r=0
18973,0,5223,0,96630,0,-57155,0,45036,0,-72309,0,28082,0,-4848,0,2295,0,-211,0,69,0,-3,0,1 # cft deg12 r=0
18973,0,38811,0,-17034,0,-105287,0,-73380,0,46047,0,93278,0,55644,0,16803,0,2849,0,297,0,21,0,1 # cft deg12 r=0
18973,0,102162,0,263733,0,349114,0,283770,0,126204,0,26651,0,-4542,0,-2736,0,-238,0,60,0,15,0,1 # cft deg12 r=0
18973,0,-40746,0,41613,0,-43034,0,85038,0,-114552,0,91163,0,-43506,0,15036,0,-3370,0,456,0,-33,0,1 # cft deg12 r=0
18973,0,1935,0,58968,0,-10301,0,71943,0,-24060,0,34148,0,-10653,0,3000,0,131,0,84,0,12,0,1 # cft deg12 r=0
18973,0,-107385,0,219300,0,-178169,0,66015,0,-45984,0,34940,0,-5973,0,468,0,-157,0,60,0,-12,0,1 # cft deg12 r=0
4096,36864,161792,446976,855296,1181184,1195776,891168,503424,255744,164592,123528,71759,23532,2312,696,2224,1632,576,96,16,24,17,6,1 # cft deg12 r=0
13689,0,27378,0,31077,0,24750,0,15430,0,9528,0,5371,0,2354,0,980,0,430,0,132,0,19,0,1 # cft deg12 r=0
13689,0,-12285,0,15732,0,-13845,0,16795,0,-7595,0,6205,0,-1835,0,1095,0,-70,0,67,0,5,0,1 # cft deg12 r=0
64,0,192,0,240,0,208,0,276,0,408,0,380,0,204,0,69,0,26,0,15,0,6,0,1 # cft deg12 r=0
324,0,648,0,-810,0,756,0,1809,0,-3132,0,7416,0,-5148,0,3186,0,-1164,0,234,0,-24,0,1 # cft deg12 r=0
64,0,192,0,312,0,376,0,345,0,186,0,53,0,18,0,36,0,38,0,21,0,6,0,1 # cft deg12 r=0
2304,0,18432,0,42624,0,15744,0,-21840,0,-12288,0,7480,0,-480,0,225,0,-118,0,-9,0,6,0,1 # cft deg12 r=0
5776,0,10032,0,8556,0,1276,0,-1623,0,-1464,0,138,0,192,0,159,0,-68,0,-6,0,0,0,1 # cft deg12 r=0
248176,-480480,918720,-730752,502308,290736,-551088,756156,-345699,83400,220842,-204696,170045,-63420,28926,-2148,2784,144,870,-96,177,-12,18,0,1 # cft deg12 r=0
64,384,3456,7584,36216,59616,85500,136932,187425,57180,47898,105984,22985,3624,23346,3768,-60,2448,294,132,105,12,18,0,1 # cft deg12 r=0
29241,0,49248,0,77436,0,63288,0,21060,0,6156,0,-2106,0,-3672,0,2916,0,-600,0,132,0,-12,0,1 # cft deg12 r=0
133488,-557280,714096,-611280,828576,-483192,1032660,5220,695673,-57612,100908,-33984,1822,18228,-840,5856,-441,828,140,12,30,0,12,0,1 # cft deg12 r=0
99856,0,83424,0,201048,0,60184,0,29721,0,10800,0,2810,0,864,0,99,0,8,0,18,0,0,0,1 # cft deg12 r=0
505521,0,396738,0,-210843,0,-68418,0,178794,0,75546,0,-819,0,-1422,0,3546,0,1302,0,117,0,-6,0,1 # cft deg12 r=0
505521,0,-1100628,0,1536084,0,-1426788,0,1018116,0,-535680,0,217638,0,-68652,0,16452,0,-2964,0,396,0,-24,0,1 # cft deg12 r=0
6241,0,28914,0,58917,0,68582,0,42282,0,12858,0,9101,0,6234,0,2730,0,838,0,165,0,18,0,1 # cft deg12 r=0
6241,0,-27492,0,53940,0,-57292,0,18924,0,19632,0,-15658,0,1764,0,2052,0,-1052,0,228,0,-24,0,1 # cft deg12 r=0
7921,0,41118,0,94419,0,120934,0,93627,0,45576,0,14714,0,3264,0,411,0,-70,0,-21,0,-6,0,1 # cft deg12 r=0
126736,0,375936,0,421704,0,34616,0,-19839,0,10446,0,-9967,0,-258,0,1308,0,-506,0,129,0,-18,0,1 # cft deg12 r=0
7921,0,-32040,0,52500,0,-37484,0,5508,0,6324,0,-154,0,-1440,0,-132,0,164,0,84,0,12,0,1 # cft deg12 r=0
126736,0,158064,0,132396,0,-279460,0,134145,0,30048,0,15284,0,3192,0,2454,0,592,0,120,0,12,0,1 # cft deg12 r=0
126736,0,-277680,0,48972,0,223364,0,97713,0,18228,0,18158,0,15684,0,6843,0,1744,0,270,0,24,0,1 # cft deg12 r=0
10265616,0,-4037040,0,4702860,0,1868940,0,-737883,0,-675054,0,85041,0,66834,0,1512,0,-1506,0,-27,0,18,0,1 # cft deg12 r=0
13456,0,-51504,0,71148,0,4156,0,-7755,0,-4650,0,3449,0,2538,0,384,0,-58,0,-3,0,6,0,1 # cft deg12 r=0
13456,0,-23664,0,94812,0,-117380,0,99129,0,-65664,0,30350,0,-10428,0,2883,0,-616,0,102,0,-12,0,1 # cft deg12 r=0
13456,0,-80736,0,210264,0,-311240,0,287553,0,-170868,0,64262,0,-13860,0,951,0,284,0,-66,0,0,0,1 # cft deg12 r=0
13456,0,34800,0,63756,0,68812,0,58233,0,32376,0,13970,0,3792,0,1191,0,284,0,66,0,0,0,1 # cft deg12 r=0
1089936,0,-3420144,0,4149468,0,-2737260,0,1229445,0,-380754,0,105453,0,-11754,0,1512,0,534,0,-63,0,-6,0,1 # cft deg12 r=0
841,0,-1914,0,3975,0,-3598,0,4419,0,-2112,0,2138,0,-384,0,699,0,-38,0,87,0,-18,0,1 # cft deg12 r=0
1265625,0,-3543750,0,5619375,0,-4691250,0,4342275,0,-2110320,0,627498,0,-106128,0,13419,0,-2154,0,351,0,-30,0,1 # cft deg12 r=0
1265625,0,5568750,0,10479375,0,9524250,0,3888675,0,410400,0,-46422,0,576,0,2187,0,-750,0,63,0,6,0,1 # cft deg12 r=0
16528,0,-41280,0,49512,0,-19784,0,-12255,0,14466,0,-3175,0,-1242,0,1044,0,-298,0,57,0,-6,0,1 # cft deg12 r=0
1033,0,5388,0,9456,0,8384,0,7776,0,4860,0,3158,0,1644,0,696,0,256,0,72,0,12,0,1 # cft deg12 r=0
16528,0,-10272,0,26424,0,-22472,0,15033,0,-4560,0,2678,0,-1788,0,1071,0,-220,0,6,0,12,0,1 # cft deg12 r=0
16528,0,4656,0,-10164,0,3268,0,6213,0,834,0,-175,0,270,0,120,0,-22,0,45,0,-6,0,1 # cft deg12 r=0
1033,0,-2388,0,4008,0,2912,0,-1704,0,-1068,0,566,0,444,0,-240,0,-32,0,48,0,-12,0,1 # cft deg12 r=0
83673,0,66744,0,169938,0,306936,0,339903,0,238896,0,117468,0,42480,0,11655,0,2328,0,306,0,24,0,1 # cft deg12 r=0
1033,0,-3000,0,7704,0,-6016,0,1416,0,528,0,-442,0,-72,0,120,0,-32,0,24,0,0,0,1 # cft deg12 r=0
16528,0,-69264,0,132684,0,-157940,0,135105,0,-87180,0,43466,0,-16872,0,4983,0,-1084,0,162,0,-12,0,1 # cft deg12 r=0
16129,0,118274,0,142707,0,179542,0,94155,0,69228,0,29762,0,13044,0,3915,0,946,0,179,0,22,0,1 # cft deg12 r=0
256,0,0,0,31232,0,74112,0,74720,0,104224,0,17360,0,1032,0,1289,0,686,0,179,0,22,0,1 # cft deg12 r=0
39056,137856,228944,341040,626516,938360,875976,476772,157645,63180,40506,15392,6329,5304,4018,1400,640,280,218,52,45,12,10,0,1 # cft deg12 r=0
72448,19968,-27904,-29376,107968,7872,-7276,-20924,49401,-1868,7534,-7856,10477,392,642,632,548,176,226,52,21,20,10,0,1 # cft deg12 r=0
65536,0,262144,0,409600,0,223232,0,147968,0,59136,0,28368,0,8504,0,3001,0,566,0,111,0,10,0,1 # cft deg12 r=0
1681,-10988,26692,-36520,56788,-74296,86184,-74036,95548,-56360,65260,-39008,28430,-21380,9468,-7400,3196,-1448,936,-156,180,-8,20,0,1 # cft deg12 r=0
1,0,28,0,160,0,1160,0,1032,0,5100,0,13902,0,13580,0,6792,0,1944,0,320,0,28,0,1 # cft deg12 r=0
841,-1740,7096,-1112,15536,32,13888,4332,12008,-2840,12556,-2352,8470,-2996,4904,-504,984,432,80,148,40,8,12,0,1 # cft deg12 r=0
48889,252184,515056,575536,544620,611008,525724,342624,360212,362424,274964,221392,151006,97064,57096,28032,16148,4720,3084,480,372,24,28,0,1 # cft deg12 r=0
3721,-4880,-11116,-12096,1616,23672,105068,146400,-5248,-97944,-9092,5312,4206,19344,22404,9600,8328,3304,1884,448,312,24,28,0,1 # cft deg12 r=0
12609,57384,-61200,-118864,719412,-1070616,972176,-321344,-96876,324544,-212796,145616,-35506,17464,13864,-6016,7884,-2424,2080,-320,324,-16,28,0,1 # cft deg12 r=0
529,0,1104,0,864,0,792,0,576,0,-392,0,766,0,-336,0,144,0,-56,0,32,0,-8,0,1 # cft deg12 r=0
4528,-13600,-29840,105968,342912,326440,-303140,-350444,242041,-386672,285678,4352,153737,56772,63354,20740,15620,4552,2434,568,297,28,26,0,1 # cft deg12 r=0
70121,-206452,434582,-479280,431783,-216636,279150,-343988,482691,-392268,242400,-143812,82826,-43180,26424,-13660,6139,-2640,1098,-252,231,-8,26,0,1 # cft deg12 r=0
1,0,-14,0,3197,0,62302,0,264058,0,64202,0,38853,0,850,0,-4950,0,-474,0,141,0,26,0,1 # cft deg12 r=0
76729,0,522950,0,1560001,0,2174582,0,1268906,0,418822,0,121377,0,31834,0,8378,0,1738,0,273,0,26,0,1 # cft deg12 r=0
841,0,1218,0,1089,0,362,0,570,0,402,0,321,0,22,0,74,0,46,0,17,0,6,0,1 # cft deg12 r=0
15625,0,6250,0,38125,0,-28250,0,10450,0,-6430,0,6053,0,-1286,0,418,0,-226,0,61,0,2,0,1 # cft deg12 r=0
4,0,0,0,30,0,0,0,73,0,0,0,84,0,0,0,75,0,0,0,16,0,0,0,1 # cft deg12 r=0
1193,0,-106,0,389,0,786,0,-542,0,430,0,77,0,-242,0,274,0,-142,0,53,0,-10,0,1 # cft deg12 r=0
36864,0,55296,0,34560,0,10368,0,-6192,0,-1728,0,924,0,-1008,0,189,0,0,0,15,0,0,0,1 # cft deg12 r=0
9409,0,0,0,38928,0,0,0,56256,0,0,0,27566,0,0,0,3936,0,0,0,240,0,0,0,1 # cft deg12 r=0
9409,0,-41904,0,73848,0,-51840,0,-6528,0,21708,0,8558,0,-20592,0,11856,0,-3456,0,528,0,-36,0,1 # cft deg12 r=0
150544,0,9312,0,846156,0,748472,0,1258245,0,461646,0,163185,0,3258,0,5256,0,122,0,21,0,6,0,1 # cft deg12 r=0
150544,0,791520,0,1415352,0,844160,0,-109935,0,-515718,0,26025,0,26982,0,3780,0,770,0,129,0,6,0,1 # cft deg12 r=0
9409,0,14550,0,9711,0,-107814,0,130395,0,-15900,0,37994,0,-16500,0,3483,0,102,0,111,0,-6,0,1 # cft deg12 r=0
9409,0,68094,0,213111,0,387498,0,450291,0,305076,0,79538,0,3996,0,13347,0,-2802,0,255,0,-6,0,1 # cft deg12 r=0
11728,0,77088,0,247608,0,500432,0,703461,0,609114,0,315161,0,97494,0,17616,0,1714,0,81,0,6,0,1 # cft deg12 r=0
11728,0,28224,0,2604,0,-25376,0,1149,0,12120,0,3230,0,-4560,0,-1245,0,536,0,138,0,0,0,1 # cft deg12 r=0
11728,0,-30144,0,41868,0,-20696,0,13917,0,-7122,0,2105,0,-42,0,1704,0,-166,0,117,0,-6,0,1 # cft deg12 r=0
11728,0,-26016,0,-5508,0,35128,0,4785,0,-9690,0,6809,0,9870,0,4056,0,1070,0,225,0,6,0,1 # cft deg12 r=0
187648,0,516096,0,376704,0,61696,0,45936,0,-30720,0,-17800,0,-2880,0,525,0,308,0,90,0,12,0,1 # cft deg12 r=0
11728,0,-28224,0,2604,0,25376,0,1149,0,-12120,0,3230,0,4560,0,-1245,0,-536,0,138,0,0,0,1 # cft deg12 r=0
11728,0,35040,0,47196,0,16984,0,10257,0,15186,0,-751,0,-966,0,1644,0,-1198,0,333,0,-30,0,1 # cft deg12 r=0
733,0,5964,0,23952,0,57452,0,90084,0,93624,0,67970,0,32724,0,10512,0,2212,0,300,0,24,0,1 # cft deg12 r=0
11728,0,9504,0,28092,0,43528,0,41361,0,26106,0,11249,0,2586,0,888,0,158,0,129,0,-18,0,1 # cft deg12 r=0
11728,0,-29376,0,71004,0,-93424,0,77289,0,-41118,0,13337,0,-4530,0,708,0,238,0,93,0,18,0,1 # cft deg12 r=0
733,0,4878,0,16293,0,34930,0,46734,0,32454,0,6605,0,-3138,0,-186,0,410,0,93,0,6,0,1 # cft deg12 r=0
11728,0,59040,0,114348,0,99896,0,33765,0,-6684,0,-8938,0,276,0,2427,0,508,0,66,0,0,0,1 # cft deg12 r=0
11737,0,-10692,0,14112,0,-36824,0,46920,0,-35340,0,18374,0,-7140,0,2184,0,-520,0,96,0,-12,0,1 # cft deg12 r=0
11737,0,-29106,0,50445,0,-38506,0,17922,0,-3522,0,-283,0,-150,0,114,0,34,0,-3,0,-6,0,1 # cft deg12 r=0
187792,0,-971520,0,1986408,0,-1702768,0,423033,0,188004,0,-52198,0,-26172,0,1443,0,1804,0,330,0,24,0,1 # cft deg12 r=0
187792,0,-179520,0,374172,0,17248,0,567777,0,575448,0,127910,0,-11412,0,-2493,0,788,0,30,0,-12,0,1 # cft deg12 r=0
187792,0,67584,0,415752,0,466960,0,561081,0,-271020,0,198812,0,-49572,0,13230,0,-1588,0,228,0,-12,0,1 # cft deg12 r=0
11737,0,10692,0,14112,0,36824,0,46920,0,35340,0,18374,0,7140,0,2184,0,520,0,96,0,12,0,1 # cft deg12 r=0
187792,0,637824,0,1431612,0,957152,0,-75039,0,-262344,0,-39754,0,36132,0,17043,0,3100,0,270,0,12,0,1 # cft deg12 r=0
187792,0,-749760,0,858348,0,79216,0,-539619,0,-15582,0,146297,0,50130,0,12576,0,2654,0,381,0,30,0,1 # cft deg12 r=0
12544,0,26880,0,31680,0,22016,0,6528,0,1200,0,1676,0,792,0,21,0,-62,0,39,0,6,0,1 # cft deg12 r=0
784,0,1008,0,1476,0,1424,0,-2295,0,-2484,0,758,0,1620,0,963,0,124,0,54,0,0,0,1 # cft deg12 r=0
49,0,84,0,558,0,34,0,1914,0,-1074,0,1418,0,-336,0,282,0,-46,0,18,0,-6,0,1 # cft deg12 r=0
784,0,3360,0,7416,0,12512,0,18153,0,19734,0,14711,0,6996,0,2256,0,562,0,111,0,12,0,1 # cft deg12 r=0
784,0,3024,0,5976,0,7972,0,9153,0,7686,0,6185,0,3006,0,1692,0,686,0,153,0,18,0,1 # cft deg12 r=0
49,0,-420,0,1287,0,-1586,0,303,0,690,0,122,0,78,0,255,0,170,0,63,0,12,0,1 # cft deg12 r=0
853,0,1176,0,396,0,1224,0,780,0,-228,0,338,0,-192,0,180,0,-144,0,60,0,-12,0,1 # cft deg12 r=0
853,0,-2298,0,2799,0,-558,0,-1605,0,1320,0,122,0,-408,0,-9,0,18,0,15,0,6,0,1 # cft deg12 r=0
218368,0,-373248,0,91776,0,61056,0,48432,0,-57024,0,9080,0,4104,0,-1023,0,-378,0,75,0,18,0,1 # cft deg12 r=0
218368,0,55296,0,89472,0,167040,0,76656,0,31680,0,18152,0,4752,0,3009,0,486,0,147,0,18,0,1 # cft deg12 r=0
13648,0,96,0,-46728,0,109840,0,-1827,0,-227466,0,249585,0,-113130,0,22428,0,-182,0,-75,0,18,0,1 # cft deg12 r=0
13648,0,-77760,0,214284,0,-356528,0,410517,0,-300924,0,148278,0,-44964,0,12699,0,-1844,0,306,0,-24,0,1 # cft deg12 r=0
13648,0,37920,0,27756,0,-6520,0,3933,0,3456,0,2040,0,360,0,378,0,-16,0,-12,0,0,0,1 # cft deg12 r=0
853,0,-1176,0,396,0,-1224,0,780,0,228,0,338,0,192,0,180,0,144,0,60,0,12,0,1 # cft deg12 r=0
13648,0,60384,0,93708,0,53456,0,20097,0,7848,0,7638,0,-216,0,747,0,344,0,6,0,0,0,1 # cft deg12 r=0
13648,0,-60384,0,93708,0,-53456,0,20097,0,-7848,0,7638,0,216,0,747,0,-344,0,6,0,0,0,1 # cft deg12 r=0
235408,0,-570624,0,551772,0,-120080,0,52665,0,22668,0,16772,0,-2460,0,1038,0,404,0,72,0,12,0,1 # cft deg12 r=0
235408,0,-246720,0,479016,0,-511504,0,101769,0,90984,0,-34582,0,-3876,0,3387,0,-620,0,90,0,-12,0,1 # cft deg12 r=0
14713,0,-4806,0,40071,0,-36194,0,92115,0,-4800,0,-4102,0,-12528,0,411,0,1094,0,279,0,18,0,1 # cft deg12 r=0
235408,0,570624,0,551772,0,120080,0,52665,0,-22668,0,16772,0,2460,0,1038,0,-404,0,72,0,-12,0,1 # cft deg12 r=0
235408,0,839520,0,1321692,0,1122824,0,590817,0,242076,0,97574,0,32448,0,6435,0,856,0,150,0,12,0,1 # cft deg12 r=0
235408,0,553248,0,657180,0,578392,0,551409,0,100764,0,93086,0,21864,0,7659,0,3584,0,606,0,36,0,1 # cft deg12 r=0
235408,0,-84960,0,285720,0,-131056,0,-23199,0,64362,0,-11695,0,-3966,0,3996,0,370,0,-111,0,-6,0,1 # cft deg12 r=0
235408,0,323904,0,12924,0,-86816,0,208689,0,-115716,0,65750,0,-24420,0,7563,0,-1756,0,270,0,-24,0,1 # cft deg12 r=0
235408,0,-834336,0,1438908,0,-1404248,0,884337,0,-375336,0,158246,0,-56256,0,18843,0,-2440,0,390,0,-24,0,1 # cft deg12 r=0
60264448,0,-173328384,0,193312512,0,-99853952,0,17180880,0,5035488,0,-2256388,0,80424,0,56829,0,-6106,0,879,0,-42,0,1 # cft deg12 r=0
235408,0,-754560,0,1114188,0,-1018816,0,708645,0,-358278,0,141449,0,-38310,0,7416,0,-710,0,69,0,-6,0,1 # cft deg12 r=0
14713,0,82950,0,154383,0,-241126,0,64755,0,13416,0,5930,0,-8328,0,3387,0,-878,0,159,0,-18,0,1 # cft deg12 r=0
15376,0,86304,0,198060,0,234792,0,150381,0,58494,0,35093,0,32466,0,16440,0,3690,0,441,0,30,0,1 # cft deg12 r=0
15376,0,0,0,5928,0,0,0,-3087,0,0,0,2810,0,0,0,2355,0,0,0,90,0,0,0,1 # cft deg12 r=0
961,0,-6696,0,22632,0,-52016,0,85608,0,-29916,0,28302,0,-4824,0,3168,0,-368,0,72,0,-12,0,1 # cft deg12 r=0
246016,0,333312,0,373056,0,297088,0,75456,0,2304,0,7716,0,2088,0,477,0,-2,0,15,0,6,0,1 # cft deg12 r=0
437509,-2671836,6413646,-7098216,2112723,3160596,-2079650,-2949732,4673403,-1937116,-730056,999036,-231790,-145644,103200,-13100,-11961,7272,-870,-900,339,40,-30,0,1 # cft deg12 r=0
46336,92160,1026816,-36864,1803648,-975360,1316224,-978240,716400,-572608,403584,-278352,173000,-91776,48396,-21932,10353,-4140,1818,-420,219,-8,18,0,1 # cft deg12 r=0
4,0,-36,0,270,0,-698,0,1287,0,-1428,0,1001,0,-522,0,294,0,-160,0,63,0,-12,0,1 # cft deg12 r=0
64,0,-96,0,-24,0,260,0,-279,0,240,0,14,0,-852,0,1359,0,-440,0,102,0,-12,0,1 # cft deg12 r=0
64,0,-192,0,528,0,-1264,0,1980,0,-2292,0,2474,0,-1830,0,387,0,112,0,69,0,12,0,1 # cft deg12 r=0
4,0,-12,0,-30,0,-262,0,1161,0,684,0,-100,0,-210,0,15,0,40,0,24,0,6,0,1 # cft deg12 r=0
4,0,36,0,270,0,698,0,1287,0,1428,0,1001,0,522,0,294,0,160,0,63,0,12,0,1 # cft deg12 r=0
16384,0,-12288,0,66048,0,213376,0,168720,0,63840,0,29432,0,6264,0,2289,0,470,0,123,0,18,0,1 # cft deg12 r=0
264208,0,324576,0,3205500,0,2100344,0,1160025,0,295020,0,83204,0,13812,0,3246,0,-44,0,-24,0,-12,0,1 # cft deg12 r=0
264208,0,-442848,0,1480956,0,-803288,0,1077105,0,176508,0,-59986,0,876,0,-93,0,-484,0,198,0,-24,0,1 # cft deg12 r=0
16513,0,-76356,0,153840,0,-181852,0,145248,0,-85836,0,41462,0,-15636,0,4392,0,-860,0,120,0,-12,0,1 # cft deg12 r=0
16513,0,-83664,0,201072,0,-288164,0,267864,0,-170808,0,79046,0,-28032,0,7920,0,-1732,0,264,0,-24,0,1 # cft deg12 r=0
264208,0,936096,0,1598076,0,472520,0,-10479,0,84288,0,116510,0,-56364,0,22395,0,-3788,0,486,0,-12,0,1 # cft deg12 r=0
16513,0,-7308,0,35184,0,-29788,0,29256,0,-14988,0,854,0,1428,0,-216,0,4,0,48,0,-12,0,1 # cft deg12 r=0
264208,0,694176,0,1183548,0,1485592,0,1472985,0,1115628,0,625910,0,241620,0,59019,0,5588,0,102,0,0,0,1 # cft deg12 r=0
16513,0,76356,0,153840,0,181852,0,145248,0,85836,0,41462,0,15636,0,4392,0,860,0,120,0,12,0,1 # cft deg12 r=0
264208,0,515424,0,302268,0,-54632,0,-70839,0,22032,0,40742,0,5700,0,2883,0,-412,0,150,0,-12,0,1 # cft deg12 r=0
264208,0,-694176,0,1183548,0,-1485592,0,1472985,0,-1115628,0,625910,0,-241620,0,59019,0,-5588,0,102,0,0,0,1 # cft deg12 r=0
283024,0,0,0,-171204,0,0,0,31737,0,0,0,-2746,0,0,0,219,0,0,0,30,0,0,0,1 # cft deg12 r=0
283024,0,0,0,11208,0,0,0,18129,0,0,0,-3718,0,0,0,579,0,0,0,-6,0,0,0,1 # cft deg12 r=0
17689,0,31920,0,11160,0,-140612,0,34488,0,130284,0,3534,0,-13824,0,2448,0,-1460,0,456,0,-36,0,1 # cft deg12 r=0
4528384,0,-10622976,0,14342976,0,-6754304,0,2536128,0,-743904,0,39972,0,18288,0,-2403,0,202,0,111,0,-18,0,1 # cft deg12 r=0
1498192,7039104,12145392,8893536,192660,-6131232,-7326284,-5202420,-1692279,624356,1336092,1034208,508994,139932,-8892,-34112,-17697,-4212,672,996,234,-56,-24,0,1 # cft deg12 r=0
1129,0,444,0,-3564,0,-9176,0,15876,0,10296,0,7190,0,1668,0,756,0,152,0,60,0,0,0,1 # cft deg12 r=0
4624384,0,-21448704,0,51459840,0,-73123456,0,66263184,0,-33941088,0,9374120,0,-1293240,0,83961,0,-962,0,51,0,-18,0,1 # cft deg12 r=0
18064,0,139200,0,459996,0,721168,0,400785,0,-152820,0,-47734,0,23364,0,-345,0,-1204,0,258,0,-24,0,1 # cft deg12 r=0
1129,0,2922,0,-1665,0,-3082,0,19971,0,25848,0,15290,0,6936,0,2619,0,766,0,159,0,18,0,1 # cft deg12 r=0
91449,0,-350406,0,1093257,0,-2146230,0,2524122,0,-1830006,0,841257,0,-244458,0,42138,0,-3450,0,9,0,6,0,1 # cft deg12 r=0
18064,0,91392,0,297420,0,400864,0,301941,0,155802,0,51737,0,12642,0,4080,0,650,0,237,0,18,0,1 # cft deg12 r=0
1129,0,-444,0,-3564,0,9176,0,15876,0,-10296,0,7190,0,-1668,0,756,0,-152,0,60,0,0,0,1 # cft deg12 r=0
1129,0,606,0,4455,0,21850,0,44187,0,52260,0,39146,0,18348,0,5043,0,638,0,-9,0,-6,0,1 # cft deg12 r=0
18064,0,-2112,0,-32760,0,12224,0,41985,0,-67260,0,56822,0,-32532,0,11895,0,-2444,0,318,0,-24,0,1 # cft deg12 r=0
91449,0,-247374,0,421119,0,-426330,0,376083,0,-271296,0,176490,0,-60480,0,4635,0,1326,0,-81,0,-6,0,1 # cft deg12 r=0
289,0,1530,0,4017,0,830,0,-3310,0,-4030,0,3425,0,1490,0,-270,0,-210,0,17,0,10,0,1 # cft deg12 r=0
289,0,-1683,0,2487,0,-1600,0,7325,0,-133,0,3326,0,-649,0,-195,0,0,0,47,0,1,0,1 # cft deg12 r=0
289,0,-323,0,607,0,-1680,0,1585,0,-1033,0,346,0,611,0,-215,0,-60,0,107,0,21,0,1 # cft deg12 r=0
289,0,85,0,607,0,-960,0,1525,0,-1645,0,2470,0,-2065,0,1405,0,-600,0,167,0,-15,0,1 # cft deg12 r=0
4,0,-20,0,92,0,-100,0,240,0,-70,0,295,0,115,0,180,0,55,0,32,0,5,0,1 # cft deg12 r=0
18769,0,-34798,0,65717,0,-80670,0,77850,0,-60518,0,35381,0,-13154,0,2450,0,-50,0,-3,0,6,0,1 # cft deg12 r=0
18769,0,38360,0,22562,0,-6000,0,7935,0,40960,0,42380,0,20080,0,4175,0,40,0,-78,0,0,0,1 # cft deg12 r=0
18769,0,1233,0,121887,0,-89740,0,66605,0,-21157,0,5246,0,-361,0,-75,0,-60,0,47,0,-11,0,1 # cft deg12 r=0
19321,0,-6811,0,-1769,0,11040,0,85,0,-3581,0,1606,0,1039,0,-275,0,0,0,71,0,9,0,1 # cft deg12 r=0
1984401,-1463796,1889595,1930452,-1551239,1937254,1022726,-1001150,889883,308394,-365465,197050,65390,-75420,22205,8512,-6837,790,714,-258,81,-6,-15,2,1 # cft deg12 r=0
3173616,10936224,14505120,12566112,13876576,14096424,8545176,4532440,3502308,1709584,213200,1990,14115,-47940,-38495,-9608,2588,3720,1349,132,-64,-56,-15,2,1 # cft deg12 r=0
424331,-2065314,5047194,-9079204,12350393,-13144244,11621199,-8007856,4787853,-2139020,940943,-177386,154323,51906,63622,30060,22802,9564,4689,1780,562,168,37,6,1 # cft deg12 r=0
104329,230622,519024,1149108,1731715,2479178,3256826,4040352,4459463,4007754,3166872,2100884,1300575,685834,352142,148928,65164,21764,8432,2236,721,164,37,6,1 # cft deg12 r=0
2609261,2769082,7771465,4080340,10783097,6117270,7162051,5405370,3400652,2410750,1347070,700792,378093,187418,94796,50488,24926,11896,4901,1852,610,160,37,6,1 # cft deg12 r=0
2809,0,-7420,0,7432,0,5505,0,-9272,0,1605,0,6425,0,525,0,-43,0,50,0,22,0,0,0,1 # cft deg12 r=0
650671,1128568,147605,-939574,-813208,185012,724949,144532,-353055,-174118,104813,117154,-13123,-42460,-9647,4626,6413,1016,-648,-474,-123,20,19,6,1 # cft deg12 r=0
9281,8832,-25797,25056,216703,174458,-300654,-527588,-16005,475634,262437,-151220,-168873,6116,55215,13954,-6195,-2670,151,82,-42,10,19,6,1 # cft deg12 r=0
224659,804556,1749010,2158732,2518693,1955062,1475394,744384,419798,212530,177759,153524,103478,56006,21921,11042,5991,3004,1214,360,138,40,19,6,1 # cft deg12 r=0
78791,-277408,420738,179236,301723,-385102,160706,-79688,164400,-53556,100852,45760,65497,23066,18070,9174,6520,2590,1266,512,228,60,19,6,1 # cft deg12 r=0
1907651,-743512,1186830,1635556,718542,1111302,569139,114782,273660,-56588,57123,-5116,-3408,-310,-2917,-214,98,16,277,136,102,50,19,6,1 # cft deg12 r=0
1879,3666,-8590,-1318,124203,197912,-5236,-246206,-122162,114190,101149,-19226,-25517,-654,-6584,-2428,5036,1714,-821,-250,48,30,19,6,1 # cft deg12 r=0
1,0,8,0,30,0,30,0,42,0,-17,0,-42,0,-54,0,4,0,26,0,23,0,7,0,1 # cft deg12 r=0
1,0,7,0,23,0,26,0,4,0,-54,0,-42,0,-17,0,42,0,30,0,30,0,8,0,1 # cft deg12 r=0
708749,1897998,5600164,3343798,5875037,4477354,4824170,5431500,3112823,2506606,2081778,1244986,750451,462840,230292,102706,47780,18016,6170,2080,607,142,35,6,1 # cft deg12 r=0
59509,92168,-795971,-962292,2928857,768184,1810645,864030,1355203,329476,-374402,-351084,-105724,11280,-2283,1716,1650,1896,725,210,202,82,35,6,1 # cft deg12 r=0
824621,5267584,15506706,29926196,44377601,54365406,57394273,53008846,43156885,31287790,20277071,11761766,6080877,2794904,1147939,419634,139987,43310,12796,3506,853,178,35,6,1 # cft deg12 r=0
136231,334674,67866,-334524,1068716,-1590274,1562673,-1504724,1083795,-937230,655716,-480774,313342,-160356,92509,-32356,17552,-3450,2581,36,358,68,35,6,1 # cft deg12 r=0
7225,0,-26350,0,60145,0,-90100,0,106896,0,-101134,0,63400,0,-23751,0,5934,0,-1331,0,235,0,-19,0,1 # cft deg12 r=0
10201,0,-18685,0,-10420,0,8442,0,11836,0,16706,0,12263,0,3836,0,810,0,250,0,5,0,-14,0,1 # cft deg12 r=0
12101,0,-32527,0,20547,0,5318,0,-3607,0,135,0,1885,0,156,0,-213,0,-145,0,81,0,-11,0,1 # cft deg12 r=0
7637659,10389254,10299399,8593348,16030947,10750536,11760225,8659024,6304424,5090186,3351270,1927818,1084311,532680,233850,97250,43748,19384,7311,2570,799,200,41,6,1 # cft deg12 r=0
1383601,-4140716,9165564,-14479680,18999280,-20157884,18381362,-12254218,7243497,-2962458,952753,-94370,-20650,54788,30244,13384,22340,7562,5173,1962,637,192,41,6,1 # cft deg12 r=0
199871,517216,1030418,1356102,2245850,3318624,2107952,-53436,-147748,-541542,-1074845,-311328,363268,247566,67330,6924,-5272,-3868,-236,76,325,116,41,6,1 # cft deg12 r=0
618221,174464,1874751,4005104,7029596,9109884,11256813,10375470,9837507,7498206,5531836,3618040,2146453,1187360,582186,265624,109397,39940,13853,3896,1116,226,51,6,1 # cft deg12 r=0
18769,0,-3425,0,-8506,0,525,0,10990,0,-7400,0,2123,0,295,0,-26,0,-110,0,53,0,-10,0,1 # cft deg12 r=0
1,0,0,0,5,0,0,0,-6,0,0,0,29,0,0,0,-6,0,0,0,5,0,0,0,1 # cft deg12 r=0
2401,0,14406,0,-28957,0,10926,0,16979,0,-8596,0,1706,0,3932,0,-317,0,-82,0,123,0,22,0,1 # cft deg12 r=0
12544,0,-34816,0,7552,0,106496,0,-81744,0,-50048,0,37368,0,6912,0,-2519,0,648,0,350,0,24,0,1 # cft deg12 r=0
5041,0,-142,0,2789,0,-9378,0,-550,0,1994,0,3005,0,-718,0,298,0,-58,0,21,0,-6,0,1 # cft deg12 r=0
1134592,-913408,-363520,2418688,-493824,-738304,1606976,-424320,-33584,401088,-48864,18560,73528,-7216,17492,3960,701,1104,824,-200,194,-16,12,0,1 # cft deg12 r=0
80656,0,976608,0,230716,0,860760,0,-155743,0,-2784,0,-20748,0,-18096,0,4342,0,2112,0,296,0,24,0,1 # cft deg12 r=0
5041,0,142,0,2789,0,9378,0,-550,0,-1994,0,3005,0,718,0,298,0,58,0,21,0,6,0,1 # cft deg12 r=0
507152,-564224,13520,-1758160,579316,-489832,2252508,1654248,2518861,1928856,1659828,891352,571456,255640,125468,46424,20026,5928,2668,440,308,16,24,0,1 # cft deg12 r=0
10201,0,16160,0,55256,0,6240,0,-5304,0,-3956,0,2134,0,-528,0,-16,0,80,0,8,0,-4,0,1 # cft deg12 r=0
10201,0,-16160,0,55256,0,-6240,0,-5304,0,3956,0,2134,0,528,0,-16,0,-80,0,8,0,4,0,1 # cft deg12 r=0
784,0,0,0,1352,0,0,0,1209,0,0,0,642,0,0,0,187,0,0,0,26,0,0,0,1 # cft deg12 r=0
784,0,448,0,-664,0,1752,0,765,0,-2086,0,2941,0,-1974,0,1096,0,-394,0,117,0,-18,0,1 # cft deg12 r=0
784,0,448,0,296,0,3224,0,5469,0,3850,0,1977,0,866,0,492,0,230,0,77,0,14,0,1 # cft deg12 r=0
16,0,480,0,4844,0,16784,0,1609,0,-17836,0,6510,0,-1608,0,-1429,0,760,0,310,0,28,0,1 # cft deg12 r=0
784,0,-3136,0,5692,0,-4840,0,213,0,2104,0,-48,0,192,0,98,0,-72,0,44,0,-8,0,1 # cft deg12 r=0
9632177,151672,6659362,-3746592,3926037,-2777024,1074730,-2052912,-58982,-752744,120642,-63168,134861,37744,51446,15328,11178,2792,1774,304,229,16,22,0,1 # cft deg12 r=0
204304,0,-361600,0,376680,0,23616,0,-208415,0,91624,0,28066,0,-31988,0,11539,0,-2492,0,346,0,-28,0,1 # cft deg12 r=0
204304,0,596640,0,752684,0,496760,0,125893,0,-41978,0,-24847,0,2742,0,1440,0,-478,0,-3,0,10,0,1 # cft deg12 r=0
1147969,4402008,13003478,22884256,29284897,27196160,19487462,10395824,3897890,516376,-609322,-620576,-340015,-121136,-20294,2432,8594,3304,2410,368,305,16,26,0,1 # cft deg12 r=0
862177,-4416512,10797326,-17153968,20627489,-20027416,15621834,-10025376,5370498,-2250976,682150,-14112,-120783,117080,-52858,20752,-2030,-80,970,-192,145,-8,14,0,1 # cft deg12 r=0
1214089,-1404880,4002014,-7862048,-359823,9466944,-3465386,-3992320,2519386,488016,-657538,110240,61841,-38464,12938,5184,-1206,-80,658,-96,65,32,10,0,1 # cft deg12 r=0
841,0,0,0,-1160,0,0,0,2008,0,0,0,1190,0,0,0,248,0,0,0,24,0,0,0,1 # cft deg12 r=0
250000,0,700000,0,795000,0,502000,0,282425,0,209390,0,136281,0,58646,0,16300,0,2994,0,361,0,26,0,1 # cft deg12 r=0
15625,0,-12500,0,-10000,0,-15000,0,24600,0,-7420,0,4886,0,1484,0,984,0,120,0,-16,0,4,0,1 # cft deg12 r=0
15625,0,-18750,0,23125,0,-25750,0,54050,0,3250,0,28989,0,-650,0,2162,0,206,0,37,0,6,0,1 # cft deg12 r=0
15625,0,18750,0,23125,0,25750,0,54050,0,-3250,0,28989,0,650,0,2162,0,-206,0,37,0,-6,0,1 # cft deg12 r=0
250000,0,0,0,617500,0,0,0,76225,0,0,0,8916,0,0,0,-42,0,0,0,-24,0,0,0,1 # cft deg12 r=0
4496,25184,76160,131872,189844,292704,377096,448060,499713,482776,442020,352260,266710,174260,106180,57932,28803,12500,5044,1808,574,156,40,8,1 # cft deg12 r=0
2704,9984,8688,-16624,-40548,-14536,59264,126268,151141,137852,101738,56608,20041,432,-4946,-4424,-2224,-608,214,308,197,92,34,8,1 # cft deg12 r=0
16,160,1744,6512,16904,36120,60220,80700,93305,97620,93654,80800,60881,39248,23266,14232,8500,4688,2534,1268,529,180,46,8,1 # cft deg12 r=0
809,1608,-1176,-7064,-7748,-872,4516,2848,4092,19024,44604,67048,76974,72536,58592,40776,24772,13016,6004,2368,812,224,52,8,1 # cft deg12 r=0
49,0,-42,0,27,0,-50,0,110,0,158,0,71,0,114,0,30,0,10,0,27,0,-6,0,1 # cft deg12 r=0
809,0,104,0,-452,0,480,0,100,0,-836,0,1174,0,-992,0,580,0,-240,0,68,0,-12,0,1 # cft deg12 r=0
170569,650888,1184654,-22864,-647383,-1244352,-669194,-384152,346202,494424,496414,246848,81289,-23584,-39238,-28264,-11478,-2904,274,608,377,144,42,8,1 # cft deg12 r=0
117904,111648,178064,72176,797992,718408,455036,585388,982417,1024224,702434,343008,110069,3996,-24098,-17404,-5588,216,1474,1048,477,164,42,8,1 # cft deg12 r=0
8369,-18292,106294,551936,1325607,1763428,1655066,1041708,677547,299244,85844,-28412,-29686,-23524,-7268,-964,2907,2936,1814,908,407,144,42,8,1 # cft deg12 r=0
13769,85064,312194,827504,1794363,3191064,4808574,5994384,6243299,5388208,3924804,2438664,1337834,653584,278428,92424,18219,-1656,-2566,-792,3,88,38,8,1 # cft deg12 r=0
1024,6144,11264,-1536,-39552,-91136,-76096,-24256,195504,333088,454384,364784,274584,164984,103408,50104,24569,9744,4134,1328,443,128,38,8,1 # cft deg12 r=0
3169,-10552,15234,-16464,-33443,48128,211886,288168,301642,275864,262074,228608,160389,88416,46242,30296,16362,5416,1494,608,317,144,42,8,1 # cft deg12 r=0
13769,0,-43330,0,58203,0,-48310,0,32115,0,-16060,0,3690,0,300,0,-5,0,-130,0,3,0,10,0,1 # cft deg12 r=0
13769,0,-46816,0,67408,0,-47640,0,13000,0,3864,0,-3626,0,608,0,480,0,-120,0,8,0,8,0,1 # cft deg12 r=0
59,0,270,0,813,0,1310,0,1480,0,750,0,-115,0,-390,0,-180,0,10,0,33,0,10,0,1 # cft deg12 r=0
59,0,-340,0,658,0,-460,0,160,0,-220,0,120,0,-20,0,50,0,0,0,8,0,0,0,1 # cft deg12 r=0
59,0,-100,0,208,0,-340,0,430,0,-520,0,560,0,-520,0,320,0,-80,0,-2,0,0,0,1 # cft deg12 r=0
961,0,1302,0,5829,0,-3030,0,3370,0,-1218,0,669,0,-122,0,-70,0,50,0,-11,0,-2,0,1 # cft deg12 r=0
961,0,3038,0,10339,0,13070,0,8995,0,4568,0,1634,0,432,0,195,0,10,0,19,0,2,0,1 # cft deg12 r=0
4,0,16,0,-2,0,-80,0,25,0,256,0,544,0,612,0,455,0,220,0,68,0,12,0,1 # cft deg12 r=0
4,0,0,0,38,0,0,0,105,0,0,0,-20,0,0,0,-5,0,0,0,8,0,0,0,1 # cft deg12 r=0
4,0,-16,0,-2,0,80,0,25,0,-256,0,544,0,-612,0,455,0,-220,0,68,0,-12,0,1 # cft deg12 r=0
31769,-38176,62588,-82184,640832,211704,812664,204928,347056,-75288,14588,-73992,-22954,-34848,-13636,-6264,1016,1672,1464,768,392,152,44,8,1 # cft deg12 r=0
1576049,7069784,16100928,23239016,23036732,15250144,5208584,-1640832,-3599924,-2493448,-792732,192168,409246,274472,111784,24936,-1244,-3088,-776,288,332,152,44,8,1 # cft deg12 r=0
47809,109104,34748,-150024,-141048,-13656,29624,118528,7296,-18008,28588,-90632,6926,21392,25244,12936,4096,2072,1064,768,392,152,44,8,1 # cft deg12 r=0
425489,-277856,234588,712216,53832,973584,1345484,977888,1221776,1057152,728188,585848,395846,236672,143244,75176,35376,15952,6284,2208,712,192,44,8,1 # cft deg12 r=0
76169,-194496,685388,-794824,1335192,-414336,682444,74528,326016,159552,141068,99128,114446,97632,73964,48936,28496,13952,5884,2208,712,192,44,8,1 # cft deg12 r=0
8369,90824,452528,1377736,2946452,4912064,6832584,7965248,7425836,5163512,2414628,560168,-102594,-132168,-47896,-10904,-4884,-3088,-776,288,332,152,44,8,1 # cft deg12 r=0
10201,0,28762,0,19965,0,-2910,0,-9654,0,-9142,0,-691,0,246,0,1114,0,302,0,77,0,6,0,1 # cft deg12 r=0
26569,0,13318,0,841,0,17026,0,22482,0,8830,0,177,0,-74,0,546,0,250,0,25,0,-2,0,1 # cft deg12 r=0
38809,0,151106,0,229149,0,156042,0,24066,0,-23406,0,-7019,0,1622,0,466,0,-114,0,-19,0,6,0,1 # cft deg12 r=0
4913,0,-28322,0,75701,0,-107582,0,90702,0,-49346,0,19213,0,-6770,0,2318,0,-606,0,149,0,-18,0,1 # cft deg12 r=0
4913,0,-12716,0,36278,0,-38052,0,42655,0,-36064,0,23716,0,-13632,0,6063,0,-1780,0,310,0,-28,0,1 # cft deg12 r=0
4913,0,12716,0,36278,0,38052,0,42655,0,36064,0,23716,0,13632,0,6063,0,1780,0,310,0,28,0,1 # cft deg12 r=0
5337,0,-16884,0,15950,0,-556,0,-5185,0,496,0,1092,0,-272,0,39,0,4,0,-2,0,-4,0,1 # cft deg12 r=0
5337,0,16884,0,15950,0,556,0,-5185,0,-496,0,1092,0,272,0,39,0,-4,0,-2,0,4,0,1 # cft deg12 r=0
9409,0,1746,0,-8511,0,1694,0,4450,0,1762,0,1037,0,-14,0,82,0,-2,0,17,0,2,0,1 # cft deg12 r=0
9409,0,-1746,0,-8511,0,-1694,0,4450,0,-1762,0,1037,0,14,0,82,0,2,0,17,0,-2,0,1 # cft deg12 r=0
10609,0,-55002,0,194193,0,-196886,0,143386,0,-76474,0,40133,0,-15058,0,1834,0,386,0,-79,0,-2,0,1 # cft deg12 r=0
10609,0,55002,0,194193,0,196886,0,143386,0,76474,0,40133,0,15058,0,1834,0,-386,0,-79,0,2,0,1 # cft deg12 r=0
14913,0,-2460,0,50798,0,6276,0,63039,0,-66368,0,51700,0,-22352,0,6751,0,-1412,0,206,0,-20,0,1 # cft deg12 r=0
14913,0,2460,0,50798,0,-6276,0,63039,0,66368,0,51700,0,22352,0,6751,0,1412,0,206,0,20,0,1 # cft deg12 r=0
15473,0,-16126,0,26353,0,-16194,0,11930,0,-4054,0,2157,0,-790,0,370,0,-42,0,-7,0,2,0,1 # cft deg12 r=0
15473,0,16126,0,26353,0,16194,0,11930,0,4054,0,2157,0,790,0,370,0,42,0,-7,0,-2,0,1 # cft deg12 r=0
279841,0,804552,0,419978,0,-197880,0,94799,0,36400,0,-5556,0,-5776,0,175,0,136,0,10,0,8,0,1 # cft deg12 r=0
256,0,11264,0,130304,0,133632,0,230592,0,130944,0,21728,0,4256,0,1600,0,288,0,124,0,8,0,1 # cft deg12 r=0
15857,0,-9358,0,53093,0,13434,0,88946,0,20674,0,34405,0,13758,0,-926,0,-586,0,149,0,-18,0,1 # cft deg12 r=0
15857,0,9358,0,53093,0,-13434,0,88946,0,-20674,0,34405,0,-13758,0,-926,0,586,0,149,0,18,0,1 # cft deg12 r=0
1,0,-20,0,200,0,-1018,0,1830,0,7118,0,9802,0,6718,0,2721,0,604,0,98,0,14,0,1 # cft deg12 r=0
64,0,320,0,416,0,640,0,676,0,-2704,0,733,0,338,0,-133,0,204,0,35,0,-14,0,1 # cft deg12 r=0
81,0,378,0,1783,0,-1696,0,14125,0,-5562,0,4803,0,-902,0,385,0,68,0,-21,0,-6,0,1 # cft deg12 r=0
64,0,-384,0,2400,0,2848,0,8404,0,5916,0,5225,0,892,0,550,0,-158,0,29,0,-10,0,1 # cft deg12 r=0
4489,0,45088,0,156826,0,95032,0,8993,0,-6664,0,-10078,0,-4288,0,1114,0,560,0,20,0,-16,0,1 # cft deg12 r=0
178929,0,-541620,0,618370,0,-245264,0,-56319,0,33708,0,21834,0,-4924,0,-2078,0,476,0,44,0,-16,0,1 # cft deg12 r=0
51529,0,32948,0,159548,0,62224,0,144486,0,-42176,0,-16358,0,-2252,0,2589,0,148,0,-58,0,-4,0,1 # cft deg12 r=0
877969,0,437352,0,190252,0,-54892,0,39098,0,-3684,0,7130,0,-3844,0,1801,0,-360,0,74,0,-4,0,1 # cft deg12 r=0
22201,0,-180690,0,621045,0,-1009118,0,926230,0,-525276,0,199007,0,-51110,0,9952,0,-1598,0,188,0,-16,0,1 # cft deg12 r=0
4096,0,-18432,0,15616,0,13952,0,75040,0,49824,0,48961,0,2746,0,2065,0,362,0,-34,0,-4,0,1 # cft deg12 r=0
22201,0,49870,0,48891,0,16224,0,-4983,0,-4898,0,1847,0,1942,0,321,0,0,0,39,0,-14,0,1 # cft deg12 r=0
61504,0,-69440,0,108880,0,-114432,0,73688,0,-8276,0,721,0,1368,0,-526,0,94,0,1,0,-6,0,1 # cft deg12 r=0
81,0,-1080,0,6862,0,-22716,0,47989,0,-48304,0,33570,0,-15068,0,4062,0,-844,0,148,0,-12,0,1 # cft deg12 r=0
81,0,-1998,0,58681,0,-71438,0,139326,0,-79520,0,31503,0,-8790,0,2208,0,-422,0,72,0,-8,0,1 # cft deg12 r=0
4096,0,-22528,0,83712,0,4864,0,60464,0,-12580,0,1929,0,-1346,0,533,0,26,0,6,0,-8,0,1 # cft deg12 r=0
2209,0,-8426,0,10341,0,-3738,0,6522,0,-2312,0,2315,0,1054,0,1716,0,-234,0,96,0,-8,0,1 # cft deg12 r=0
35317,-186880,335962,-280544,700523,-751880,928068,-817168,630657,-429952,264638,-159776,80995,-42160,20318,-7744,3013,-1296,480,-32,39,-24,-6,0,1 # cft deg12 r=0
115677,-295104,95974,403616,-214209,-380552,221524,197456,-63979,-106304,38306,-23840,15155,10224,-2474,-1152,657,-976,-200,224,107,-24,-14,0,1 # cft deg12 r=0
45389,-32168,102650,58672,-66337,65456,-73936,52912,80785,-173160,137982,-46416,15427,-5888,4058,-3520,1053,-16,396,64,3,-24,-6,0,1 # cft deg12 r=0
576,-5376,3776,37120,82672,-154176,310368,-375040,366752,-277608,160072,-76368,39997,-20808,11698,-3808,247,-1016,372,176,59,-24,-14,0,1 # cft deg12 r=0
6121,0,14208,0,54596,0,149070,0,224928,0,156666,0,-52073,0,-60864,0,36198,0,-7158,0,629,0,-18,0,1 # cft deg12 r=0
6121,0,-14208,0,54596,0,-149070,0,224928,0,-156666,0,-52073,0,60864,0,36198,0,7158,0,629,0,18,0,1 # cft deg12 r=0
495801,0,552672,0,937322,0,874580,0,408201,0,154892,0,43322,0,5632,0,1402,0,284,0,36,0,8,0,1 # cft deg12 r=0
495801,0,39204,0,488680,0,-434064,0,265130,0,-77564,0,13982,0,-1124,0,477,0,-152,0,58,0,-8,0,1 # cft deg12 r=0
125,0,-150,0,-505,0,-136,0,2533,0,2050,0,-493,0,-1682,0,1185,0,-344,0,63,0,-10,0,1 # cft deg12 r=0
125,0,150,0,-505,0,136,0,2533,0,-2050,0,-493,0,1682,0,1185,0,344,0,63,0,10,0,1 # cft deg12 r=0
734449,0,718046,0,272651,0,443716,0,455181,0,217030,0,77995,0,20530,0,4761,0,1012,0,143,0,14,0,1 # cft deg12 r=0
380689,0,668992,0,952252,0,721622,0,401220,0,200206,0,78139,0,26144,0,7274,0,1198,0,137,0,14,0,1 # cft deg12 r=0
4096,0,-69632,0,409600,0,-724544,0,601088,0,-303904,0,138209,0,-60880,0,19978,0,-4150,0,509,0,-34,0,1 # cft deg12 r=0
1062961,0,667614,0,636969,0,547650,0,180430,0,86808,0,26079,0,-3986,0,1904,0,-2,0,40,0,-4,0,1 # cft deg12 r=0
2105401,0,100024,0,549438,0,289096,0,-9007,0,69892,0,14590,0,-1332,0,942,0,-88,0,64,0,-4,0,1 # cft deg12 r=0
1124561,-206656,-3442166,-11972368,107501751,-312763576,521501620,-587191520,493044105,-316754336,135384690,-14336368,-22162217,11791200,-153938,-1543728,306509,98392,-34136,-3456,1987,56,-66,0,1 # cft deg12 r=0
16641,0,46698,0,15871,0,-80828,0,-29979,0,38070,0,25307,0,5286,0,801,0,76,0,43,0,6,0,1 # cft deg12 r=0
16641,0,-10836,0,-44792,0,14744,0,37286,0,-2296,0,-3378,0,-2900,0,4761,0,-1852,0,326,0,-28,0,1 # cft deg12 r=0
16641,0,10836,0,-44792,0,-14744,0,37286,0,2296,0,-3378,0,2900,0,4761,0,1852,0,326,0,28,0,1 # cft deg12 r=0
16641,0,-46698,0,15871,0,80828,0,-29979,0,-38070,0,25307,0,-5286,0,801,0,-76,0,43,0,-6,0,1 # cft deg12 r=0
18153,0,-13578,0,299381,0,-552166,0,790302,0,-460872,0,414231,0,-110302,0,38920,0,-4434,0,292,0,-24,0,1 # cft deg12 r=0
1470393,0,-2157840,0,2581506,0,-2252748,0,1819961,0,-1115996,0,528114,0,-161912,0,33570,0,-4868,0,492,0,-32,0,1 # cft deg12 r=0
1470393,0,-764154,0,585891,0,-214512,0,182845,0,-70298,0,18963,0,-2786,0,1889,0,-752,0,159,0,-14,0,1 # cft deg12 r=0
18153,0,13578,0,299381,0,552166,0,790302,0,460872,0,414231,0,110302,0,38920,0,4434,0,292,0,24,0,1 # cft deg12 r=0
1470393,0,-119880,0,761634,0,88728,0,120127,0,26608,0,7484,0,2416,0,1703,0,88,0,2,0,-8,0,1 # cft deg12 r=0
19377,0,17154,0,31463,0,16856,0,20545,0,894,0,3675,0,1358,0,53,0,32,0,-13,0,-2,0,1 # cft deg12 r=0
19377,0,-17154,0,31463,0,-16856,0,20545,0,-894,0,3675,0,-1358,0,53,0,-32,0,-13,0,2,0,1 # cft deg12 r=0
15581,37844,61632,30796,-38180,-109416,-105928,-32184,49578,76332,47736,6352,-12986,-11516,-4320,-676,-75,-24,152,156,66,16,8,4,1 # cft deg12 r=0
7253,34880,113608,84336,-57330,-422492,-286040,15484,305253,375772,119532,-18536,-35706,-11984,17164,10684,1730,-28,-384,28,112,0,-4,4,1 # cft deg12 r=0
4913,0,9248,0,16966,0,18328,0,13727,0,7392,0,148,0,-1360,0,751,0,-192,0,38,0,-8,0,1 # cft deg12 r=0
3437,-42084,223720,-662276,1136096,-966840,-90320,1024872,-786882,-92484,470412,-269864,18226,100348,-77480,-2804,26009,-4584,-4348,1028,446,-96,-28,4,1 # cft deg12 r=0
125901,757548,1682616,1258460,-1028296,-2326472,-375216,1505320,399310,-842236,24748,582776,-68182,-305396,1432,96364,10113,-17424,-3004,1876,398,-120,-28,4,1 # cft deg12 r=0
41917,75028,471728,718668,1243004,1351600,1639608,1436456,1392874,1012228,812424,475488,280006,99004,28992,-2724,-2379,-776,520,284,98,8,8,4,1 # cft deg12 r=0
41917,-110876,-51152,87628,348380,-34328,247448,338344,664522,714308,679912,557040,405318,255252,133568,57692,21269,7200,2504,844,226,40,8,4,1 # cft deg12 r=0
819469,-663964,-2634800,-344660,3453788,3687432,1174744,-277272,-482022,-492012,-359544,-124464,22454,39092,25856,11548,3285,-464,-600,-276,-62,-8,8,4,1 # cft deg12 r=0
49,-1372,9800,98476,263438,245084,-5144,72084,436239,231208,-144576,18936,202516,64824,-31584,3688,19647,5684,-136,220,158,-20,-8,4,1 # cft deg12 r=0
618877,-781452,-996016,686860,1685068,1831552,1291960,592488,-24310,-265292,-144216,-6144,60310,35212,5248,-4580,-3579,-968,-24,60,66,24,8,4,1 # cft deg12 r=0
923201,-100860,574824,263468,776798,868572,760168,266260,-54033,-120280,82432,177144,118772,36344,-6112,-12568,-4401,1492,1688,348,-146,-84,-8,4,1 # cft deg12 r=0
15889,0,39476,0,52504,0,46268,0,28030,0,11800,0,3458,0,632,0,61,0,16,0,10,0,4,0,1 # cft deg12 r=0
778561,0,476084,0,-401590,0,-451788,0,95173,0,219812,0,98010,0,29440,0,7118,0,1064,0,164,0,12,0,1 # cft deg12 r=0
37773,81936,452664,467344,649342,-82620,617896,343996,476461,405444,-79300,253256,336318,63208,-12276,-11684,-6038,1812,1376,76,-32,-24,-4,4,1 # cft deg12 r=0
48733,7304,-106236,182052,506466,-384248,-84352,278440,-148511,222188,191096,-247840,-37142,148300,18208,-22928,11874,9168,-588,-604,120,20,-4,4,1 # cft deg12 r=0
107072,10752,34944,-509312,-390400,108032,631680,1030976,183264,-165184,215904,164480,111296,135968,41264,-21440,-14044,-80,2152,416,-176,-72,-4,4,1 # cft deg12 r=0
10816,33280,74368,89728,948224,1554688,856448,-1735872,-1256224,152512,756832,730240,252096,-73120,-79184,-24768,4,5008,1992,96,-96,-40,-4,4,1 # cft deg12 r=0
790321,0,348488,0,769958,0,29856,0,207807,0,-70064,0,32948,0,-14688,0,4175,0,-344,0,38,0,0,0,1 # cft deg12 r=0
13517,55944,1078532,-2268764,1515218,-291400,-620288,1137384,-206879,-426436,293784,10080,-72326,68524,34400,-15120,-10302,448,2132,388,-168,-76,-4,4,1 # cft deg12 r=0
521,4608,18024,18052,-4008,-48336,-59952,-29964,23394,48340,39636,15828,450,-4056,-2592,-1256,81,60,324,60,102,4,12,0,1 # cft deg12 r=0
38289,-119304,137412,-133992,193578,-194928,130612,-78336,44175,-28784,8088,4176,-1156,-5088,5208,448,-1377,1464,164,-168,90,16,-12,0,1 # cft deg12 r=0
3993,0,39204,0,155496,0,308224,0,314166,0,118788,0,-35034,0,-21828,0,9381,0,-1656,0,102,0,0,0,1 # cft deg12 r=0
3993,0,0,0,29964,0,-9836,0,63558,0,-13644,0,30522,0,-36,0,1629,0,288,0,126,0,12,0,1 # cft deg12 r=0
323433,0,784080,0,820314,0,-473948,0,-751539,0,26508,0,1353054,0,130368,0,94254,0,-3948,0,600,0,-24,0,1 # cft deg12 r=0
323433,0,823284,0,998514,0,665196,0,304965,0,133212,0,38866,0,-2832,0,-4386,0,-496,0,84,0,12,0,1 # cft deg12 r=0
2913,1296,1548,-71016,-12822,115608,187084,235008,110127,-37760,-67128,-44784,-580,11568,4776,1600,-1233,-336,44,24,90,-8,12,0,1 # cft deg12 r=0
3295296,0,-55296,0,186624,0,-574464,0,95904,0,3936,0,47168,0,5376,0,4596,0,192,0,144,0,0,0,1 # cft deg12 r=0
5721,0,31284,0,68034,0,84596,0,75645,0,49188,0,24410,0,9216,0,2766,0,616,0,108,0,12,0,1 # cft deg12 r=0
3295296,0,-221184,0,-1845504,0,-1759872,0,-63072,0,499296,0,434240,0,182400,0,52020,0,8832,0,912,0,48,0,1 # cft deg12 r=0
3295296,0,-5792256,0,5757696,0,-5357184,0,2989728,0,-539616,0,193408,0,-65856,0,8244,0,-1408,0,384,0,-24,0,1 # cft deg12 r=0
463401,0,-1154736,0,1510974,0,-1422360,0,1044117,0,-607932,0,281046,0,-100548,0,26430,0,-4784,0,552,0,-36,0,1 # cft deg12 r=0
463401,0,458784,0,901854,0,1584648,0,1307349,0,617076,0,215126,0,79884,0,27006,0,4032,0,72,0,-36,0,1 # cft deg12 r=0
64,-800,816,7648,37056,103486,190043,252958,250180,172994,68402,-510,-13561,4024,22153,28178,23633,14926,7403,2924,926,242,55,10,1 # cft deg12 r=0
104,0,312,0,130,0,-441,0,64,0,-421,0,260,0,-52,0,96,0,2,0,5,0,4,0,1 # cft deg12 r=0
104,0,-468,0,884,0,-749,0,270,0,263,0,-392,0,56,0,104,0,0,0,-7,0,-2,0,1 # cft deg12 r=0
2129,-15934,-41577,156444,972180,2359068,3627584,4143854,3873152,3180344,2376216,1616724,989377,541052,266722,118934,48350,17954,6147,1946,563,150,35,6,1 # cft deg12 r=0
837929,-1681830,1586994,-733488,338975,-322980,116761,167034,20378,-9602,-20524,24080,6658,7882,9793,7614,6045,2142,-41,-350,-126,-28,5,6,1 # cft deg12 r=0
315407,483214,1814914,3391094,4911802,4630514,2773135,223860,-1494499,-1984610,-1484903,-738458,-152074,109284,163527,117990,65874,28756,11012,3388,973,210,47,6,1 # cft deg12 r=0
9725,47700,125728,23784,56624,-307904,-28732,-95052,332870,105240,124016,-50708,-20882,-21132,-5836,3532,2665,2052,1364,488,194,68,16,4,1 # cft deg12 r=0
20288,81920,286976,-370560,-580992,59776,610176,370112,-282848,-303616,54784,135488,45632,-43136,-22336,-224,-380,-848,1688,416,160,88,12,4,1 # cft deg12 r=0
689749,1412860,3634944,-3136856,700262,-4139276,1074068,181560,2563957,1931396,1711816,983452,545534,252224,110004,40180,13062,3208,804,208,108,36,12,4,1 # cft deg12 r=0
294757,-292688,684568,-1961604,713782,-1333512,2224620,1331176,237009,-284844,-726152,-88840,78054,38868,30028,5704,166,920,596,156,108,36,12,4,1 # cft deg12 r=0
12256569,20628036,22131408,24935884,-767546,-30019236,-12826272,9174068,6517679,-45432,-127296,-177768,-444172,-48360,80672,9544,-617,2356,-784,-612,6,12,0,4,1 # cft deg12 r=0
7922273,-38715340,51187232,-8796044,2739920,-8376536,1025140,-2115152,1323566,784364,326000,-326072,-130034,10596,19348,-3492,121,1352,196,164,90,0,0,4,1 # cft deg12 r=0
1200061,2058184,2158920,631980,2219000,4332076,5187732,2377236,1048266,1698024,2937576,2449736,1281830,427716,120636,28416,7953,1620,900,240,42,-24,0,4,1 # cft deg12 r=0
61504,0,-317440,0,781824,0,-970496,0,811936,0,-415008,0,167776,0,-43872,0,8852,0,-880,0,-56,0,8,0,1 # cft deg12 r=0
25,100,-48,972,-1690,-9828,55776,-152140,233711,-224696,167360,-79080,-332,-26728,42400,-11832,27511,-4524,3056,540,166,76,0,4,1 # cft deg12 r=0
46033,21476,1537952,6867476,15544288,26053016,34064500,35920944,32205326,24587308,16123920,9086504,4409422,1824868,625236,172316,38233,6600,804,-28,-22,-16,0,4,1 # cft deg12 r=0
141376,0,739968,0,1461504,0,1289216,0,358352,0,-137632,0,-25984,0,40192,0,9320,0,1064,0,848,0,0,0,1 # cft deg12 r=0
2209,0,1128,0,3078,0,14508,0,15845,0,10120,0,5278,0,700,0,630,0,-156,0,-12,0,-4,0,1 # cft deg12 r=0
141376,0,403072,0,1034496,0,-22528,0,150736,0,126752,0,19776,0,1088,0,6312,0,392,0,-112,0,-8,0,1 # cft deg12 r=0
373321,0,2160496,0,4506164,0,2807576,0,-39042,0,-520608,0,-82762,0,31704,0,6453,0,-384,0,-6,0,8,0,1 # cft deg12 r=0
4913,0,32368,0,111622,0,-57864,0,671,0,-21504,0,9236,0,-5392,0,3055,0,-688,0,486,0,-40,0,1 # cft deg12 r=0
8689,0,34896,0,51750,0,35496,0,14661,0,7652,0,2494,0,-372,0,270,0,-112,0,8,0,-4,0,1 # cft deg12 r=0
556096,0,-1148544,0,463232,0,392576,0,-320176,0,108384,0,28640,0,-18208,0,9384,0,-2088,0,368,0,-32,0,1 # cft deg12 r=0
9529,0,-29068,0,46722,0,-49512,0,33117,0,-13584,0,4346,0,-1320,0,126,0,20,0,8,0,4,0,1 # cft deg12 r=0
1792921,0,835536,0,-294658,0,-121568,0,827133,0,-307452,0,279982,0,-5916,0,19182,0,4424,0,752,0,-12,0,1 # cft deg12 r=0
10353472,25624064,46463744,75549824,98484992,109629824,105513728,86778048,63471456,42143936,25488832,13975936,6744512,2823424,983392,267616,56036,5248,-248,-320,-32,16,4,4,1 # cft deg12 r=0
120280896,-185025024,10898688,82348160,25074688,-48269184,4679424,3359424,4804576,-1545920,651072,-482176,179456,45504,35936,-160,1412,4160,1000,64,80,32,4,4,1 # cft deg12 r=0
249937277,-76732084,58095904,88788104,-32141450,1956204,11478028,9308536,6477573,1434948,1575880,924764,295006,-9960,-95604,-34412,1646,4624,1436,-224,-140,-4,4,4,1 # cft deg12 r=0
86612800,-34003200,-28690176,37852800,-4771584,17321856,21472512,5953216,-1876448,-470464,1306880,557568,585120,-113568,-3360,-1696,14548,6544,616,-400,-272,-40,4,4,1 # cft deg12 r=0
83264,-380672,2004736,14147200,35608064,52078208,49225472,35628736,28266528,24266432,15665280,7295488,3615968,2035808,765664,159712,52116,26800,5128,176,288,88,4,4,1 # cft deg12 r=0
130481,-507260,3781128,28417676,62352238,63074956,28541592,1049524,4211871,18297640,20842928,15903960,10118596,4741336,1621392,520776,170287,41044,9288,2844,142,-228,-40,4,1 # cft deg12 r=0
6680921,14683708,11835200,-6655524,-10962186,3244740,16685392,15108852,11488975,11857144,8486112,3996216,1499188,559656,156160,-14456,-809,4428,7520,3052,790,276,48,4,1 # cft deg12 r=0
64717353,-91557252,132212832,-86901380,29405558,-5025372,-3312000,7030644,1657039,1648248,-300896,-508296,-350252,-133912,6240,15880,16007,7820,2816,1292,374,116,32,4,1 # cft deg12 r=0
84627361,202466628,151187400,3594092,26624878,73437100,31193832,-935628,2570271,4326568,-753616,-1430632,330276,302616,-98128,-17976,28991,-1772,-4472,636,430,-68,-24,4,1 # cft deg12 r=0
169,0,3380,0,28392,0,86528,0,120614,0,72540,0,20214,0,5116,0,2805,0,288,0,230,0,24,0,1 # cft deg12 r=0
169,0,-3380,0,28392,0,-86528,0,120614,0,-72540,0,20214,0,-5116,0,2805,0,-288,0,230,0,-24,0,1 # cft deg12 r=0
169,0,676,0,14196,0,-29744,0,19422,0,2600,0,-16654,0,1012,0,8077,0,2732,0,354,0,20,0,1 # cft deg12 r=0
169,0,-676,0,14196,0,29744,0,19422,0,-2600,0,-16654,0,-1012,0,8077,0,-2732,0,354,0,-20,0,1 # cft deg12 r=0
149161,445132,2982592,5937948,15436854,13035508,18195200,5196020,8098511,-1798696,2004448,-1403720,422484,-284984,158944,-30584,40455,2268,5728,812,566,68,32,4,1 # cft deg12 r=0
429025,-1920460,4452328,-7002548,8679598,-8902308,9010536,-8420684,6894495,-4151352,1861360,-569256,204196,-61896,17712,-2488,6527,-5884,1192,-292,238,-20,-24,4,1 # cft deg12 r=0
5248477,9039576,21967192,24259548,9379216,11401988,15884228,2126324,-1293454,3568544,795664,-1425240,151230,391788,-166516,-96352,32929,8004,-5028,128,562,-32,-24,4,1 # cft deg12 r=0
793125,-10544400,51098208,-96921620,84809064,-40435492,15079140,-3732300,-428358,3581928,8800,440152,363902,-54244,23492,-39424,-13655,-4996,-924,224,242,80,32,4,1 # cft deg12 r=0
61172509,41138068,-3892072,-74332288,-43290124,28601648,42792124,7496148,-15753366,-7954952,1865308,2060260,311658,-116252,-31268,4604,-1867,-4108,-1288,64,102,12,4,4,1 # cft deg12 r=0
146341,-216788,-15080,150080,75900,-1130112,1803436,-617260,-62822,1093576,687748,177732,475770,521132,347468,101084,42437,14204,5488,1344,494,116,28,4,1 # cft deg12 r=0
4549709,166492,7906328,13203072,8416668,-288928,-674932,3783476,4961330,2624384,786916,428436,476578,349756,220620,139260,66117,23716,9424,2608,622,172,28,4,1 # cft deg12 r=0
1269,24228,207000,1033472,3444308,8290656,15176668,21808116,25101122,23471376,17982716,11353364,5928962,2566788,929884,284444,80901,22188,7224,1488,470,68,4,4,1 # cft deg12 r=0
14592461,-42049020,90943112,-52387440,73570156,-19496408,18605132,-6575308,1996666,-2404872,1178436,-388236,516770,-5764,68012,-420,-4259,-516,-1232,272,118,76,28,4,1 # cft deg12 r=0
538949,-2115924,14268584,-48103824,79463748,-75348472,53231516,-34128332,18861146,-8190984,2810396,-858860,269618,-57052,30268,-29124,12509,-3180,-136,176,62,20,4,4,1 # cft deg12 r=0
50485661,-51229492,80443240,-42886864,-58678780,34747448,10277884,-8064364,4764850,3637936,1225660,1227588,547306,121844,50428,5148,-6227,-2180,-1000,-512,-82,-4,4,4,1 # cft deg12 r=0
10672181,4911140,26976456,28140944,6684652,24974248,12120172,4181204,7035218,-693296,2175588,-699132,429290,-131268,109804,572,22173,2260,3376,704,438,84,28,4,1 # cft deg12 r=0
16121,0,81340,0,214004,0,350228,0,383606,0,285492,0,148694,0,56360,0,15981,0,3252,0,430,0,32,0,1 # cft deg12 r=0
1031744,0,3085824,0,4295424,0,3790592,0,2404000,0,1131872,0,404096,0,109376,0,22292,0,3328,0,352,0,24,0,1 # cft deg12 r=0
16497,0,100152,0,268710,0,252212,0,101037,0,33704,0,16598,0,3428,0,582,0,172,0,28,0,4,0,1 # cft deg12 r=0
16497,0,-69732,0,146952,0,-202684,0,199598,0,-145160,0,79778,0,-33784,0,10781,0,-2064,0,122,0,12,0,1 # cft deg12 r=0
1055808,0,-2486016,0,2635776,0,-1661440,0,1054368,0,84192,0,-4224,0,-1632,0,-204,0,-112,0,0,0,8,0,1 # cft deg12 r=0
2787993,0,-6564636,0,3897816,0,-781612,0,1176110,0,-417664,0,124714,0,-37728,0,7541,0,-1056,0,162,0,-20,0,1 # cft deg12 r=0
1055808,0,-2830464,0,3843840,0,-3493504,0,2381648,0,-1262368,0,504960,0,-141760,0,26088,0,-3336,0,416,0,-32,0,1 # cft deg12 r=0
16913,0,14508,0,4784,0,2972,0,-4018,0,-2296,0,4762,0,3120,0,21,0,-200,0,10,0,-4,0,1 # cft deg12 r=0
18225,0,-136080,0,146934,0,407592,0,257085,0,40188,0,-31946,0,-20492,0,126,0,3616,0,800,0,-60,0,1 # cft deg12 r=0
1031744,5005056,13171200,22486400,28701568,28331776,24832000,22411456,22673888,20115072,14214976,7772864,3353376,1147776,305600,65312,19236,7600,2168,336,-32,-48,-4,4,1 # cft deg12 r=0
389,1560,4256,-3140,-14290,-142888,294676,-651160,1176745,-448668,944664,-349208,360182,-139484,138580,-12024,31790,1184,2276,476,156,44,-4,4,1 # cft deg12 r=0
476499829,-398229728,-369048680,-150283524,58538102,453166232,306067604,7673192,-64265031,-22099020,20148072,15934648,-2406370,-4225996,26948,791048,102710,-83800,-17124,5884,1444,-236,-60,4,1 # cft deg12 r=0
2312725,2505680,8392344,-17447780,11188438,-11558312,20255828,-2180824,4371481,-1664476,-2246936,1163672,-329922,144644,36804,-68664,2422,15672,-1156,-3780,1380,-12,-60,4,1 # cft deg12 r=0
118000325,53330360,-15260384,-75808196,-67915154,-14090584,23002516,19568808,6175593,-189420,-942472,-602072,-210506,49732,52948,10120,4686,1616,-796,-324,-4,-20,-4,4,1 # cft deg12 r=0
26279488,-54811904,111909888,-71020160,-2109312,23484928,494592,-6408512,-2266016,464384,1583552,272064,-206752,-90304,12480,10016,580,-2064,-296,336,80,-32,-4,4,1 # cft deg12 r=0
18225,0,179820,0,884034,0,891972,0,181269,0,-167604,0,-71102,0,26984,0,26230,0,7568,0,956,0,44,0,1 # cft deg12 r=0
3658253,-15440372,32986800,-26699080,-11068210,25594420,-1667364,-9097000,343565,3721116,-1393632,-717844,732302,-143960,-54300,44724,-10810,-1192,796,-496,68,28,-4,4,1 # cft deg12 r=0
12884533,79619804,231238704,406293576,484111278,422285876,289281924,156349240,64784733,30996036,29565872,21006812,6465566,435136,479900,493716,54862,-55128,-4572,7184,1180,-284,-60,4,1 # cft deg12 r=0
219752325,-49432500,-332829744,395703944,7566926,-262483692,217317508,-73036360,-6202611,15057316,1496304,-5954820,3051694,170880,-323108,-41260,89502,-2952,-16668,2096,1436,-172,-60,4,1 # cft deg12 r=0
683357,2307340,2629712,-1796616,-7072194,-5868220,2336412,7552536,4578781,-1394324,-3279872,-1512724,253582,468488,179748,25524,7142,1896,124,-80,84,-4,-4,4,1 # cft deg12 r=0
136043,2383674,19391856,59144402,90854793,82426314,55345038,39415284,30570105,20385044,11807610,6680172,3564819,1660284,938424,411290,199563,68178,24042,5922,1413,200,66,0,1 # cft deg12 r=0
317301,3804534,41575932,10446582,-32322066,-22229856,3033886,9725772,1462362,-2896264,-1396464,560406,884711,375366,26460,-45664,-19284,6,3020,1128,111,-58,-18,0,1 # cft deg12 r=0
65856,28224,84672,1235112,2355288,1494144,1805011,929856,1278312,395294,232623,-195198,24974,-90066,56376,-9220,26706,960,5594,198,615,8,36,0,1 # cft deg12 r=0
648,0,5832,0,13122,0,-39609,0,62676,0,41463,0,14284,0,-13080,0,2328,0,-70,0,33,0,-12,0,1 # cft deg12 r=0
512,0,576,0,16344,0,28811,0,-53202,0,-134337,0,81000,0,54708,0,39732,0,10636,0,1833,0,42,0,1 # cft deg12 r=0
8,0,-96,0,786,0,-1811,0,9249,0,14835,0,17820,0,10002,0,5433,0,1631,0,279,0,24,0,1 # cft deg12 r=0
648,0,-1620,0,1548,0,-1277,0,1440,0,-1290,0,827,0,-453,0,279,0,-109,0,12,0,3,0,1 # cft deg12 r=0
8,0,36,0,198,0,-821,0,4848,0,2820,0,8181,0,8841,0,7557,0,1127,0,222,0,21,0,1 # cft deg12 r=0
1180224,2340576,2703456,961488,7968672,-5125392,10946001,-6822054,7815597,-4052234,3401064,-1453830,1009277,-358650,219489,-65430,36117,-8778,4425,-834,384,-52,24,0,1 # cft deg12 r=0
648,0,5508,0,18504,0,27863,0,27909,0,24480,0,17625,0,6885,0,1593,0,357,0,90,0,0,0,1 # cft deg12 r=0
2401,0,15190,0,32243,0,23912,0,38625,0,10606,0,19023,0,-2,0,4873,0,-196,0,247,0,30,0,1 # cft deg12 r=0
213713,203970,656988,591334,1458543,1813224,1396922,140490,-291741,631574,220110,-373410,164199,22926,-26226,-1828,14403,-8256,2872,-330,-99,76,-12,0,1 # cft deg12 r=0
8978583,-9625590,-1324593,-5090580,23496351,-20548788,7307554,-5443416,4321482,-772418,51309,-202920,22496,32202,-831,-7976,63,-618,533,-72,96,16,12,0,1 # cft deg12 r=0
6561,0,-4374,0,145071,0,51732,0,438453,0,399978,0,246267,0,134730,0,51921,0,10764,0,1143,0,54,0,1 # cft deg12 r=0
5563649,26222014,44913162,23943508,-21354755,-51568522,-46058904,-21398144,2160601,11727198,11596126,8364598,5227959,2875758,1388198,611032,251749,93810,30946,8904,2191,446,70,8,1 # cft deg12 r=0
6362944,-18964960,21016688,-13247248,14724052,-5219340,4293311,-3108936,1457543,-599732,411525,120368,186820,72180,37369,17408,6244,4292,1875,672,284,104,32,8,1 # cft deg12 r=0
113583029,-214670372,-234037671,351629208,486064831,-127375640,-547581882,-309063176,105363403,261032888,202799414,112685504,57916674,28672976,12150416,3995712,986967,181580,20137,-2456,-1945,-408,-14,8,1 # cft deg12 r=0
674541,852390,-536319,2214682,6524069,401230,-568282,5202956,6612950,4019288,2017601,1594114,1320506,698548,225363,51152,19135,11456,4301,836,118,60,32,8,1 # cft deg12 r=0
5644352,45582656,84933408,13907272,167563016,-83126462,146452671,-82594734,70655955,-37479268,19615856,-9210036,3146133,-1185944,306133,-66004,28825,-7896,6505,-2298,242,-54,-14,8,1 # cft deg12 r=0
710059,-1328684,867741,1885912,1895775,-2371180,-3512622,954614,2821390,1460412,427637,226342,57550,-72212,-34367,-1310,-1149,2486,2499,974,462,142,32,8,1 # cft deg12 r=0
2110528,-31317664,83297648,194461512,643794172,1106402206,1357015703,1269748212,925522761,523267396,215763324,53008786,-1177085,-6828982,-2177851,285778,482693,194376,41115,2448,-1300,-372,-14,8,1 # cft deg12 r=0
115427781,-616060242,1228631418,-972624766,-88744510,596215778,-216943712,-130762036,79096467,25988984,-18804176,-5935186,4295640,832926,-623244,-60278,63074,8536,1034,1178,222,-172,-14,8,1 # cft deg12 r=0
1074269,7939302,28332668,65306506,109426127,141426764,145731054,121859890,83128111,46085566,20538326,7200054,1939079,421710,92258,17680,-2157,-3196,-912,-94,121,84,32,8,1 # cft deg12 r=0
1849,0,-13846,0,57529,0,53935,0,-32250,0,-30156,0,54460,0,103607,0,90047,0,44989,0,9936,0,-133,0,1 # cft deg12 r=0
21952,-98784,506464,-1546104,4459896,-6149836,4705485,3882020,-3443367,-2884854,-761136,389770,703217,413430,122433,22546,5929,3438,2001,994,396,118,32,8,1 # cft deg12 r=0
14892577,13359248,20440644,6810264,966055,-6647526,-6040482,-3495368,-378515,1144880,1228532,484520,40637,-92664,-23508,5248,4353,-1600,-1122,-346,23,56,32,8,1 # cft deg12 r=0
984291008,299897312,-459170640,522512992,1778498312,2167064398,1567233045,742674650,359167213,247006116,139706432,48069218,8023187,-2456508,-3765245,-2217738,-555921,76978,86861,18198,-594,-690,-52,8,1 # cft deg12 r=0
57233,855954,7295486,-7143814,-6519755,-1254328,7562464,4727118,857317,-2709000,-1623064,-815912,-3895,64024,103760,76190,54563,27950,12500,4240,1289,290,60,8,1 # cft deg12 r=0
65536,0,2113536,0,-106496,0,-646144,0,375296,0,-42688,0,-10480,0,3456,0,-2344,0,308,0,17,0,6,0,1 # cft deg12 r=0
155326369,0,319654152,0,325137412,0,-313993924,0,131433974,0,-27345156,0,3964778,0,-634164,0,58653,0,-3224,0,198,0,60,0,1 # cft deg12 r=0
49,0,-3136,0,62248,0,-46564,0,-45778,0,43296,0,17846,0,-4404,0,12781,0,8932,0,1426,0,-72,0,1 # cft deg12 r=0
2737277761,0,-1081456824,0,-484061276,0,175556796,0,23696438,0,-9216324,0,3466154,0,-652212,0,98525,0,-664,0,678,0,60,0,1 # cft deg12 r=0
43216153,-130030864,184118680,-113498432,341483644,-415994768,84887772,96606592,-87100514,75384400,-41373076,4070336,6769434,-5145792,2389724,-799680,262981,-97584,32344,-8416,1350,-256,60,0,1 # cft deg12 r=0
290521,0,3185736,0,5129236,0,-3813724,0,259758,0,338300,0,-111214,0,16932,0,-1379,0,-160,0,54,0,-4,0,1 # cft deg12 r=0
513,0,0,0,22002,0,15724,0,175989,0,179164,0,-40594,0,46488,0,58414,0,-24420,0,2384,0,32,0,1 # cft deg12 r=0
513,0,1368,0,340974,0,-492488,0,478389,0,-438068,0,152294,0,4980,0,-1274,0,888,0,80,0,-4,0,1 # cft deg12 r=0
513,0,3420,0,33402,0,152068,0,117421,0,-210396,0,156626,0,-148064,0,59102,0,5600,0,1564,0,-28,0,1 # cft deg12 r=0
2401,0,1372,0,-1078,0,-756,0,821,0,-276,0,74,0,-128,0,286,0,-200,0,68,0,-12,0,1 # cft deg12 r=0
15531481,0,-34385144,0,52119964,0,-39687124,0,18723110,0,-5861556,0,1347434,0,-244084,0,34237,0,-3160,0,238,0,-20,0,1 # cft deg12 r=0
121,0,266524,0,809514,0,2945532,0,3697055,0,1598072,0,584812,0,-53096,0,-16569,0,2540,0,10,0,-20,0,1 # cft deg12 r=0
17380561,0,8165128,0,4121252,0,2641836,0,3158766,0,-147572,0,284042,0,-37972,0,15541,0,-1640,0,238,0,-20,0,1 # cft deg12 r=0
3214849,0,23541984,0,19226684,0,26835436,0,23077038,0,-486356,0,10977234,0,-4263884,0,709261,0,-66784,0,3566,0,-92,0,1 # cft deg12 r=0
49,0,3136,0,62248,0,46564,0,-45778,0,-43296,0,17846,0,4404,0,12781,0,-8932,0,1426,0,72,0,1 # cft deg12 r=0
126540001,0,-336010464,0,220975004,0,330632300,0,58027246,0,1730924,0,-5086062,0,-101708,0,280269,0,-45024,0,3086,0,-92,0,1 # cft deg12 r=0
116939497,-257623856,193305104,88441536,-250189124,138880528,36045764,-96686848,87127206,-78947280,63473180,-33262848,9429434,-1240640,297900,9280,-218099,102448,5288,-13472,2414,256,-92,0,1 # cft deg12 r=0
953089,-545184,-3160704,665264,5203000,317536,-4660260,-1005376,2878666,862032,-1724864,-957040,532454,560736,110892,-34144,5017,9328,-668,-448,282,48,-16,0,1 # cft deg12 r=0
58807889,78033760,-12976384,-22519408,23258648,15769088,3209756,1206272,7073770,-493696,393600,-64752,-24362,-13376,-44052,4256,2313,0,420,0,42,0,-16,0,1 # cft deg12 r=0
2674649,0,9853856,0,9997534,0,-505304,0,6398031,0,-3422432,0,1644196,0,-651312,0,148119,0,-18944,0,1406,0,-56,0,1 # cft deg12 r=0
7409,0,-34272,0,67034,0,22148,0,286789,0,-85796,0,-95882,0,-56240,0,39302,0,5860,0,-168,0,-24,0,1 # cft deg12 r=0
7409,0,72320,0,285166,0,524736,0,320221,0,-163268,0,-91474,0,-48260,0,14358,0,6392,0,1192,0,60,0,1 # cft deg12 r=0
2674649,0,519840,0,2835902,0,-2224760,0,380367,0,-1876960,0,405604,0,239120,0,51479,0,7680,0,734,0,40,0,1 # cft deg12 r=0
7120049,0,-24863860,0,40496480,0,-103186236,0,190791846,0,3330648,0,32755930,0,8104440,0,1045917,0,61264,0,98,0,-84,0,1 # cft deg12 r=0
7120049,0,2620492,0,553984,0,-166268,0,115494,0,100488,0,59866,0,9848,0,4637,0,1792,0,322,0,28,0,1 # cft deg12 r=0
7409,0,223480,0,2274594,0,-2166756,0,5219901,0,-4492084,0,1644294,0,-271816,0,56446,0,-4860,0,296,0,-24,0,1 # cft deg12 r=0
7120049,0,-60125244,0,154674860,0,-174346116,0,361451526,0,-148853404,0,24011750,0,-1592584,0,116493,0,-27180,0,2838,0,-88,0,1 # cft deg12 r=0
64696121,374528,-115779996,13168000,90907510,-13527984,-46477464,4473344,19215045,-1161104,-5599388,-155328,1329378,131072,-209164,-36928,24862,6032,-1948,-736,100,32,-8,0,1 # cft deg12 r=0
10587833,48805056,91699348,78028544,1779014,-60304080,-53380000,-10537472,14629741,13634896,6047052,2239104,904010,177408,-71724,-27968,14126,8752,1452,352,140,-32,-24,0,1 # cft deg12 r=0
495616,0,16015360,0,-9480192,0,202752,0,4082944,0,-3147264,0,1724544,0,-346112,0,59040,0,-5888,0,512,0,-24,0,1 # cft deg12 r=0
3936256,0,9232384,0,16381952,0,15409152,0,6183168,0,735232,0,-304768,0,-16384,0,-7136,0,3616,0,-272,0,-8,0,1 # cft deg12 r=0
43681,0,-47652,0,329992,0,218868,0,41310,0,-81776,0,-23998,0,6664,0,2349,0,8,0,-22,0,4,0,1 # cft deg12 r=0
43681,0,47652,0,329992,0,-218868,0,41310,0,81776,0,-23998,0,-6664,0,2349,0,-8,0,-22,0,-4,0,1 # cft deg12 r=0
116281,0,-205216,0,249418,0,133504,0,-241507,0,112160,0,100774,0,-9688,0,11870,0,-160,0,36,0,16,0,1 # cft deg12 r=0
116281,0,205216,0,249418,0,-133504,0,-241507,0,-112160,0,100774,0,9688,0,11870,0,160,0,36,0,-16,0,1 # cft deg12 r=0
481890304,0,323936256,0,-52267008,0,-5122048,0,-2317056,0,588288,0,96384,0,-26624,0,2720,0,-896,0,224,0,-24,0,1 # cft deg12 r=0
1478656,0,-2957312,0,12802048,0,-1368064,0,-81664,0,1996800,0,936320,0,63488,0,-7904,0,1952,0,16,0,-8,0,1 # cft deg12 r=0
9641,0,18192,0,34302,0,27916,0,38973,0,12912,0,14190,0,1588,0,1110,0,-148,0,716,0,44,0,1 # cft deg12 r=0
9265001,0,-96471380,0,293470212,0,-216132872,0,45142550,0,16392064,0,18009298,0,159876,0,-2651,0,13140,0,-22,0,-28,0,1 # cft deg12 r=0
9265001,0,36705240,0,34592814,0,-8887792,0,2672757,0,-4516068,0,652198,0,101484,0,-2898,0,240,0,360,0,36,0,1 # cft deg12 r=0
9265001,0,15074680,0,48262398,0,70591096,0,3974453,0,-23207636,0,4535158,0,3230484,0,560590,0,67608,0,13160,0,-4,0,1 # cft deg12 r=0
9265001,0,91025052,0,520413556,0,-192868216,0,78538358,0,-11887080,0,-1211806,0,884308,0,421957,0,55948,0,3930,0,108,0,1 # cft deg12 r=0
3480401,0,-3324088,0,1721020,0,456172,0,782566,0,291708,0,277906,0,111084,0,7669,0,-3896,0,294,0,-20,0,1 # cft deg12 r=0
3500617,0,26540720,0,98421748,0,106529828,0,91173254,0,60114252,0,28396690,0,8508636,0,1572613,0,158440,0,10830,0,68,0,1 # cft deg12 r=0
9697,0,-52304,0,127958,0,-163928,0,173119,0,-103360,0,54004,0,-11376,0,3999,0,-176,0,54,0,8,0,1 # cft deg12 r=0
125641681,0,250787868,0,111609198,0,-32719520,0,-19990163,0,5451628,0,74642,0,-109484,0,8894,0,-1292,0,332,0,-32,0,1 # cft deg12 r=0
10195249,0,46606264,0,105573250,0,137166696,0,109118973,0,49940192,0,13844110,0,2536304,0,330126,0,29568,0,1780,0,64,0,1 # cft deg12 r=0
3829849,0,-3867032,0,30143918,0,25749920,0,4086159,0,-791920,0,325188,0,-46816,0,15447,0,1992,0,-114,0,0,0,1 # cft deg12 r=0
49,0,195612,0,-282802,0,19256800,0,-9567027,0,-3728852,0,2891538,0,-566444,0,83326,0,-7948,0,620,0,-32,0,1 # cft deg12 r=0
255683881,-702012176,723030188,-217594208,-168883474,100312160,87184608,-94808704,12977109,15129712,-1246916,-5451744,1906554,382256,-184172,-100352,47766,5232,-4108,-768,476,32,-32,0,1 # cft deg12 r=0
5285401,0,11531784,0,85950414,0,-6920496,0,50394095,0,18872592,0,8468132,0,3104960,0,1347255,0,219304,0,21390,0,-208,0,1 # cft deg12 r=0
8743849,0,-114996,0,58599830,0,-69168672,0,36325533,0,-11581924,0,2576666,0,-438732,0,58110,0,-5788,0,492,0,-32,0,1 # cft deg12 r=0
5285401,0,38439280,0,799596798,0,59703688,0,130267471,0,-28670464,0,7749476,0,-1875824,0,464343,0,-54448,0,3870,0,-88,0,1 # cft deg12 r=0
14657,0,36212,0,-6580,0,39812,0,180414,0,-20996,0,28758,0,240,0,-155,0,-572,0,142,0,-16,0,1 # cft deg12 r=0
14085377,0,19751424,0,7281126,0,1171536,0,3284381,0,84764,0,323302,0,54892,0,20366,0,4984,0,496,0,28,0,1 # cft deg12 r=0
14085377,0,53720844,0,67046654,0,14068152,0,-2947531,0,-1997004,0,546554,0,314740,0,84798,0,11260,0,996,0,48,0,1 # cft deg12 r=0
14085377,0,-114494116,0,419295392,0,-836785704,0,981544710,0,-680667716,0,260318534,0,-47748228,0,5351381,0,-371264,0,14014,0,-160,0,1 # cft deg12 r=0
14085377,0,-12402756,0,-752212,0,2317912,0,3985726,0,1563008,0,1345666,0,364292,0,102893,0,10820,0,9498,0,84,0,1 # cft deg12 r=0
81,0,2106,0,21267,0,105948,0,277429,0,391810,0,317219,0,153522,0,45209,0,8064,0,839,0,46,0,1 # cft deg12 r=0
235682273,276831368,617975814,549033848,697415569,487326360,449331614,251417648,188114242,86481832,56668598,21947816,13187889,4340840,2411250,641712,324514,62168,30202,3320,1841,72,66,0,1 # cft deg12 r=0
1,0,-4,0,136,0,-364,0,7408,0,-3220,0,-6890,0,-3220,0,7408,0,-364,0,136,0,-4,0,1 # cft deg12 r=0
4096,0,153600,0,746240,0,858496,0,863120,0,405088,0,64488,0,14328,0,10665,0,2750,0,315,0,30,0,1 # cft deg12 r=0
421632,340992,869376,535040,1667792,555104,1649240,457440,1480281,71652,914986,58636,346105,47804,88098,19240,16292,3436,2542,204,345,-12,30,0,1 # cft deg12 r=0
163216,39488,324320,627136,466168,-338368,-306624,270496,682425,597100,476314,356676,241561,139252,77634,37336,17868,6980,3030,804,345,60,30,0,1 # cft deg12 r=0
1,0,4,0,136,0,364,0,7408,0,3220,0,-6890,0,3220,0,7408,0,364,0,136,0,4,0,1 # cft deg12 r=0
190208,-25600,653312,-53760,1079632,169760,1636184,353824,1061409,326780,489130,57460,55077,-35204,9918,9112,16308,7620,3382,500,21,-60,-6,0,1 # cft deg12 r=0
832528,-2036800,2405344,-1975744,2629496,-3727168,4031424,-3128224,2413857,-2064428,1834394,-1299684,724229,-330668,138462,-49432,13052,-2068,414,-68,21,12,-6,0,1 # cft deg12 r=0
4096,0,-26624,0,160512,0,231808,0,3416208,0,473632,0,29800,0,15448,0,4761,0,522,0,51,0,-6,0,1 # cft deg12 r=0
16,0,1040,0,10076,0,42748,0,99921,0,141296,0,126138,0,72104,0,26191,0,5860,0,754,0,48,0,1 # cft deg12 r=0
4096,0,-22528,0,-83200,0,298112,0,648976,0,-496448,0,-1210856,0,-405264,0,116649,0,68666,0,6339,0,-182,0,1 # cft deg12 r=12
262144,2359296,-7831552,-37388288,-23179264,58966016,89524224,17448960,-38841600,-22781952,196608,-198400,-1546624,1551744,1697600,72192,-365904,-101024,23760,13920,816,-504,-76,4,1 # cft deg12 r=16
256,0,6784,0,27056,0,-218744,0,194489,0,59534,0,-52079,0,-5330,0,4276,0,182,0,-119,0,-2,0,1 # cft deg12 r=12
10816,0,1292512,0,15279524,0,68659287,0,147235052,0,168022342,0,106263879,0,37030927,0,6823207,0,608027,0,23544,0,307,0,1 # cft deg12 r=0
169416256,0,209407104,0,-241054880,0,49874816,0,5731412,0,-1369624,0,-33736,0,-48924,0,149,0,1124,0,134,0,24,0,1 # cft deg12 r=0
5722014736,0,-1900198592,0,1828861912,0,-305734688,0,176232057,0,-15498276,0,6922080,0,-356652,0,96518,0,4980,0,88,0,-36,0,1 # cft deg12 r=0
170710739559424,0,-66092953177088,0,15397221609984,0,-626630707072,0,-99410056624,0,31539623744,0,2173312664,0,183793352,0,1883153,0,-749900,0,5998,0,236,0,1 # cft deg12 r=0
1384745269504,0,-1023348681984,0,591088372992,0,-245497679456,0,77859736260,0,-17504596440,0,2864488384,0,-313083252,0,22692613,0,-812836,0,16382,0,-184,0,1 # cft deg12 r=0
2375197696,0,1901187072,0,1925481472,0,688248320,0,126529664,0,31878528,0,6895296,0,-932384,0,-45276,0,11800,0,88,0,-36,0,1 # cft deg12 r=0
419302871296,0,-138622189824,0,47213227264,0,-5042071648,0,1208866340,0,-1687848,0,14733648,0,2100532,0,437685,0,39316,0,2398,0,72,0,1 # cft deg12 r=0
138674176,0,414449664,0,593567744,0,505540608,0,250106944,0,59505280,0,2092768,0,-760960,0,13556,0,8424,0,-272,0,-20,0,1 # cft deg12 r=0
35500589056,0,-36057645056,0,15501863168,0,1831426048,0,1334276112,0,-367800256,0,28414536,0,3481728,0,-487791,0,17668,0,2494,0,-92,0,1 # cft deg12 r=0
2922051136,0,12724828480,0,1304307744,0,560263672,0,261674777,0,50169444,0,13077200,0,2326844,0,285750,0,28108,0,1696,0,60,0,1 # cft deg12 r=0
475846113856,0,-418707665280,0,198611756640,0,-55339587520,0,10491757204,0,-1203774792,0,97626808,0,3204908,0,-1078555,0,171796,0,12470,0,208,0,1 # cft deg12 r=0
75620416,0,30989111168,0,-10546872736,0,688492096,0,894471156,0,-277725880,0,41575944,0,-1048636,0,-270827,0,39772,0,-170,0,-48,0,1 # cft deg12 r=0
73618883584,0,-76414123008,0,25560864768,0,-2030644352,0,667800656,0,-85482432,0,-16779400,0,135864,0,-7247,0,22252,0,3310,0,116,0,1 # cft deg12 r=0
78016659951616,0,-9361037705216,0,-17628424448,0,1298685008896,0,38346283024,0,-6842520320,0,4412491240,0,728509552,0,33664369,0,484732,0,7102,0,-212,0,1 # cft deg12 r=0
12230590464,0,1528823808,0,-1005649920,0,-347840512,0,40249600,0,13715200,0,4764800,0,1025632,0,152100,0,15544,0,1048,0,44,0,1 # cft deg12 r=0
25743560704,0,15391969280,0,-804222976,0,-955076096,0,-91596480,0,6052352,0,8140512,0,1888256,0,257044,0,26248,0,1696,0,60,0,1 # cft deg12 r=0
2401,0,148176,0,2429910,0,17625047,0,65081395,0,128320107,0,140520316,0,85873415,0,27983756,0,4240354,0,198737,0,2689,0,1 # cft deg12 r=0
312873560000,1388642440000,3453907801600,5607242577240,5985028227184,3961654758838,1317019980381,-103362096800,-288233219332,-103866371860,-2340814539,9230993478,2571712919,15215654,-121251177,-23322448,-412334,618658,143818,7122,-2457,-396,-27,2,1 # cft deg12 r=0
-51167808,400327200,39681696,-3973330208,4741250564,7975297586,-14819424839,-2329854456,12752386196,-1170574648,-5064380814,677147460,1067798101,-129165668,-129923259,12518978,9555769,-680032,-429873,20732,11506,-326,-167,2,1 # cft deg12 r=24
-2589208951937,-22847559405940,-53643967328072,-37171951009304,29453621290107,60903288840354,29813978654626,-4315365698230,-8936876842259,-2046603361404,742553527100,375043392548,-3885184347,-26393874980,-2540664658,941289312,150667917,-17811548,-3957110,168418,53835,-622,-368,0,1 # cft deg12 r=24
1920104761,0,-26088477343,0,123754939657,0,-262897971970,0,278940166268,0,-155386428593,0,46959938556,0,-7696648961,0,653119331,0,-24617373,0,242030,0,-860,0,1 # cft deg12 r=24
7884864,0,-1965117024,0,70582367268,0,-184857100009,0,176091235295,0,-82629128561,0,21110368833,0,-3007042633,0,235816089,0,-9890588,0,204190,0,-1629,0,1 # cft deg12 r=24
25,0,1200,0,10410,0,-84895,0,165771,0,-53640,0,-162301,0,178590,0,-58719,0,2635,0,849,0,-75,0,1 # cft deg12 r=16
-12554975,62702700,-73003350,-45780400,133755765,-55442160,-53206810,66225720,-16440894,-18165556,15774342,-2339088,-3416559,2006376,103002,-417024,76542,48180,-17682,-2712,1617,56,-66,0,1 # cft deg12 r=16
1,0,51,0,222,0,-218,0,-1197,0,162,0,1983,0,162,0,-1197,0,-218,0,222,0,51,0,1 # cft deg12 r=8
6400,0,-38400,0,-61440,0,603200,0,-481344,0,-1239936,0,1369232,0,498192,0,-683040,0,135028,0,-4608,0,-144,0,1 # cft deg12 r=16
47686201,-206101140,489022389,-648055340,432438333,-26429460,-161711777,90712500,4528725,-19268560,4446486,922860,-438957,180720,-82716,-36140,27555,3900,-3983,-360,378,20,-24,0,1 # cft deg12 r=0
16,0,-384,0,-24480,0,68640,0,116496,0,-443520,0,344584,0,-52800,0,-27384,0,7400,0,-240,0,-24,0,1 # cft deg12 r=16
3721,0,-10920,0,-249438,0,496856,0,2413479,0,-55056,0,-2267916,0,641712,0,-9153,0,-13832,0,1674,0,-72,0,1 # cft deg12 r=16
25,0,-150,0,-4635,0,4110,0,152166,0,518802,0,756577,0,535650,0,167826,0,10510,0,-3087,0,-54,0,1 # cft deg12 r=8
25,0,150,0,-4635,0,-4110,0,152166,0,-518802,0,756577,0,-535650,0,167826,0,-10510,0,-3087,0,54,0,1 # cft deg12 r=16
3721,0,10920,0,-249438,0,-496856,0,2413479,0,55056,0,-2267916,0,-641712,0,-9153,0,13832,0,1674,0,72,0,1 # cft deg12 r=8
16,0,384,0,-24480,0,-68640,0,116496,0,443520,0,344584,0,52800,0,-27384,0,-7400,0,-240,0,24,0,1 # cft deg12 r=8
59186761,94864200,160060614,162635200,154601217,85314000,39574898,-825840,-11663502,-9331960,4069038,7315200,2029753,-1903200,-1097562,226400,238578,-12840,-27782,240,1857,0,-66,0,1 # cft deg12 r=0
