# IGP24 class field sweep: deg6.
952576,0,1352768,0,-2128112,0,1851268,0,-849919,0,350200,0,-116442,0,-7028,0,863,0,-1080,0,150,0,-20,0,1 # cft deg6 r=4
10000,0,1868800,0,686236,0,-1425384,0,-531723,0,-197806,0,-71051,0,-11994,0,-2632,0,-822,0,-39,0,-2,0,1 # cft deg6 r=4
59536,0,506496,0,1153740,0,480112,0,-579275,0,-334730,0,67437,0,47570,0,-360,0,-542,0,185,0,-26,0,1 # cft deg6 r=8
-55889,-69156,479519,1206486,1244524,414624,49673,-170134,44758,148196,175627,-214002,45238,-11616,26843,-11730,-2742,3788,-1071,426,-208,8,31,-10,1 # cft deg6 r=4
246016,0,305408,0,-528928,0,1037212,0,-761439,0,42928,0,-10346,0,12380,0,1887,0,368,0,54,0,4,0,1 # cft deg6 r=4
16,0,160,-720,2732,-3720,9492,-12380,9937,-19060,3231,-13460,324,-8820,-4755,-7620,-5035,-2620,-611,-160,360,170,-11,-10,1 # cft deg6 r=4
5180176,0,1277264,0,-3386568,0,1890676,0,-730791,0,-16924,0,-27790,0,-4984,0,-437,0,-740,0,162,0,-20,0,1 # cft deg6 r=4
1638400,0,-11043840,0,6644656,0,-3624572,0,-364519,0,-397142,0,-267007,0,-41754,0,-15236,0,-2006,0,97,0,26,0,1 # cft deg6 r=4
2961841,0,-5989598,0,5509611,0,-2985170,0,1058515,0,-253328,0,35890,0,4768,0,-4925,0,1550,0,-229,0,18,0,1 # cft deg6 r=0
400,0,70880,0,-150196,0,-562376,0,1544737,0,399260,0,49914,0,19716,0,2871,0,500,0,178,0,24,0,1 # cft deg6 r=0
96161,292396,-39904,-722410,762195,-97654,1666115,-3185516,2604221,-2114778,1660379,-773622,286940,-106588,-6674,7674,8089,-1722,415,-644,-231,186,5,-10,1 # cft deg6 r=0
-10405,3845,36196,-193089,423518,-660452,752469,-695526,514622,-259549,91035,-117331,223163,-232643,132068,-26656,-17389,15395,-4064,-960,1198,-490,116,-16,1 # cft deg6 r=4
2496400,-1413200,-60840,2878310,1880759,685182,892852,1403720,1483035,1002228,679396,619026,478339,230978,50604,-3672,3757,8100,2344,-1018,-687,-66,40,12,1 # cft deg6 r=0
-263125,924075,-1115116,1029629,-1766242,2713474,-1762443,383870,-761830,322243,1694533,-1670741,-219903,695247,10040,-192534,-4775,33769,4732,-3748,-1284,28,84,16,1 # cft deg6 r=4
6753361,22738115,32047485,19546800,-8672762,-25519487,-16986211,2309906,10944212,5882652,-990024,-2509778,-919795,203426,279692,77232,-16093,-17807,-3751,1130,623,4,-38,-2,1 # cft deg6 r=4
2171875,11043750,20208125,23074500,34974225,62647750,77474575,60431900,34233415,23030100,21750710,17900400,10881859,5079760,1922328,608544,175569,53702,16257,3928,660,8,-36,-4,1 # cft deg6 r=4
80656,0,486276,0,561185,0,-1151868,0,-2764986,0,-1676464,0,-134929,0,85090,0,7730,0,-1894,0,-183,0,10,0,1 # cft deg6 r=4
-1274519,-5439884,7927556,23933640,-47091663,30553736,-22385540,20081788,-1522884,-5954290,90844,257568,1104688,151602,-471659,-53020,98741,10818,-12205,-1452,932,108,-41,-4,1 # cft deg6 r=8
104009,-27598,98916,-456294,302754,47820,747066,-1221330,412010,-106240,493374,-285598,36757,-97892,69104,-2394,11291,-5046,1226,-418,317,-54,24,-6,1 # cft deg6 r=0
-2384,-10960,55184,493618,1326771,1211039,-1417728,-3770871,-1625415,1434897,1374845,673765,-327468,-331307,-64291,42486,33451,-585,-5690,-540,586,60,-38,-2,1 # cft deg6 r=8
66544,209632,417628,389200,349651,157278,166100,-102582,75054,126254,174486,-67692,-33355,39764,-31662,9350,-6438,1928,-538,-54,401,-152,24,-6,1 # cft deg6 r=4
-773209,6973443,-23220093,47963032,-65034434,51418281,-11116815,-21427846,23835638,-8001012,-3834572,4797454,-1334491,-592702,521800,-69930,-62461,25491,1777,-2834,279,156,-30,-4,1 # cft deg6 r=4
961,0,60452,0,650652,0,1331202,0,138854,0,-111518,0,109763,0,52134,0,3615,0,736,0,279,0,10,0,1 # cft deg6 r=0
-34975,-75900,-98480,-28050,221291,418334,278033,-87556,-357037,-286714,30163,108798,-149131,-259240,-71898,73344,45637,-5376,-8772,-326,862,58,-45,-2,1 # cft deg6 r=4
34025,109175,152660,58775,-96241,-122199,-9536,83552,69645,14711,-28934,-38316,-13214,17386,16706,-1114,-7162,-1753,1441,676,-125,-116,-8,6,1 # cft deg6 r=4
6704,-11360,-100152,243362,223821,-1099514,805781,859948,-1701834,468208,911361,-704076,-154573,337392,-33720,-92134,24407,14830,-5769,-1348,722,52,-45,0,1 # cft deg6 r=12
1757669,607290,-9950182,-1326114,17472070,3028120,-12945564,-2748264,2997844,-355678,289322,887380,-119619,-231806,22124,43542,-2065,-10256,-1658,1224,387,-42,-34,0,1 # cft deg6 r=8
1254619,-1582506,-24896155,1656374,47473452,-8944880,-34118636,10947862,9623862,-4432606,-133331,361650,-388230,139492,44297,-19796,1764,-1384,-522,120,132,28,-21,-2,1 # cft deg6 r=12
1420759,11439210,-2899741,-1993262,963888,-3807994,2796939,-3573564,-2660189,4910040,1892833,-3012340,-684194,1133844,99342,-268554,5020,40052,-3874,-3656,571,186,-38,-4,1 # cft deg6 r=4
-58441,239682,-563436,1151190,-2001194,2571188,-2533739,1994326,-1095172,173114,238396,-99424,-123213,134256,-28404,-35696,33658,-12260,241,1882,-944,222,-18,-4,1 # cft deg6 r=4
-2038579,5238350,-4712566,-122310,4495296,-2945594,-1838963,2633962,159685,-1663272,613895,487966,-403400,-24338,115844,-19818,-22530,8566,2517,-1926,117,160,-37,-2,1 # cft deg6 r=8
-287225,-3191850,-3792390,14338940,19756624,-22312912,-35503845,28386194,29093762,-22222522,-12724948,10129680,3542098,-3261900,-762375,736170,142770,-109526,-20616,9172,1656,-380,-65,6,1 # cft deg6 r=8
31752944,110640192,42648328,-89031714,6173909,5366149,-130039650,10795273,149237393,-54177,-82998592,-346144,26704711,-498519,-5321797,243657,677668,-47371,-54470,4524,2670,-210,-75,4,1 # cft deg6 r=8
13744,-107196,263607,-244443,149675,-359324,548862,-410801,232144,-251249,241980,-42351,-63585,10905,47011,-26428,965,4309,-1552,-638,428,70,-30,-4,1 # cft deg6 r=4
-134041,1436510,-8210091,21927264,-12228483,-40116808,52667406,19537032,-57081130,6137538,29648691,-10068086,-8043623,4313040,1071498,-939880,-32534,115836,-9182,-8006,1210,284,-58,-4,1 # cft deg6 r=8
-5120,-145920,-660480,-254720,3439296,6875392,3435040,-3107712,-4453392,-1382952,900164,892764,88003,-217246,-102460,8804,15513,-206,-2311,-322,113,-12,-15,2,1 # cft deg6 r=8
9904,13480,199728,-853234,-6386097,-12625445,-12016596,-7336413,-4591381,-2783827,-809241,61889,17644,-55721,-14685,3758,-3921,-1481,2516,1274,-120,-166,-16,6,1 # cft deg6 r=4
16,0,640,0,1756,0,-19016,0,-51795,0,-31281,0,7100,0,6953,0,-253,0,-83,0,60,0,-17,0,1 # cft deg6 r=8
149921,674802,668394,-2151218,-2675294,430380,1044567,-1085402,-2182413,-1234228,-442267,-86488,153222,216768,134754,50816,13378,1310,-951,-560,-103,14,15,6,1 # cft deg6 r=4
614161,5501874,26083307,76331998,159306587,251789572,307075624,287390400,198842621,91932478,17029557,-12508978,-13537754,-6653918,-1800091,-68382,171389,79464,16096,-212,-1037,-254,-13,6,1 # cft deg6 r=8
312320,-72320,-1115760,3191760,-5326271,8583550,-12077526,12335870,-6376267,-1691042,4826109,-2158178,-829800,1014012,-61244,-228552,52902,29894,-10067,-2338,979,98,-48,-2,1 # cft deg6 r=4
2029879,-4365938,-369862,3853292,-464309,-3880370,2791173,1263142,-2521864,1178540,393322,-503230,106587,67930,-51792,15376,3340,-5086,2420,-546,-34,60,-13,-2,1 # cft deg6 r=4
25,0,1125,0,10515,0,-23705,0,476146,0,-180359,0,39711,0,40605,0,-9090,0,-565,0,311,0,-31,0,1 # cft deg6 r=4
207484,-312286,192951,-1510762,269394,-1708722,184493,-986800,-533085,-702888,-547784,-502314,-228797,-186526,-69587,-29650,-14894,-2110,307,236,409,68,-28,-6,1 # cft deg6 r=4
293936,873856,1295456,1384400,875684,595936,1051996,757896,525635,-28278,154858,166010,52176,-27988,-16522,10418,6602,-4024,-162,1250,3,-160,-8,8,1 # cft deg6 r=0
1559,9102,8807,-32662,32440,8974,-11835,-38772,110155,-105690,49269,-27938,48710,-44770,19580,-3614,-848,1886,-930,-32,131,-34,-4,6,1 # cft deg6 r=0
5360921,-12522488,22147295,-22425380,19967578,-12950296,8844470,-4695574,1983244,-204534,-333505,296280,-186594,124466,-56250,10208,2838,-2934,2055,-1382,708,-264,70,-12,1 # cft deg6 r=0
-76724,-303388,-193006,614090,1137905,349703,-838868,-793285,79589,316633,-59065,-233273,-74824,60371,27919,-16092,-5107,3657,528,-746,48,112,-16,-6,1 # cft deg6 r=8
3775,-60975,59110,46375,19049,350183,-576097,106881,376371,-586816,119431,332779,-171997,-66807,54069,11716,-616,-1667,-2234,-494,334,138,-28,-6,1 # cft deg6 r=12
16,0,196,0,-1387,0,12791,0,-25632,0,19861,0,-4773,0,-2228,0,1991,0,-707,0,144,0,-17,0,1 # cft deg6 r=4
-364544,-68608,372736,107520,101456,-317760,-165560,368960,30701,-42968,-143682,-61672,55589,60072,11634,-25600,-8444,3832,2546,-1080,81,88,-34,0,1 # cft deg6 r=4
5581,74444,321928,660712,628310,-204912,-1385793,-1726132,-686388,762278,1170448,426950,-323633,-351878,-33142,95244,35740,-10108,-7241,114,680,60,-34,-4,1 # cft deg6 r=8
66527600,156087200,297509040,493670080,627898764,586906624,418300820,248191340,138863201,78355856,39853803,13851176,565271,-2656734,-1625972,-410958,19292,47778,14820,1314,-605,-242,-19,6,1 # cft deg6 r=4
42499,1467743,-1642814,-20817707,-14628058,123438102,409130345,673439330,737205804,594618499,368091167,172492889,54934607,6408113,-4259806,-2808048,-703455,4677,53532,12424,-258,-516,-52,6,1 # cft deg6 r=4
256,0,1728,0,-5088,0,-39040,0,9409,0,186660,0,154356,0,-4820,0,-13546,0,1020,0,-108,0,-12,0,1 # cft deg6 r=8
-3011,-44210,-295573,-1182748,-3118752,-5585044,-6652418,-4701934,-1019136,1091884,506511,-637936,-616420,-57978,129730,57552,-14,-8928,-3633,2,570,264,70,12,1 # cft deg6 r=4
1276400,-8836000,21558480,-17090910,-14228511,30123524,-2638083,-23316956,10963828,9045398,-7238102,-1837414,2612277,8234,-509610,69352,45603,-14538,433,1874,-418,-192,22,12,1 # cft deg6 r=8
199924,1181070,-9857959,19049268,-8365010,-9488200,6027521,3061478,-462295,-931082,-1216500,307914,670675,-33400,-187188,-13548,32474,5718,-3845,-920,308,78,-12,-6,1 # cft deg6 r=8
20685824,-47916160,-23260688,106753140,8275215,-104552793,-7803706,62495871,10508977,-25717181,-7026695,7469113,2786258,-1533145,-731211,225474,130801,-23223,-16172,1468,1316,-44,-56,0,1 # cft deg6 r=4
16,-80,-592,2608,7036,-52436,112856,-106488,10213,24071,-29970,-233,15908,-8900,435,1076,-1888,543,234,-126,51,-2,-16,2,1 # cft deg6 r=4
-5041,39050,-192839,635920,-1511769,2718118,-3875037,4591094,-4680638,4295360,-3620291,2784312,-1882166,1061046,-453299,117778,1874,-18182,8899,-2008,9,134,-38,2,1 # cft deg6 r=4
169859,63638,-1967091,-3655760,43244862,-101366264,117428421,-77485014,26464619,2785982,-10353479,6895040,-1721078,-608460,623608,-179222,-17034,31918,-8324,-1500,1031,-16,-50,2,1 # cft deg6 r=0
39859024,63325936,13386644,-83266928,-122199213,-23266318,114976455,145198000,86986528,40721464,29757531,24587650,13888087,4597720,496300,-296216,-145323,-10234,11521,3384,-192,-224,-19,6,1 # cft deg6 r=0
63101,-550530,2471795,-7473010,16679304,-25088828,25989197,-21505594,17089363,-13088952,8149267,-3353092,459198,435108,-346024,108906,3018,-18354,7778,-1014,-355,170,-18,-4,1 # cft deg6 r=0
80,0,-2000,0,10260,0,-15360,0,-25091,0,127107,0,-204716,0,171393,0,-76857,0,15969,0,-716,0,-69,0,1 # cft deg6 r=20
-2167999,9316058,-12948789,1071946,15110566,-16835744,7324059,2597366,-7902775,5854926,-658717,-1337792,846938,-496980,244326,80450,-139452,34658,14086,-7766,275,428,-64,-4,1 # cft deg6 r=16
78125,0,437500,0,213125,0,-1832700,0,-1522861,0,2035722,0,762095,0,-817836,0,56512,0,22884,0,-498,0,-40,0,1 # cft deg6 r=12
5,0,85,0,220,0,-1270,0,-3191,0,7334,0,6186,0,-10196,0,153,0,1733,0,-14,0,-22,0,1 # cft deg6 r=12
-679775,4175700,6236025,-59429300,72652180,49003420,-103840995,-9934630,35222169,12480302,4501017,-5899456,-2979952,-1393780,-429578,-70068,-34516,5456,694,1562,73,-2,-8,0,1 # cft deg6 r=8
7061504,69558272,190618624,21953536,-341475072,88527488,249268800,-409888448,438378736,-348191328,207149760,-95935680,36079656,-10853544,2572900,-562044,132087,-38930,13254,-2806,307,-18,8,-4,1 # cft deg6 r=4
7805456,731928,-7182180,-3363508,-7309278,5884646,11268367,787804,-1672297,-5610028,-872699,1854078,673954,-48360,-233872,-23972,38773,-2026,-2298,1114,7,-156,-6,8,1 # cft deg6 r=4
1375604,-1897032,-2454014,6278068,2040387,-4059602,-1387171,872606,1160636,-299032,-398586,96908,40417,37616,-36492,2496,1201,4254,-3899,1478,-194,-88,54,-12,1 # cft deg6 r=4
467024,5097960,-4945276,-12622026,12938431,-156394,-21614002,16682638,17853353,-12867516,-3484891,4406446,-1959084,-733446,592378,-186298,-30910,32172,-12124,1238,400,-250,65,-10,1 # cft deg6 r=8
80,0,-1360,0,-1960,0,106980,0,-537271,0,1009996,0,-813794,0,295298,0,-40605,0,-1382,0,759,0,-51,0,1 # cft deg6 r=20
-15024400,87165200,-55356400,-71453200,40539560,564000,32877260,-556880,-48391981,20393147,28165760,-15641483,-9552144,5593678,1968015,-1176292,-238200,154449,14512,-12414,-119,550,-30,-10,1 # cft deg6 r=16
5,0,-175,0,635,0,1880,0,-3766,0,-8673,0,-327,0,5581,0,1270,0,-1014,0,-163,0,55,0,1 # cft deg6 r=12
-174793891,-507623834,-451605294,22498276,232573801,14736286,-64711104,45583652,65518340,-2084998,-16484702,951104,2483686,-2481192,-1498757,370438,364279,6516,-38221,-4150,2070,272,-63,-6,1 # cft deg6 r=8
1937219,8974948,-80264324,197963370,-236925764,127356068,38306286,-128915740,114391700,-55207286,10587380,5575428,-5784548,2575932,-608844,-21522,85140,-36580,6962,572,-644,158,-4,-4,1 # cft deg6 r=8
256,0,-8896,0,-365680,0,-1855356,0,799033,0,140646,0,27013,0,-5386,0,-5364,0,-178,0,45,0,10,0,1 # cft deg6 r=8
88525,2788000,24875825,101223200,192213580,100295280,-159167235,-184718750,-2332839,60886898,24089569,-900412,-4630880,-1151752,97278,42708,-11588,-13484,2246,1190,361,-54,-8,0,1 # cft deg6 r=8
-65225,30774050,16307425,56623700,-90601465,-69861900,-180016760,-50712560,-66130544,505238,-12541025,-1763286,-69759,-875118,178007,-36320,-35864,20880,-8070,1768,-49,-126,53,-10,1 # cft deg6 r=4
5120279,-708671,-13677719,-6064308,7155617,4859476,-5108918,-3511970,2038490,1327127,-882469,-510820,280671,135316,-95692,-28998,23406,3025,-4341,-48,469,-26,-30,2,1 # cft deg6 r=4
-19117831,64872768,-98349863,125872532,-122358490,82174472,-47487208,24431646,-5481080,-1318652,1944579,-2568228,1225056,282216,-121732,-176218,32748,45072,-11067,-4244,1338,148,-62,-2,1 # cft deg6 r=4
800000,0,2560000,0,-540000,0,-13017600,0,-24180631,0,-21743406,0,-10927641,0,-3039941,0,-402150,0,-8467,0,2571,0,155,0,1 # cft deg6 r=4
-98758475,157647300,260859000,3374100,-22406215,114545290,13211000,-79448390,-36298544,62126,-3952116,-2682790,-246118,-104542,-110297,37136,-13141,-3064,2493,-838,334,-152,53,-10,1 # cft deg6 r=4
97301,142995,-1536289,4837080,-5816222,49309,8177752,-7587103,-1632012,5400053,-950196,-1887316,633150,418120,-179170,-67351,32043,8301,-3894,-822,327,66,-19,-4,1 # cft deg6 r=4
304324,-1166880,-19318708,27741396,30805363,-51322090,-12034059,27344672,12830492,-8867098,-9767524,1016012,4822965,702032,-1182772,-331380,156617,61406,-10171,-6564,588,366,-36,-8,1 # cft deg6 r=4
5,0,115,0,805,0,835,0,-9631,0,-30664,0,-38510,0,-24423,0,-7875,0,-1041,0,29,0,18,0,1 # cft deg6 r=4
-22177024,173180416,-577525760,1085004800,-1296590704,1085453088,-679188400,259471040,66359475,-194135754,159433570,-84973354,34265921,-10597642,2443584,-515492,116606,-34714,13214,-2830,229,-18,8,-4,1 # cft deg6 r=4
-19728316,40880232,-8202886,-29328732,9351215,10513380,267955,-4237672,-946384,1705096,-62452,-772886,284025,82524,50896,-48760,-109,12940,-2877,-844,434,-40,-38,2,1 # cft deg6 r=4
-60416,337920,-908544,1174784,-1150912,-731712,2960848,-3427600,2240796,-463368,-716374,933816,-638661,256808,-26080,-40586,31310,-10378,397,1102,-533,120,-1,-6,1 # cft deg6 r=4
2130944,17937920,54475008,46035840,14568576,2623456,-23805424,-1356640,-683804,768912,705924,175020,57979,-72284,-30122,-28708,17628,7980,-3072,-1244,386,88,-24,-4,1 # cft deg6 r=4
1078794025,0,1449197600,0,963322280,0,427985600,0,140093256,0,35700756,0,7400406,0,1262864,0,171728,0,17472,0,1224,0,52,0,1 # cft deg6 r=0
168919,-620178,2283183,-4209460,567617,7565516,-8480326,576956,4350433,-2114036,-750691,731206,90501,-188402,1786,39142,-7789,-3272,1297,-132,-24,40,-7,-4,1 # cft deg6 r=4
253446400,0,507660800,0,390797920,0,154119260,0,39544561,0,10072512,0,2980622,0,750588,0,132663,0,15648,0,1182,0,52,0,1 # cft deg6 r=0
1547536,0,-3968592,0,-7104692,0,1337108,0,130901,0,-3019410,0,-375827,0,329242,0,-5512,0,-5490,0,-15,0,30,0,1 # cft deg6 r=4
1048576,0,10829824,0,28225792,0,18609216,0,-6675696,0,-5042144,0,-715220,0,-223544,0,-33187,0,-2450,0,147,0,30,0,1 # cft deg6 r=4
6234929,25029612,57219667,78961128,67582685,27500712,-3153054,-11020518,-4320156,-89002,1724193,714014,332739,-51790,27786,-40290,14846,-5026,3114,-414,284,-26,22,0,1 # cft deg6 r=0
3401084,8064170,8065783,-5969242,-12913164,1057100,4439356,2470202,-798119,-1417170,-96915,488790,97150,-110292,-40748,19134,10039,-2838,-1585,250,226,-8,-18,-2,1 # cft deg6 r=4
2711,14808,11692,-46802,-90416,-17724,149078,470426,-833928,521366,9464,-447292,285819,-4392,-56468,39544,-10471,-2228,1906,-548,-1,10,-18,2,1 # cft deg6 r=4
17744,-896,-212856,-553360,-599187,-216860,81075,-53706,-274126,-221408,-37189,34832,2304,-30248,-29612,-13548,-995,2288,1098,122,9,60,46,12,1 # cft deg6 r=4
256,3392,19808,58456,82753,46885,84584,-65513,-359398,-622892,-923170,-1142553,-1083526,-799328,-435001,-143235,-2994,26767,16979,5030,245,-268,-55,2,1 # cft deg6 r=4
215807251,-797963848,1270557249,-1091942137,480430151,-15452273,-98140676,25551388,49430096,-69494458,53637044,-30051072,12894641,-4080718,750114,86268,-138439,63562,-17671,2558,256,-258,74,-12,1 # cft deg6 r=0
2531,-18925,-21768,256700,221764,-770845,-479765,1180725,369910,-1076735,-113223,633565,32859,-322755,28268,125240,-46155,-15580,12370,-1055,-961,255,8,-10,1 # cft deg6 r=8
1951,-24355,108392,-202680,34864,438985,-571215,-33555,601450,-353835,-232433,318485,2939,-148585,40118,41710,-21555,-5450,5480,-265,-631,145,18,-10,1 # cft deg6 r=8
24746519,-78761914,153197136,-236336019,278684312,-264659949,193567339,-102418231,29392674,5229898,-10505049,4816829,-250681,-868851,420853,-12824,-59241,18739,1834,-2182,232,128,-32,-2,1 # cft deg6 r=4
25,400,2150,3650,-4300,-15600,-9135,20745,33475,-15040,-41520,9115,19101,7855,-12576,-1925,2775,-655,990,-290,-225,80,19,-10,1 # cft deg6 r=4
-5771,42423,-59909,-162838,332278,181668,-494144,629222,-436386,111596,356281,-658978,423204,15703,-189033,121527,-23306,-16377,13471,-3316,-352,316,-33,-6,1 # cft deg6 r=8
1271,-20920,109719,-214320,-68071,1081740,-2023340,1158855,1859925,-4699910,4683114,-1981485,-744464,1566610,-903449,123685,147890,-100275,23555,1705,-2281,460,-4,-10,1 # cft deg6 r=12
-59,4184,-34315,167147,-602791,1206009,-1931659,2432480,-2447882,1856306,-958885,173480,158190,-105700,-10700,21342,13308,-20350,7709,148,-856,156,30,-12,1 # cft deg6 r=4
450241,1142713,1777792,1879729,1384809,222388,-698651,-864639,-497908,55317,390777,251581,-58196,-143842,-39002,36179,23217,-3482,-5589,-294,674,87,-37,-4,1 # cft deg6 r=0
134081,-99944,511042,-544516,877051,-1017144,991291,-928218,773814,-582714,422222,-290918,166669,-64372,832,23014,-15731,1598,2751,-1026,-134,126,-8,-6,1 # cft deg6 r=0
1851701,-7169411,14428500,9244807,-4513536,-5257286,13441596,-890415,-189282,785381,-98455,136525,246550,-21125,51975,-7528,5068,-3305,779,-572,119,-44,10,-2,1 # cft deg6 r=0
228511,28260,-1103716,951870,805204,-2410380,2876485,-1909240,65290,1664550,-2150106,811415,765366,-852855,104176,216940,-95830,-13295,17270,-2245,-1066,325,1,-10,1 # cft deg6 r=12
225541,1006929,-3818265,2337792,2603624,-1914796,-2938529,2592695,1517063,-2049064,-223815,837985,74605,-419855,112755,64722,-21582,-18785,11139,-512,-931,176,30,-12,1 # cft deg6 r=4
1,3,52,49,679,858,3789,5191,10532,13207,16077,15541,13324,8848,5838,3159,1417,788,1131,926,364,17,-27,-4,1 # cft deg6 r=0
1439141,-1211804,3409315,-6979392,6150814,-6868119,4616576,-1562375,5758908,-2230751,553680,-876565,40715,-73545,34255,15108,5818,2635,749,602,179,44,10,2,1 # cft deg6 r=0
19226411,-24214654,50665833,-42548738,36450519,-19728034,7610281,-2851612,1235127,-209976,-18592,504888,-263076,126496,60752,-44948,29087,-5824,1129,498,-126,34,7,-2,1 # cft deg6 r=0
25,0,-2828000,0,16945550,0,-37005295,0,41017645,0,-26344005,0,10509059,0,-2675918,0,431805,0,-42785,0,2495,0,-78,0,1 # cft deg6 r=16
58981,46865,-1017656,524582,2295159,56835,-1925440,-1246750,-242705,77585,398809,502460,64621,-239922,-108044,45032,35175,-3102,-5841,-162,574,40,-34,-2,1 # cft deg6 r=12
7924225,0,-16519700,0,17284850,0,-19936110,0,19144845,0,-10932440,0,3897439,0,-870238,0,117400,0,-11070,0,1045,0,-58,0,1 # cft deg6 r=8
2134205,-7033245,-3230120,12729785,7622070,-8121900,-13941124,1788676,12028031,1754716,-6609190,-1686884,2470221,774326,-638529,-217015,113126,36561,-13574,-3564,1065,186,-49,-4,1 # cft deg6 r=8
655771,2113415,3764625,4113720,1243414,-1364270,74210,1688530,296995,-937755,-295635,322345,145500,-75945,-43340,12585,9675,-1555,-1515,100,179,-10,-15,0,1 # cft deg6 r=4
5255,-74570,491740,-1974420,5318385,-9924490,12567464,-9398910,623388,8371382,-12147530,10081100,-5507965,1798520,-58350,-316270,204688,-70430,12206,854,-1110,272,-15,-6,1 # cft deg6 r=4
-27791,-4669,272126,-494059,125447,635391,-842446,107159,678324,-590527,-51809,373354,-181571,-70076,97853,-17124,-19221,9574,754,-1512,212,98,-27,-2,1 # cft deg6 r=4
725,-7425,21350,26450,-255675,398825,262450,-1374380,1115095,703745,-1687495,850630,106921,-181780,1574,25750,-2305,-10990,7975,-1090,-740,250,4,-10,1 # cft deg6 r=4
3989,65279,519063,2028166,5666202,10723204,15765279,16484728,13412591,6701182,1347508,-1210652,-1284499,-242488,230514,188986,50531,-35038,-18241,4078,2082,-368,-66,8,1 # cft deg6 r=0
39134369,174950747,422363832,645733992,670440642,454311427,159618536,-20940854,-46716529,-5644899,16716707,9454366,-1247929,-3166689,-692699,553877,268611,-32099,-35444,-974,2212,151,-69,-4,1 # cft deg6 r=0
3131,-8284,-14545,94903,23376,-401874,287256,631440,-1111572,215736,1292085,-2148960,1909480,-1105570,389700,-30232,-57957,41295,-15256,3088,-24,-204,70,-12,1 # cft deg6 r=4
2028371,-10868490,29695771,-53410611,67953024,-60581870,35537220,-9735460,-4037775,5844210,-2515674,-131520,656621,-250186,-28806,54184,-15660,-3451,3101,-454,-161,100,-6,-4,1 # cft deg6 r=4
-22975,67600,595125,841260,-332195,-1250580,-504999,447741,527801,26661,-81055,-68939,-8654,-11864,9906,5085,2006,-1434,-419,-204,165,21,-9,-4,1 # cft deg6 r=4
284909,2086856,6574411,11644711,12753187,8658921,2587499,-1868641,-3137926,-1702972,357206,1022549,349444,-230506,-174417,19796,41929,1794,-6321,-612,622,58,-37,-2,1 # cft deg6 r=4
109399,-840301,2611281,-3850931,1620622,3332554,-6002306,4208006,-1018521,-684278,959251,-696224,280784,54096,-144352,70044,589,-14429,5324,172,-618,142,8,-8,1 # cft deg6 r=4
895,-4770,10285,-24730,67920,-37400,169404,-98710,-16807,-247758,-217430,125320,173945,259140,66245,-85720,-30342,8070,3671,374,-10,-88,-20,4,1 # cft deg6 r=4
-560909,6801088,-37627896,125426367,-279694664,436730593,-482447796,365613592,-165314714,10379218,44237954,-33887608,12152251,-1441087,-623266,276262,14736,-53472,24014,-4828,21,153,-1,-8,1 # cft deg6 r=4
-2699,-62985,-92248,-265605,-62699,861390,-14610,15950,418570,-979165,-463638,517610,163524,25285,21932,-77990,-25500,24925,5485,-4005,-354,325,-8,-10,1 # cft deg6 r=12
29255,475890,-1555500,-2103625,2626835,1935365,-7335035,8067790,-5981250,3014965,-809390,-177580,77796,161928,-133874,-8030,57825,-33537,7684,488,-590,70,36,-12,1 # cft deg6 r=4
6006341,-48982,24464479,-21701823,38582341,-56141567,54066619,-35839368,20184026,4793088,-14766711,11644572,-4569554,86428,1137154,-873578,396186,-124922,26039,-2478,-304,98,14,-8,1 # cft deg6 r=0
369205,-239055,-414185,219885,2115,-119850,591565,-81400,-636850,83430,389225,-16880,-163559,-16997,60341,7810,-19140,1818,2944,-1152,50,100,-14,-2,1 # cft deg6 r=0
20041,-233485,523717,-225640,-537819,886920,-676515,39295,746485,-699740,-204213,582230,-78691,-285015,121762,72170,-57885,-2390,11555,-2145,-794,285,2,-10,1 # cft deg6 r=12
16269055,46346630,-132707910,69026655,29610785,-36120535,-2748865,3298450,11211410,-8919880,180660,1479230,401651,-765902,180186,58540,-5755,-23842,9184,568,-965,130,36,-12,1 # cft deg6 r=4
571672625,1380391625,501595750,-1039525750,-1167886875,-558954250,8666050,410755925,338758225,21133950,-99765975,-45614025,2018305,7531865,2195735,-157020,-254745,-38740,15110,5090,-265,-235,5,10,1 # cft deg6 r=4
2726272631,4054597905,3637205987,510935800,-1460867529,-1708215765,-583814285,173742190,296402785,99258155,-20065733,-27657030,-4816231,3488940,1781432,-55910,-238145,-38950,17730,5940,-509,-360,-8,10,1 # cft deg6 r=0
2055005,14465905,61190995,136399030,215279780,207092805,112408150,20979125,-18724595,-17174735,-6015335,-249375,906736,345697,68691,-31650,-3180,-1233,1504,-248,-80,-50,6,2,1 # cft deg6 r=0
725,375,-25350,-94875,-79750,119175,176535,-187675,-329925,97210,213735,-49670,-66671,11140,6072,-3490,2175,1740,115,-265,-70,0,-8,0,1 # cft deg6 r=4
-1601,-9117,-13236,21756,72462,29288,-80904,-97552,-15908,51639,66189,56428,37124,5731,-10848,-5499,-943,-819,-591,263,287,9,-28,-2,1 # cft deg6 r=4
-719,51098,1130745,258966,-5985366,2610758,5750819,-1996615,-5016287,1377842,3655940,-1472625,-1333440,605130,481585,-288974,-57367,61430,-289,-6406,594,322,-45,-6,1 # cft deg6 r=8
-10099,42988,699335,-1188639,-283556,1198783,-885516,1002855,-121347,-1647838,1310755,586400,-982415,67925,324580,-96834,-52627,26730,3346,-3456,109,222,-25,-6,1 # cft deg6 r=8
160595,-517630,185625,1010610,-1311510,413945,495965,-1258035,1588360,-706665,-498735,495450,138276,-230127,-5884,58790,6550,-10927,-1896,973,375,-35,-24,-2,1 # cft deg6 r=0
349591,445142,-1228460,674534,3925469,-10182938,15113274,-17213325,17453513,-15984722,12281630,-7099240,2599895,-189575,-396645,224194,-28752,-24190,13666,-2294,-401,233,-25,-4,1 # cft deg6 r=0
33001,7013,643690,867701,3884829,1020708,2054244,-1139670,-959892,-1238353,-317820,-114430,291580,146640,137870,53056,25318,5970,3191,-276,374,-108,30,-6,1 # cft deg6 r=0
-48341,704057,5734104,15713744,8227152,-13905363,-9585694,8294717,7460172,-2859844,-5335581,2006487,2462144,-1715281,-211598,558874,-171033,-28856,29684,-5348,-808,401,-23,-8,1 # cft deg6 r=4
-13957729,-124125254,-82454138,-43899171,-22428519,-1983969,27350041,25339372,6509564,24166006,-2170588,8090552,179109,1014248,499832,12344,118239,-422,10336,1584,321,186,12,4,1 # cft deg6 r=4
265225,0,1266950,0,61013075,0,92571040,0,-97104895,0,-97082350,0,94156899,0,-2542662,0,-21555,0,-13040,0,515,0,18,0,1 # cft deg6 r=0
1350625,20664375,64685625,-24422500,-460644000,-797954000,-428701000,269673000,513479825,162934275,-143305025,-101129000,16498180,24947750,-344240,-3675535,-81405,350915,3110,-21420,630,725,-50,-10,1 # cft deg6 r=8
9971,452127,-1742366,-1027787,18282641,-45790358,50161709,-11051522,-34284084,39926977,-14732286,-5373222,7856766,-2827708,-360556,700543,-235659,-2638,26124,-7537,186,327,-56,-2,1 # cft deg6 r=8
16771,334470,1832633,1608140,-5720984,4297660,1848765,-6494370,3903850,-446500,-1554947,891610,-283851,37250,-77052,63280,-18400,-2130,3520,-840,11,80,-12,0,1 # cft deg6 r=8
53840831,372794731,1165266516,2121723401,2422318796,1703862236,614300206,-23777814,-110201604,-23957319,13980586,7937346,-17024,-993724,-157874,105396,41541,-4024,-3669,246,226,26,-4,-4,1 # cft deg6 r=0
1178641,2020781,2665441,3572186,7610616,13644596,17737766,15826166,9562521,3616726,947351,698471,904491,692346,296726,40821,-29839,-19269,-3174,1106,566,21,-29,-4,1 # cft deg6 r=0
131891,-3229510,1824378,3132630,3593396,-920140,-3209125,-1865980,-1097765,264000,-140457,211720,41214,71350,-6877,-16450,-3960,2540,1875,90,-154,-100,-12,0,1 # cft deg6 r=8
-310279,1834302,-2616566,-6453042,27959541,-34854393,-6501861,76549188,-111656554,85285257,-33282881,-1232992,9223141,-4926468,782899,406443,-255039,40092,12014,-5967,446,227,-46,-2,1 # cft deg6 r=8
708931,6282516,29598576,87125251,180549286,265768906,302525311,273975271,204409906,126765851,66747606,29764911,11386081,3643241,937641,155696,-8494,-20329,-9279,-2654,-389,6,26,6,1 # cft deg6 r=0
146902505,154771670,215472640,36806920,-103416110,-119430300,-61618105,13890540,37348330,12838520,-3704655,-2905840,-604039,292086,265849,13550,-46255,-7484,6256,614,-370,-170,94,-16,1 # cft deg6 r=0
8149,-6710,-104233,143082,289028,-646030,94840,698070,-623820,-149420,532352,-111310,-268694,113026,86314,-49888,-17025,13006,1881,-2216,33,190,-21,-6,1 # cft deg6 r=8
-27059,130860,2486146,11514255,26788796,33940640,18024240,-10290710,-23536070,-14597660,-1328094,2861155,982651,-480205,-350614,9150,61770,10300,-5960,-1660,566,240,-19,-10,1 # cft deg6 r=8
32945101,175061425,34594869,-761978472,126747254,1344034055,-1398881365,394226565,185855990,-177094925,39201754,26451315,-28749049,12767417,-2430099,-517352,540750,-171208,8814,11447,-3421,145,96,-18,1 # cft deg6 r=4
-10651,11323,-127921,953736,-2152718,1705063,795466,-3093222,3435317,-1833246,-40121,430038,160794,-379944,141762,48456,-56238,10726,5364,-2432,27,154,-23,-2,1 # cft deg6 r=4
2815525,2253900,18426425,26471675,-24183275,-64501100,37909315,54251620,-34288915,-22468885,16453230,4208170,-2763639,-898265,28906,272585,71975,-48040,-14335,4800,1740,-105,-69,0,1 # cft deg6 r=0
1771561,-837199,-4372110,4859343,2843896,-6533354,1692016,1441290,750008,-851809,-2643760,3959450,-1644535,-569695,792235,-202292,-75232,50970,-2766,-4347,841,161,-50,-2,1 # cft deg6 r=4
2958016,-10611520,17359296,-27954344,27243784,-19827960,6007695,3298450,-16334410,6045380,-9996554,-550645,28301,-1096029,895184,-224434,144235,-74054,24196,-6211,719,-105,74,-16,1 # cft deg6 r=4
-8479,644420,529342,-3040440,-4785886,4020675,13362125,2265200,-15741415,-9514785,8071062,8187190,-1309921,-3191555,-292362,642925,144365,-69490,-22755,3835,1759,-85,-67,0,1 # cft deg6 r=16
1,0,-158,0,-10611,0,-49075,0,75380,0,497962,0,233249,0,40508,0,-1895,0,-2515,0,-406,0,-12,0,1 # cft deg6 r=8
16819,-9812,35281,-55398,80653,-171577,308721,-587058,819004,-788984,538101,-185858,-65216,135328,-98793,33562,7974,-14312,6211,-606,-497,196,-13,-6,1 # cft deg6 r=4
14337949,45225623,77554374,91721541,84726792,63112283,40111376,22266158,11143007,5196424,2251834,967818,350829,115316,35612,3366,-2933,-1834,-1131,-102,282,34,-28,-2,1 # cft deg6 r=4
-128341,-1138893,-4596659,-11117362,-17524852,-17944553,-10252504,111803,5509089,4133819,389281,-1402067,-898981,23257,287197,120543,-16611,-27728,-4704,2881,1258,19,-58,-4,1 # cft deg6 r=4
-1579,-34815,82777,59595,97919,111890,-371315,443865,580645,-596970,-911458,110605,794119,-9895,-420262,5815,124950,-90,-19780,-125,1654,10,-67,0,1 # cft deg6 r=12
-16884271,41701548,-446486,-14659594,5152687,-17522727,-16546319,-2725442,1878927,-84311,-832336,184028,391244,-2464,-82748,5476,17647,-1554,-3391,48,392,24,-28,-2,1 # cft deg6 r=8
60029,-566583,-668181,871034,1071202,310227,-360134,-1145193,-278163,601321,382229,84397,-206926,-189541,7167,50364,15122,-6851,-4766,702,612,-54,-38,2,1 # cft deg6 r=8
841,-2552,-11098,-28346,-52166,-70522,-77336,-67034,-50793,-35768,-28453,-21904,-13871,-4167,2028,3189,1797,1188,1251,956,354,17,-27,-4,1 # cft deg6 r=4
-10429,98505,-294015,492550,-448189,393810,-197350,153550,-123635,130105,-70745,23600,28605,-36180,24860,-4980,-4295,4825,-1085,-580,341,30,-30,0,1 # cft deg6 r=4
961,0,845417,0,5820989,0,-1317765,0,1798665,0,-81958,0,79719,0,-17292,0,-10185,0,265,0,-46,0,-12,0,1 # cft deg6 r=4
1681,45387,-464407,1227007,-1366439,-112253,2430004,-3520984,2035134,970062,-3080552,3041931,-1722176,573326,-90137,-28433,55019,-44919,18344,-2223,-949,352,-17,-8,1 # cft deg6 r=4
-429473411,3061533818,-9974933598,19682907968,-25788767728,22605200928,-11843460754,1118251364,3844702381,-3441575871,1322832052,8064164,-294540194,171535274,-52092339,7696538,564546,-574591,128421,-8606,-2113,609,-54,-6,1 # cft deg6 r=4
136609,1028412,3252054,7530249,12251467,16048042,16393361,12899207,7107597,1833746,-1080181,-1488833,-709291,-35741,167067,87564,-6398,-19186,-3086,1932,527,-104,-38,2,1 # cft deg6 r=4
320,480,-2560,-10040,23040,31170,-91869,-171,141186,-97576,-63005,96004,-25979,-14886,17701,-9545,4111,-1161,-384,474,-185,24,11,-6,1 # cft deg6 r=4
1222465025,602886350,594511900,-223071920,271879735,-37833485,67486349,-30898312,29559671,-14330933,7003010,-2045907,159141,44052,90899,2900,-63054,27267,2899,-3867,465,177,-41,-2,1 # cft deg6 r=4
-320576,-310688,4715904,208424,-29010388,11767732,117287121,-221707778,140446367,28017246,-92545751,46065442,3670304,-12247006,3737812,715984,-655873,75744,39619,-11618,-453,526,-38,-8,1 # cft deg6 r=8
447745600,0,24334000,0,158171000,0,556715,0,22303785,0,-1093430,0,1551849,0,-139298,0,54175,0,-5455,0,850,0,-48,0,1 # cft deg6 r=0
-144359,-610440,-743359,311625,1729356,1881210,318540,-1163815,-760900,74315,320066,221585,-146094,-52020,28666,-13440,10915,440,-2305,675,-194,25,26,-10,1 # cft deg6 r=8
19381,27583,-345840,143246,258349,15698,176214,-492730,-233037,108102,299710,133455,-299450,21855,125810,-58894,-21742,20700,646,-3136,254,222,-30,-6,1 # cft deg6 r=16
383251,1848837,-3763735,-19293456,-11808506,11569962,18801314,15482820,-2736067,-20204897,-7129610,10690270,4755800,-3311270,-1447165,658024,258523,-84800,-28644,6856,1929,-312,-70,6,1 # cft deg6 r=12
-7381,-303523,-2771629,-8712782,-31042457,-79050568,-104732359,-67321567,444194,44475599,47483521,28889123,11277924,2270322,-346013,-451852,-162181,-19538,6356,3196,463,-56,-28,-4,1 # cft deg6 r=12
17375,-129250,-1175750,-3532850,-1124800,3736900,3029930,6447145,3746235,218825,116605,-2734615,-1589884,1327203,782561,-364320,-174955,67618,19424,-7862,-885,490,-4,-12,1 # cft deg6 r=8
8032889,52734107,140860846,223971998,262491338,235707752,166023401,100649198,48396129,16805769,7609376,4737878,2098389,697572,89162,-79947,-47056,-12293,-784,1286,443,-6,-23,-4,1 # cft deg6 r=8
1,110,1293,-28765,39519,373705,-99255,-1685160,-1086735,2229310,3144373,328780,-1642846,-923955,191232,320935,47260,-45525,-13975,3020,1399,-80,-63,0,1 # cft deg6 r=16
-171919,396755,998518,-1036980,-2584831,2271805,5903690,-1012585,-8800275,-4719215,3869208,4563050,33784,-1695515,-438643,361440,164780,-38185,-27120,1750,2164,-30,-78,0,1 # cft deg6 r=12
-37975,115150,901250,149625,-3041750,-1480425,3584065,1519545,-1106920,-734615,-134125,394990,137126,-129705,-50591,41230,-1225,-2930,1135,-1090,550,-140,39,-10,1 # cft deg6 r=8
134032529,83540087,-56818034,140637139,195464018,99026452,187791516,127751453,-90049008,-62815321,122244061,133410508,29407089,-17479809,-9009923,328014,873527,58651,-48161,-3952,2048,119,-63,-2,1 # cft deg6 r=0
-176419,-368680,1087515,5245950,-7790741,-16760120,17070585,22427910,-11807530,-13116230,7795615,6877980,-2739490,-2484100,479460,539000,-36375,-64150,-705,2380,29,170,40,0,1 # cft deg6 r=4
1129782649,955885218,-999670441,-403653758,1593240587,441442248,-1114600319,-340876412,344339009,121892694,-19028786,-5777572,-8688251,-7085638,-33753,1399062,418649,-20868,-32894,-7404,-1123,74,47,6,1 # cft deg6 r=4
5917505,12245695,52665750,25473110,13668775,-68691185,-63452746,41278967,37084856,-11987622,-10011865,1480157,1744661,229223,-73701,-24420,-1459,3808,2414,-238,-245,8,4,2,1 # cft deg6 r=0
-479,-805,4752,8235,-38069,-184810,-420320,-644005,-722050,-588445,-309243,-44590,81334,76775,29232,350,-5250,-3440,-1035,400,336,-10,-33,0,1 # cft deg6 r=8
121,-1936,-6864,-54516,-96494,121709,269031,-235856,-335489,435859,403531,-211706,-95244,108849,-1524,-77406,-35299,37874,-2324,-4476,1101,74,-49,4,1 # cft deg6 r=8
451,19239,21062,73641,-71154,26319,-109484,74633,-15291,71169,-7318,-56797,-14876,26387,23327,-7174,-23761,13207,2601,-3144,281,229,-43,-4,1 # cft deg6 r=8
-2659,25427,45527,-97119,171914,-209248,143554,-104316,58787,2248,-42213,72109,-48456,21252,1318,8666,-17118,5032,5841,-3626,89,288,-37,-6,1 # cft deg6 r=8
103981,4660314,6217128,-26434647,-19130601,52193244,-11753064,-46152363,31745392,17530901,-22427192,-1861518,8625434,-654686,-2062203,252903,317827,-38031,-31541,3017,1949,-124,-68,2,1 # cft deg6 r=8
452345,1187125,1056835,-428635,-1601810,-824365,654670,709975,-305705,-550085,128995,444050,89591,-191556,-102116,35085,36850,-421,-6609,-729,655,95,-36,-4,1 # cft deg6 r=4
-12139,-73429,-559119,-3248424,-9034229,-10525084,2726526,18000006,12177141,-562759,-898844,-6354059,-783199,686496,803131,249996,-137019,-92644,4181,10356,1146,-444,-69,6,1 # cft deg6 r=4
24071,-207089,568142,-587311,-127579,836216,-652944,-81208,523164,-344709,-96918,236132,-69086,-65472,50442,4524,-14596,3268,2071,-1026,-74,116,-8,-6,1 # cft deg6 r=4
-269,2731,24078,76842,134624,178581,297581,526333,610592,348214,9378,-73437,-986,14176,-2278,10942,12232,-4254,-4856,298,714,24,-43,-2,1 # cft deg6 r=4
176011,1334091,5244801,12243286,18666646,19461066,13687466,6160841,2914986,3658936,4071086,2634921,723641,-212434,-220459,-25714,49746,20166,-7434,-3374,851,201,-49,-4,1 # cft deg6 r=4
-1089469,1127766,-634678,1238124,972606,2014191,-1712204,4698452,-8173386,7773141,-4942793,676457,4386754,-5758647,2610842,183009,-556381,132303,27086,-14726,556,536,-63,-6,1 # cft deg6 r=4
60025,0,-677425,0,6086250,0,-8408250,0,4360075,0,4025,0,-631060,0,135965,0,25470,0,-15420,0,2385,0,-90,0,1 # cft deg6 r=0
103841651,-70991383,13675882,-646419,-15594206,19185672,-6316416,-6247516,8085062,-2819427,-1013858,1213594,-423946,-29828,111408,-37244,4117,4622,-2539,534,-6,-72,28,-6,1 # cft deg6 r=0
101651,411829,1026985,1664592,2603389,3235834,3732121,3621485,3063323,2402256,1601755,878455,535295,396615,270195,168042,100883,49125,14569,908,-951,-294,-10,8,1 # cft deg6 r=0
491,5060,19572,38030,65236,45385,96745,58455,84435,51565,53247,31475,22389,-1060,5687,1510,-490,-1515,1000,-45,-169,105,12,-10,1 # cft deg6 r=0
745651,1615880,3457379,3109030,1627194,-597465,-1676390,-1946960,425350,-422615,1325459,-208110,217061,-154070,-68854,42110,14295,-4050,515,-1610,364,40,16,-10,1 # cft deg6 r=0
797651,2685105,283218,-7972375,-5356264,3137155,7811185,34320800,34216035,-19190910,-28252197,5628400,11308104,-777675,-2680887,-28730,370325,15525,-29555,120,2001,35,-62,0,1 # cft deg6 r=0
54389471,-242520694,431002366,-282645254,-450557014,1182737046,-855073054,-101054824,541719406,-178578634,-128919804,55088381,21493636,-5111794,-2241714,-236314,25026,47886,18611,3661,-249,-334,-39,6,1 # cft deg6 r=4
6355,-42425,40440,536860,-2514700,4821060,-3618940,-1881260,5573765,-3308150,-729470,1883595,-809829,-148259,260699,-43900,-43460,15866,4231,-2656,-55,210,-21,-6,1 # cft deg6 r=12
47191,-13428,-286078,507271,-20871,-1048598,1807499,-1554721,584812,174493,-292928,92379,30314,-17843,-13762,12061,182,-3563,1451,54,-226,68,3,-6,1 # cft deg6 r=4
109351,-481638,95864,862878,3396041,-15129253,27315494,-23924302,26872141,-6966738,12430119,569408,4023326,609162,650904,39128,45206,-4303,2789,-472,101,-88,-6,-2,1 # cft deg6 r=0
70946371,-151398431,289405098,-452078867,423433564,-89122981,-166514059,104054777,73605372,-113069584,39239223,8889077,-8458671,618359,642587,-103142,-5238,-4916,-1296,1142,149,-64,-18,2,1 # cft deg6 r=0
926311,-816693,1567127,-1918294,2580304,-3390813,3482354,-3223581,2725932,-1849292,921717,-286041,-2641,73247,-67707,41531,-11448,-4173,4276,-876,-261,138,-7,-6,1 # cft deg6 r=4
105155,1245300,-2023785,-5449390,3045275,8461040,1829215,-6627830,-3799270,2400015,1604220,-754925,-295854,503206,29894,-232525,9150,52121,-5114,-5546,755,270,-41,-6,1 # cft deg6 r=12
146411,730427,1598827,2504026,4058059,6489082,8789459,10040509,9912377,8599208,6569197,4274009,2354439,1136537,478453,179536,54387,13107,5141,-646,529,-152,38,-6,1 # cft deg6 r=0
-452189,-1131436,-984130,-783393,-1311581,-1340781,-607754,-220270,-292532,-215209,19875,57950,-43075,-30185,40880,38862,7398,290,2559,1343,19,-84,5,8,1 # cft deg6 r=4
1035341,-4482465,-269276,7902555,-7896536,954580,510880,2042865,-1226080,-829835,837389,109555,-315214,51305,79991,-35540,-6240,6205,265,-670,-11,20,26,-10,1 # cft deg6 r=4
-194029,592790,2994029,-5000470,-6105519,9754570,-14067975,10604180,-4194510,1741490,469859,-837000,589906,-342090,141234,-47020,12990,-1810,225,-200,121,-80,39,-10,1 # cft deg6 r=8
11849,21675,20302,-3252,-79832,-85555,30740,55940,138625,-11265,-5543,-43460,3631,5299,12149,4293,-745,-1031,-234,-84,108,35,-11,-4,1 # cft deg6 r=0
25667321,-6123010,8043144,-12153063,6496909,-4443040,3797235,-1342745,1108285,-960080,278559,-123865,79361,-11617,8861,-10448,1440,1738,224,-512,69,60,-14,-2,1 # cft deg6 r=0
-24659,-6444,51440,-64102,-12046,-42419,89156,45145,57518,145994,136080,141835,66310,45305,17100,-1252,-7727,-3505,339,-103,-1,109,-5,-8,1 # cft deg6 r=8
-45911,1080104,-5693846,13438444,-16996247,11406704,-1502886,-3776236,3975894,-3544712,2891249,-2218246,1545784,-950536,516188,-246776,103964,-38916,13349,-4302,1308,-352,78,-12,1 # cft deg6 r=4
-41317379,50368950,-15705241,-22443970,38212301,-34566060,23101800,-11127960,2466540,1947650,-3197601,2856760,-1999859,1172970,-594306,263790,-101845,33710,-9160,1830,-169,-60,39,-10,1 # cft deg6 r=4
33791,-190074,691180,-1842552,3772151,-6009714,7397066,-6876690,4572503,-1828784,14640,485900,-197535,-178260,318890,-264962,156213,-72740,27794,-8842,2351,-514,90,-12,1 # cft deg6 r=0
2501,-18735,71736,-158485,196784,-43545,-260855,409255,-75030,-465140,687911,-367695,-31129,189075,-147981,54590,7210,-12985,10360,-3520,1174,-270,64,-10,1 # cft deg6 r=0
70954661,-176695590,117310221,840060,-28206959,88801240,-88362715,-28023160,72420380,-4438460,-28361979,4158700,7490386,-1038560,-1475744,149840,211895,-14220,-20935,780,1371,-20,-54,0,1 # cft deg6 r=0
203401,0,1255265,0,2263391,0,2040740,0,1084745,0,362225,0,79650,0,4940,0,-1570,0,-385,0,-4,0,20,0,1 # cft deg6 r=0
17671,-75480,156972,-271550,435174,-538510,506295,-425475,303375,-96340,-75258,126065,-98511,56745,-17932,-3665,7725,-5015,2410,-1110,439,-140,43,-10,1 # cft deg6 r=0
179971,586410,2678964,10018890,13872351,403030,-5112370,39410,5286060,-754320,-186331,-1164350,1292551,-488430,100544,-31810,20320,-13520,7755,-3350,1116,-290,59,-10,1 # cft deg6 r=0
1089605,-3844830,-21255,14267435,-16561305,-1387050,8701525,2851215,-2140855,-9333555,6081515,4460225,-4942529,7738,1483381,-432210,-159145,98608,-2311,-7917,1240,245,-64,-2,1 # cft deg6 r=8
49405,194180,-933085,-1388875,9664705,-13982065,886380,22247160,-30749530,14799230,7300680,-14923170,8707591,-1229372,-1272464,754900,-87215,-62362,24289,-252,-1560,270,26,-12,1 # cft deg6 r=8
-131125,-618500,-686500,751250,4794375,10334375,16480950,18884375,17214625,13082075,7693650,758625,-3316795,-2475695,-27305,663880,169445,-78175,-30755,4320,2375,-80,-80,0,1 # cft deg6 r=4
2381,52872,358962,-835624,2433709,-5512218,9565339,-11194596,7923932,-2371912,-610448,-136076,1621699,-1501778,442658,159896,-152393,23952,13111,-5476,64,288,-32,-6,1 # cft deg6 r=0
103757401,-385311900,428283027,139129220,-113469174,85064045,-52924980,340675,2925330,-5991785,6897052,-4195045,2514329,-1367595,644657,-285190,114300,-41425,13635,-4110,1111,-250,52,-10,1 # cft deg6 r=0
-1149295,956515,5616525,-6852005,-8305930,16053320,689870,-15167395,7588155,4669725,-5431975,530875,1326246,-441727,-205649,117860,36120,-40807,7469,3418,-1905,280,26,-12,1 # cft deg6 r=8
-245,95375,-335900,-4906355,-15194085,-17706410,3280495,29382900,24922980,-3891435,-18750760,-9697170,2216306,4387022,1526936,-293045,-403925,-109318,9794,11207,1450,-305,-74,2,1 # cft deg6 r=8
216271,83513,-525903,-974301,363104,2043983,2167069,-24569,-1622013,-555498,989177,552326,-719406,-906862,-62677,456469,214207,-42742,-39244,-279,2744,157,-82,-4,1 # cft deg6 r=0
4532641,0,10226637,0,8891981,0,5980750,0,2380320,0,-167308,0,-323911,0,-42408,0,9335,0,2640,0,271,0,22,0,1 # cft deg6 r=0
16599455,55405575,110241200,117090905,102035930,28619990,-15644524,-43497846,-19839929,477994,16308280,12486829,6682961,1382369,82416,-133270,14896,12169,2246,-1736,-350,184,-14,-6,1 # cft deg6 r=4
-145,320,-760,-10060,9180,-200,-2311,23842,-17994,7473,15030,-49953,74051,-94597,90514,-75260,55936,-34612,18079,-8288,3110,-852,159,-18,1 # cft deg6 r=4
-47981,-83593,241349,222489,-731763,163227,1003871,-1417728,988807,-462359,34194,387082,-583571,396274,-63918,-115726,110072,-46336,7829,1692,-1213,236,2,-8,1 # cft deg6 r=4
67376611,181227400,-52450576,-863849058,-1617394416,-1485412725,-594861010,184407760,354720040,153824995,-14555886,-39067960,-10514349,3292568,2134866,-107848,-308125,-44747,21764,6928,-386,-380,-24,8,1 # cft deg6 r=4
457669,1867227,3310452,3491677,3893637,3939402,2744246,2252241,1670796,629191,369717,174726,-87164,-67569,-49974,-44488,-16344,-3294,1811,1776,702,206,51,6,1 # cft deg6 r=0
-4955,14640,-7210,-43570,154110,-214310,142779,-35750,-57922,94337,-78245,72280,-24440,-55640,58475,-2895,-19732,6885,2356,-1576,-30,152,-15,-6,1 # cft deg6 r=8
5,55,220,245,-930,-3335,-3096,2818,9996,6222,-7790,-7537,5186,4782,-3181,-5095,666,3527,-696,-962,295,82,-31,-2,1 # cft deg6 r=8
-40013969,21356092,1978184219,-3003017577,3068211401,-2479427833,1168067914,-115701412,-308562249,194237097,-20410046,-25953417,14135241,313417,-1548106,516563,25631,-38903,15909,-1822,-1149,372,9,-12,1 # cft deg6 r=4
15401,-48168,-71428,-20844,92679,315512,365049,346324,208852,40903,-15848,-16751,15039,9912,6303,321,-2563,127,-214,114,89,-42,13,-6,1 # cft deg6 r=4
-100271,1392661,-6423804,10819121,1667647,-23734009,17235314,9241839,-16236706,5647543,2844511,-3862206,1436819,243494,-455397,184756,-13661,-20486,9994,-1692,-198,158,-27,-2,1 # cft deg6 r=8
-1421,5796,3806,122796,-556488,157491,786784,-604251,-411056,518488,140041,-290876,-14096,113889,-7857,-32569,4014,6799,-1246,-922,257,68,-27,-2,1 # cft deg6 r=8
-17729,-257743,-827638,-766739,425654,959642,488319,396519,-191758,-965607,-237043,546754,188404,-169428,-45847,39491,-518,-7343,2246,704,-371,18,13,-6,1 # cft deg6 r=8
26891,473199,1210766,-1130731,-4438494,1697554,6486951,-4139381,-4790284,6526544,1085341,-4685706,960306,1254994,-618629,29459,65331,-34131,6841,834,-694,164,-9,-6,1 # cft deg6 r=12
109861,1255097,3504719,1627673,-7181994,-7416383,7717179,9105203,-7358964,-4653908,5734524,-41347,-2725199,1242367,544304,-558327,38186,78627,-16461,-4987,1496,157,-61,-2,1 # cft deg6 r=4
691801,-1932015,4044031,-1764490,-5458951,1846620,11367700,-10838650,-104320,3609755,-529219,-801755,85221,82495,241019,-231560,16000,55465,-15710,-4595,1944,100,-76,0,1 # cft deg6 r=0
45221,-96941,245616,-119956,1646586,563419,2565181,-1823176,634171,-2460386,1362586,-555936,325131,-49246,113196,-64076,45971,-21021,8771,-3356,1061,-296,56,-6,1 # cft deg6 r=0
1,-13,82,-479,1654,-3908,-1841,19919,68852,-293367,448397,-422066,325064,-277368,239813,-147929,52712,-6503,-3854,2624,-641,38,13,-6,1 # cft deg6 r=8
1459661,8972089,-6474,-54825471,-4549069,123953949,-24036049,-105305466,31717026,43283679,-15188674,-9323191,3678656,883184,-461709,32799,12071,-11461,3756,-106,-289,124,-9,-6,1 # cft deg6 r=12
-440789,18280827,-73450181,203397053,-218375164,-4956688,156495359,-74643022,-30950604,40310082,-7053621,-11396242,6160841,1985492,-1838041,-259562,329121,31092,-36016,-2697,2286,122,-76,-2,1 # cft deg6 r=4
15221,73244,249831,250204,397351,926019,814041,-864946,1651886,-887326,1085276,-609216,172421,-113546,203096,-87096,68371,-22071,10741,-3076,1151,-266,56,-6,1 # cft deg6 r=0
55831,300442,758997,1087796,1231384,1433862,1485504,288774,-1026833,-1437262,89932,560984,388534,-320598,47773,-1849,14132,8347,-7294,704,1049,-137,-52,4,1 # cft deg6 r=0
139,358,399,-1119,-1668,3998,1626,-9002,2312,10144,-6991,-4912,6544,376,-3368,296,2037,-789,-856,848,-208,-66,52,-12,1 # cft deg6 r=4
-145451,2018226,4069138,-3839606,-12072173,-2481979,9275089,4352087,-2957994,-1479887,394878,-320578,-116229,401423,85294,-152386,-29049,32863,3409,-4258,-23,293,-21,-8,1 # cft deg6 r=4
697225,0,-1645075,0,2608625,0,-4824525,0,6539155,0,-5397690,0,2765271,0,-904786,0,190350,0,-25190,0,1960,0,-76,0,1 # cft deg6 r=8
2344981,-31948801,24147011,378852484,346720771,-52525431,-147608914,37587354,95833786,24111514,-41461539,-3353311,16595276,-1529501,-2953259,910414,361716,-142291,-25799,14874,2791,-461,-99,4,1 # cft deg6 r=8
2981761,-13092507,22252503,-15241422,-5229434,21181233,-29973156,42949639,-52625776,39729883,-11191292,-6545886,5405124,1227014,-3091357,1453738,-109631,-154171,58979,-3152,-2784,618,-2,-12,1 # cft deg6 r=8
-4721929,78949436,-357169955,735215553,-789357881,385786196,90014696,-275647700,178802903,-18391411,-47741525,27989215,421810,-5995740,1670640,506008,-341547,14435,30014,-6543,-816,434,-25,-8,1 # cft deg6 r=8
1974731,7214778,49797954,202813657,597035886,1312919788,2207382939,2898123912,3051008541,2638661383,1906997324,1158585502,589062246,247993458,85308844,23541682,5030836,758918,53464,-8168,-2899,-272,34,12,1 # cft deg6 r=0
987881,-137783,-1824037,-2103048,8503211,-13820793,24599994,-58860849,138992669,-246947498,315695958,-284578739,172753029,-65206419,10767738,3256862,-2435736,427841,78429,-35218,1036,912,-82,-8,1 # cft deg6 r=0
26164031,-54265622,44731968,-30122877,37495691,-44788157,38900369,-29622306,20557304,-12218882,7031918,-4746966,3203019,-1539526,426178,-38012,-15521,9294,-5036,2428,-629,-2,48,-12,1 # cft deg6 r=4
-238189,1463427,-1304547,-8941058,31828771,-48818508,33571574,13607006,-54561606,53234447,-19427107,-8603489,12956034,-5155424,-384507,1130562,-373136,-11129,36979,-7308,-804,447,-27,-8,1 # cft deg6 r=12
-6620249,24236273,-10436196,-25492913,22284471,9330133,-14616176,-459553,4113236,-838982,-270276,-54523,-351534,64003,72989,-55868,-18994,6853,264,-1638,-334,78,54,12,1 # cft deg6 r=4
2259311,392472,9303350,4325434,13707709,8152712,8838844,5275690,1879248,837858,292355,239030,219030,67770,30260,14984,2978,380,-1129,-564,204,78,-20,-4,1 # cft deg6 r=0
3481,0,146306,0,2017649,0,9384745,0,14648320,0,10578306,0,4061801,0,897944,0,123385,0,11845,0,874,0,44,0,1 # cft deg6 r=0
-98539,-673127,-1215852,1842368,10847841,18791078,14971369,-2402996,-22397001,-26907757,-12212837,3360209,6692554,2881944,-101562,-629402,-230366,19889,36319,7568,-964,-537,-37,8,1 # cft deg6 r=12
45461,-269672,1256028,-2929617,4216481,-4859897,4469369,-1923246,-1627906,3204523,-2315122,962664,-283506,9464,159178,-207542,142039,-59181,14944,-1772,46,-62,48,-12,1 # cft deg6 r=4
21147871,109267728,322039569,222390512,-67402459,-207394947,-148829681,-44613783,19722611,37611698,33635854,22484317,12714276,6131203,2646319,1021252,365861,118158,35264,9412,2351,508,94,12,1 # cft deg6 r=0
1745545,-9137990,5316710,14778740,-21411765,8635580,8505271,-27920796,35176256,-17107511,-4390920,7071219,395571,-3227946,1292861,236575,-296019,48049,19846,-7666,-35,374,-39,-6,1 # cft deg6 r=4
3119975,-26049525,150639700,60058250,-453713050,204660175,375157025,-432265355,-4393935,345586810,-302518170,76324110,52436911,-47278655,11267776,2367440,-1777595,185240,85635,-22250,-910,800,-44,-10,1 # cft deg6 r=4
-28739,2829882,1179089,-309167,-4587454,-3940078,7769324,7338718,-12625389,-1381468,8942129,-2840927,-2237444,1396372,117089,-181257,-40654,34062,6999,-7187,871,287,-66,-2,1 # cft deg6 r=4
-245,14175,-31375,-112910,258915,331685,-804445,-450185,1269310,280955,-1110025,-48340,546271,-16277,-149679,-3100,24990,6183,-3836,-1507,575,115,-44,-2,1 # cft deg6 r=16
19151,-123661,260178,217003,1382244,1411654,2044226,1266907,666852,-94234,-344207,-259143,-52621,49499,51052,7843,-10243,-5246,504,907,124,-69,-18,2,1 # cft deg6 r=0
80408431,-374632460,797156297,-952110190,619748466,-105605510,-161778775,137489160,-43215110,4449105,-1295933,640770,1015069,-1139370,556382,-190330,68625,-30055,11300,-2970,646,-180,52,-10,1 # cft deg6 r=0
169981,-71064,1497961,768256,4399791,4296031,7061916,5974141,5518956,2416081,888386,-641754,-963574,-333324,345016,284136,-28559,-68844,-5044,7586,1116,-364,-59,6,1 # cft deg6 r=0
605,-5830,14545,2920,-68390,151625,-199660,142285,-695,-149245,258280,-277935,207946,-87542,-14404,49400,-36390,11968,1824,-2737,485,145,-44,-2,1 # cft deg6 r=16
279785671,1289257170,2456407847,2450898590,1309102226,256655060,-117682785,-88932480,-9341670,15758455,12351027,7010780,4064609,2167610,951452,350140,121105,42375,13830,3790,886,210,52,10,1 # cft deg6 r=0
145481,-170954,730271,138621,1121736,1984226,558876,1093516,768321,-105834,501251,866306,17861,-360149,106361,167871,-1049,-38329,-10049,4486,1671,-304,-69,6,1 # cft deg6 r=0
-625,2500,-18125,25500,39875,-5000,-182450,-16050,415450,-217710,-172215,216455,-123164,39160,33004,-59980,43195,-15735,555,2195,-950,125,24,-10,1 # cft deg6 r=4
-155,-900,4825,-3210,-26030,63430,13159,-235600,154383,271462,-293210,-52290,116730,11450,-21950,-8010,393,4140,526,-1166,10,142,-15,-6,1 # cft deg6 r=4
640499,-3882359,11090936,-20700509,29466067,-34562634,34272014,-28674306,19817524,-10784557,4192456,-825046,-258826,350014,-204342,84406,-27466,6904,-371,-962,652,-252,68,-12,1 # cft deg6 r=4
1838275,600300,2311875,13195500,-13332825,-8518700,10152190,-3407260,565090,2660240,-2305875,116815,274146,-66380,77434,-33500,-12665,4835,2925,-695,-480,155,14,-10,1 # cft deg6 r=4
705433600,0,471904000,0,651176800,0,-1374390925,0,875680685,0,-302484710,0,65607081,0,-9444366,0,925635,0,-62015,0,2770,0,-76,0,1 # cft deg6 r=0
10771,45176,50030,-47792,178876,223936,-460514,187860,639353,-747374,143670,445620,-546735,167590,116970,-171082,80828,-9480,-7516,4458,-989,6,50,-12,1 # cft deg6 r=4
-24483781,-14063658,-256862549,-433056436,-844241377,-3068622808,-205438509,415907618,288917642,184352754,9756431,-19839672,-9325466,-2986394,577332,698534,256202,68156,4554,-3002,-1007,-216,-8,8,1 # cft deg6 r=4
-3599,37474,-181144,509714,-858819,763424,-52634,-637781,590466,-24411,-293069,142144,77486,-91366,6636,27544,-12689,-1636,3101,-746,-214,134,-9,-6,1 # cft deg6 r=8
-81019,1024853,-2058706,829162,3696516,-10137197,7432204,10507657,-22845629,12075608,7323859,-14368788,8029611,-361512,-1779441,788067,-24029,-82632,32159,-4498,-949,453,-31,-8,1 # cft deg6 r=8
121,957,-1558,-18074,14044,58237,-57601,-66996,122677,-86922,98632,-118176,64999,-1108,-14557,5626,182,-1348,1036,-236,-176,108,-7,-6,1 # cft deg6 r=4
3721,-27755,116382,-202425,252221,-188370,212570,-292830,300840,-212260,189967,-157690,106629,-69705,47592,-21925,6985,-2720,905,20,36,-15,-13,0,1 # cft deg6 r=0
80581,-121016,1822671,-1426376,6122141,-582811,3610956,4692064,1155856,3356064,2111641,1146374,1110866,465984,251356,113714,22016,9499,871,-566,181,-136,26,-6,1 # cft deg6 r=0
3721,-31903,83622,-8224,-320816,539067,19989,-1232556,1846337,-883782,-1031558,2341304,-2257351,1296692,-379497,-61044,128602,-69448,19676,-1596,-936,338,-27,-6,1 # cft deg6 r=4
-8329,43299,-8989,-45721,-154404,573139,-767264,460204,-13129,-119386,60056,-106571,207231,-163051,7941,74554,-47179,4144,6601,-2326,-159,204,-19,-6,1 # cft deg6 r=8
378851,414073,-1844666,1549302,2370826,-10067802,6674974,5002612,-11998514,13088503,-2898471,-10497623,11553791,-4170957,-599706,1014797,-278594,-30117,33404,-5378,-929,403,-21,-8,1 # cft deg6 r=8
20801,-116951,583086,-1335456,1877951,-2427121,1103531,2186609,2121041,3303614,2596631,1852079,1294911,623769,317051,133904,38961,15814,2691,464,226,-86,26,-6,1 # cft deg6 r=0
37126976,-26232320,13860640,16589520,-3123264,-2530050,9349785,-1738710,838360,210870,834865,-210090,102865,55230,22425,-6620,6580,1700,215,-10,131,20,0,0,1 # cft deg6 r=0
26574025,0,59643350,0,60892975,0,33413080,0,10035945,0,1861250,0,637699,0,347578,0,107645,0,17300,0,1435,0,58,0,1 # cft deg6 r=0
2197644109,-11975642348,29700908507,-45673183273,50350896157,-43246060538,30095982481,-17175586564,8049076721,-3061805929,901821432,-176619329,5832286,10957156,-4256519,555407,152346,-91074,12496,5331,-2528,281,46,-14,1 # cft deg6 r=4
13361,19335,133661,298660,399321,372695,24145,-94255,-364540,-224830,-142659,101295,162461,92565,-2349,-48260,-25225,160,5425,2230,156,-120,-34,0,1 # cft deg6 r=4
-1891,44,41231,88379,-46738,-226786,-8326,226266,22944,-83468,-81659,34106,134444,-70294,-57432,63064,-4181,-16429,7464,-58,-718,202,-2,-8,1 # cft deg6 r=4
-319579025,-228657275,385370800,668401040,433547135,-318269415,-46167206,172351817,7391006,-59236072,12156815,16223867,-8119249,-1614127,2203514,-226510,-286659,79393,17239,-8578,-140,423,-31,-8,1 # cft deg6 r=4
90298324109,126060023257,87345482401,12867265634,-8503055882,-30987728,1999277836,779829703,343223832,199243254,90608806,9600723,-10022866,-1134319,1601007,393004,48937,53696,12129,-4487,-1752,59,107,18,1 # cft deg6 r=0
121,-1276,-2265,13622,-13809,-19751,59861,-39060,-54622,152794,-196195,188175,-147980,75890,11455,-68868,71253,-40395,12269,-678,-839,249,-5,-8,1 # cft deg6 r=4
203725,534350,-426775,-9432050,14888350,-4947475,-1031510,-1129905,-7268655,7474545,7292090,-6488265,-2624341,2268035,520293,-516840,-21505,70830,-6790,-5775,1315,150,-57,0,1 # cft deg6 r=4
3773599,7445137,18715884,13613589,-29146983,-54730153,-9216124,47496812,36254997,-9944274,-22294316,-4389478,6036384,2653739,-900163,-623891,83552,85399,-6126,-7268,492,361,-33,-8,1 # cft deg6 r=4
-458588321,1145063651,-235895451,-1666995272,1270714043,834344851,-1149485376,-109482969,531302377,-64270238,-153079661,36888791,29978164,-9482152,-4195692,1490773,433122,-151582,-33184,9761,1808,-363,-62,6,1 # cft deg6 r=4
-3180209,105800,-85410205,59955010,245893796,104163520,-38390825,29716440,87235210,27947970,-16835625,-5205380,5728120,1934330,-705940,-140970,144935,20510,-13095,-560,1041,-20,-55,0,1 # cft deg6 r=4
92659,2122008,1943111,-4595448,-4786517,1079933,1950186,5061217,3789744,-3763129,-2973269,1536852,1233499,-214207,-289368,-32613,44389,17293,-5159,-2756,498,206,-33,-6,1 # cft deg6 r=4
321007859,-444827688,894307471,-887086756,1083864008,-987433528,986542671,-784925592,614115242,-397393126,241581871,-125074702,60118874,-25774054,10281857,-3736836,1220212,-366304,96669,-22112,4768,-826,112,-12,1 # cft deg6 r=0
7481536,347445056,180880976,-310748784,-190434824,132035936,129736541,1680921,-27675874,-4569324,4016596,1579791,258126,182881,4421,-86994,-38879,3081,6346,1276,-274,-134,-4,6,1 # cft deg6 r=4
35681,-124049,-150430,416288,479154,-216599,-1111244,-508050,1431528,956554,-979310,-708210,374445,256665,-95460,-42457,21743,1055,-4426,577,589,-66,-40,2,1 # cft deg6 r=12
2692421,8033054,-74763805,85340667,41133209,54576094,31569171,-161283760,-33575362,83636726,21891750,-16226800,-7822445,249985,1074845,335892,11633,-45930,-16246,2053,1534,6,-60,-2,1 # cft deg6 r=4
102065051,-44987739,-77742174,59993986,33276141,-38244614,-9945714,16361931,5638731,-3235909,-2254419,-456889,51186,129161,109521,56076,7451,-6744,-3734,-704,81,66,26,6,1 # cft deg6 r=0
9306221,-18662340,54044644,-97893820,161831864,-142392655,113941575,-92093940,67065960,-33904295,10199709,-627630,-1142839,776370,-294604,38110,37195,-24420,4880,1150,-801,110,26,-10,1 # cft deg6 r=0
-22349,1739,63405,-90873,102349,-56026,-32764,202220,-433462,504301,-322505,23055,172930,-165520,60865,10232,-22357,9240,554,-1687,339,101,-35,-2,1 # cft deg6 r=12
-293329,15066824,-72094125,113409482,-15385006,-121136561,86794151,37503520,-66912602,17775016,12903300,-8734210,-163860,1359380,-68880,-239663,51398,23455,-8611,-1677,824,91,-45,-2,1 # cft deg6 r=4
1027630241,-1426076836,403794752,199082511,-96057379,-925226,-587619,24878628,-19211881,-1789271,5667352,-1343657,-373831,63927,128187,-14339,-46026,20437,3466,-3734,301,219,-38,-4,1 # cft deg6 r=0
557201,482405,3449729,-17351100,16704179,12049280,27867470,-19484055,19811625,-17990105,11864454,-6519445,2590511,-747355,97201,57740,-43460,17990,-3645,110,384,-180,56,-10,1 # cft deg6 r=0
-739,4679,-6875,-52873,255821,-494041,578261,-815580,1794433,-3120551,3378010,-1997860,153135,759580,-620990,183022,40668,-54380,17859,-728,-1189,324,-10,-8,1 # cft deg6 r=4
-25607975,-62496800,-43298800,47037375,103018500,42053375,-42075730,-41228370,-732445,9325065,546465,-1261750,626004,358430,-210598,-81095,31105,4145,-5005,680,755,-60,-53,0,1 # cft deg6 r=4
14604049,-126665617,418066471,-618437338,301893148,261898753,-399101579,117936922,93316519,-83139214,11959796,16046807,-9590286,-61562,1966492,-494893,-186356,92373,5271,-7996,483,346,-43,-6,1 # cft deg6 r=4
-33714071,58496839,167064373,-386627739,456200947,-287555726,-209007971,462606958,-119571504,-230960203,172946948,7114393,-48007584,12426267,4891774,-2668534,-57549,243342,-26881,-11252,2247,252,-76,-2,1 # cft deg6 r=4
49,-140,1537,-1613,3068,-8850,-13755,20100,155105,-550060,849647,-775855,431686,-120669,-18906,36627,-13130,-5149,6511,-1726,-322,230,-21,-6,1 # cft deg6 r=4
-10039831,6099489,-7203042,30328456,-32150403,-453676,-3856706,20840383,22483986,-69855843,42664813,10662308,-22784684,6931392,2441729,-1773164,45421,178377,-26681,-9217,2142,237,-76,-2,1 # cft deg6 r=4
-37226729,-225535210,-508553259,-239973571,1379697684,3921802560,5516283385,4837615160,2673191345,789286350,-14904989,-105673220,-31742234,974369,2007169,62384,-62690,14874,-14,-2454,174,160,-16,-4,1 # cft deg6 r=4
-1141891,5880122,-2627228,-30373418,10785912,40163987,-36422414,-75762264,-43636459,-25695269,-57249053,-48065219,-4187549,12927701,5947101,-241993,-797429,-110514,66401,24171,1067,-674,-84,6,1 # cft deg6 r=4
597251,-4182590,9785791,-9462829,6463164,-5240415,6996960,-3140850,3443295,-1121055,768761,-115945,204271,-5914,-14526,68221,-36050,10006,2666,-2931,1094,-55,-56,4,1 # cft deg6 r=0
123788179,141672149,135401424,83662997,171803918,22988184,-10646571,11829554,-3926048,666298,1192099,491794,422144,-191443,-112747,46872,30007,-7358,-3469,824,378,-57,-22,4,1 # cft deg6 r=0
60159722176,26418344640,19608517120,3952932400,4289523164,-300054940,548910165,-183554880,30518490,49985965,-26816515,7545840,-1463855,473875,206075,-369590,188925,-8030,-23970,8930,-391,-505,155,-20,1 # cft deg6 r=0
255802649,189415174,491650158,1157607936,1358751667,618050124,235250894,156987008,88583641,43427902,36975013,28004978,11718971,2501162,325879,65766,-12514,-19278,-4596,128,197,52,24,8,1 # cft deg6 r=0
-200384,765216,-5011200,9267128,35854716,-7053904,-97678899,-110554420,-32721032,28518441,26882945,4713310,-3453305,-1488515,239245,220218,-8387,-28570,-4266,1088,241,-9,15,8,1 # cft deg6 r=4
-546131,366493,1226162,-505872,1814817,2424533,-502584,-469616,-4351034,-6143201,-4154443,-1499561,1160111,633424,-45724,-71442,-5544,-3551,2651,924,292,4,-14,4,1 # cft deg6 r=4
7573504,-23292928,38977024,-39444096,24790752,-6688568,-3082179,4491492,-2811843,1500866,-655396,-4678,304274,-214906,31947,40024,-21508,-1866,4504,-788,-403,156,2,-8,1 # cft deg6 r=0
-3119,9875,24247,-86835,-104976,571615,-485560,-536610,1320950,-817010,-277698,707765,-386866,17480,94633,-76395,36155,-2440,-9415,5250,-616,-355,143,-20,1 # cft deg6 r=8
423139,4783905,13201022,7285968,-17606332,-17816805,15503445,21803105,-6144820,-13927360,1577482,6828310,764331,-1883216,-428646,414073,181635,-27096,-26229,-904,1743,145,-61,-4,1 # cft deg6 r=4
761,-11099,65350,-177882,87646,825346,-2411404,2702665,-523692,-1621234,1200370,262750,-537700,74985,103910,-50787,263,12720,-3636,-1957,776,111,-50,-2,1 # cft deg6 r=4
523931,-424979,-1036110,-1659692,1315836,6917676,-935674,-8834765,195778,5430646,-126430,-1916790,211860,429165,-126840,-67687,38503,8470,-6736,-867,696,61,-40,-2,1 # cft deg6 r=4
-29,375,-1303,840,-4571,-1605,18325,-5845,-1330,13240,-15373,5805,11509,-13035,1193,4980,-2805,160,605,-430,94,40,-22,0,1 # cft deg6 r=4
85741,-198235,-1183563,10520895,-17794856,-6169045,43906630,-36119700,-14548120,44366610,-30938288,7386825,2527554,-3213250,2513863,-1708455,735275,-125760,-34055,22510,-4166,-35,133,-20,1 # cft deg6 r=8
18350909,-23573475,-20698348,30860742,29688103,-51011730,3978810,18639235,3958060,-16788280,7684577,-655000,1162471,-1430229,157144,404107,-176850,-20939,33006,-7426,-522,440,-41,-6,1 # cft deg6 r=0
-232109,-106905,252644,-1244163,7631399,-15376315,14515890,-5619175,-2896620,7201890,-8011356,6108845,-2849424,382343,413281,-275788,57690,12163,-11296,3298,-286,-150,66,-12,1 # cft deg6 r=4
-61,-1163,-5404,-8557,3243,20877,10066,-12427,-2636,7694,-16554,-23877,12459,32862,8057,-18007,-15501,-1593,4346,2926,758,-1,-43,-4,1 # cft deg6 r=4
96895,349135,181375,-2820405,973240,1200955,-4093166,4601167,-1462389,-1850957,1908550,475517,-749744,-94387,101449,-1720,25001,-3737,-6071,347,730,-42,-41,2,1 # cft deg6 r=4
-139,1335,-3130,-12095,-57481,614480,1208770,447480,158500,118990,-154470,152205,154150,-68530,-930,19735,-9785,3185,3100,-1685,-296,225,0,-10,1 # cft deg6 r=4
3751,-64867,83440,516656,-983854,-860562,2714054,-70695,-3255832,1198328,2074630,-1152900,-773400,580240,139075,-170499,-2792,30285,-3154,-3089,576,173,-40,-4,1 # cft deg6 r=12
1331,12947,32285,-9526,-68099,-14538,73899,125935,-14437,24972,-8935,-16455,-20695,12155,15645,-2716,-11337,-1805,1491,-126,-29,82,-10,-6,1 # cft deg6 r=8
-41,-3040,3022,138793,56528,-416450,-33375,-183140,240455,236025,143162,-62170,91171,-47381,15769,-12922,-5240,6229,1166,-1629,128,140,-26,-4,1 # cft deg6 r=8
99991,-120221,-384295,734357,679431,-1582906,-504589,1909550,-76867,-1427256,409265,675360,-328400,-193035,140560,26132,-36087,1600,5364,-1168,-374,164,0,-8,1 # cft deg6 r=4
-451,-14706,-53647,534601,4042707,-5417651,14537474,-9678612,7245666,-1598878,-776122,117488,85031,-54728,52824,-30954,13831,-2648,-161,78,-38,-38,44,-12,1 # cft deg6 r=4
208751,-2285587,8985515,-16675014,12054356,9000548,-26285606,20356985,-1414912,-8366752,5250100,156085,-1611565,590020,190675,-177834,2138,27830,-3684,-2684,521,153,-35,-4,1 # cft deg6 r=12
4631,55893,21735,-633489,-2033049,-3054862,-2719376,-1664825,-908407,-579697,-395735,-231995,-115930,-90305,-88255,-38064,7793,13535,4991,426,-359,-152,-10,6,1 # cft deg6 r=8
20339,-167915,259557,-421997,266923,289415,-499160,207960,-85965,107990,2632,-63760,48401,-24666,20944,-18802,7395,-856,941,-694,63,115,-26,-4,1 # cft deg6 r=8
-7471829,-52915890,-19459973,58226490,61652414,-11855360,-47734905,-13675640,15462045,10732060,-835233,-3626820,-1111666,641740,429068,-35140,-70670,-7490,4355,1340,184,-60,-32,0,1 # cft deg6 r=4
3633689,-10456717,16220867,-9581017,-5336238,16104018,-10356234,-1299626,6505936,-1706191,-3083163,3542604,-1122139,-214826,317116,-10002,-54914,23924,1676,-2276,647,124,-34,-6,1 # cft deg6 r=4
-21058481,121417467,-319112578,497878227,-361258148,-101947918,307185166,-45436049,-138439994,37965756,30932737,2573536,-3753549,-4735589,-1474949,423782,477101,206196,52796,3736,-2128,-644,-49,6,1 # cft deg6 r=4
-47491,-698440,-761533,-1089908,-1712912,-2983070,-2785230,-2248015,-1484245,-1142300,-501138,-52935,168646,109921,43279,2242,-2110,-2579,-389,-16,173,20,-6,-6,1 # cft deg6 r=4
56398709,-182851753,144854766,59497264,-105165002,18149242,15264121,-23249157,8992852,18750384,5756091,1354723,2504514,2040421,533812,-264781,-207668,-25554,17509,5818,-307,-351,-23,8,1 # cft deg6 r=4
-136571,931920,-2934488,5540128,-7125657,6532220,-4358230,2074670,-738560,257350,-162713,94780,-24384,-14456,16864,-6292,1510,14,571,-214,128,30,-6,6,1 # cft deg6 r=4
-8297479,85803811,-346402755,746358653,-1017144121,962554411,-594677074,111290500,186663278,-191072661,74269750,-7018355,-1052180,-2056375,707740,652858,-450217,46725,38629,-11833,-426,574,-45,-8,1 # cft deg6 r=12
7530221,-16088443,15950269,-10234412,1025761,2628987,2174224,-5140027,953036,4304797,-6195196,4879773,-2106539,-78853,930849,-759932,350596,-102503,18589,-2112,491,-238,74,-12,1 # cft deg6 r=4
-33665539,75398408,-35160151,-63332883,81636306,-24251172,-8338601,3179547,-587284,1326718,535514,-1205038,258771,217698,-9556,-76128,19166,10063,-4781,-848,686,23,-41,2,1 # cft deg6 r=4
19501141,70711052,114989924,101645993,52155871,16416532,4329059,1221163,2849291,4590872,3307619,1522093,1127461,780357,343729,126028,45006,5282,2404,798,31,62,4,-2,1 # cft deg6 r=0
1368971,-3258924,2352587,20231829,13514876,-29670964,56547151,-67602008,57758589,-42479864,26410237,-14180588,6890104,-2876792,1126212,-353456,117519,-22847,7501,-126,271,86,12,4,1 # cft deg6 r=0
23691941,-99022833,223130114,-395469647,594959716,-720154343,680349399,-514876522,330610921,-188098058,93876529,-38583242,11744226,-2057398,-185166,315338,-155814,57062,-15231,2198,296,-268,74,-12,1 # cft deg6 r=4
290011,-3276869,-2459245,55195393,-122754136,57741036,140424356,-219614360,70034948,96451864,-106145535,29103935,16066210,-14805665,3497825,715718,-541467,48145,34009,-8658,-666,469,-30,-8,1 # cft deg6 r=12
1460275,-7382700,23335725,-55184400,111562100,-200800000,296806650,-330897575,263884625,-141472450,42151350,1701125,-8179440,3926985,-848775,-10290,66810,-21895,4315,60,-15,40,20,0,1 # cft deg6 r=0
