# IGP24 class field sweep: deg6.
127159245,0,-7522895250,0,47900757510,0,-86012615925,0,31209431076,0,4656044970,0,-1749854211,0,-53160840,0,17432016,0,-929505,0,21804,0,-240,0,1 # cft deg6 r=20
-172880,15751680,-57232320,-113770240,249141336,139390944,-371309380,-18865656,280322115,-53897652,-125460669,38576274,35579861,-12468771,-6587061,2296911,805596,-251559,-64669,15762,3255,-499,-90,6,1 # cft deg6 r=20
11520,0,-380160,0,1913760,0,28218960,0,-189193959,0,-202268844,0,189306732,0,30044583,0,-33688470,0,3810342,0,-43848,0,-441,0,1 # cft deg6 r=16
-11517264,-83226528,-127891008,64307808,16414740,-38501352,82225308,50143752,-42257541,-20845050,14561829,4286508,-5645831,-1227078,1575936,403162,-261903,-83088,23868,9642,-870,-560,-12,12,1 # cft deg6 r=12
23328000,0,-1539648000,0,10397872800,0,22458667500,0,9720708345,0,-2596417335,0,-1930573710,0,-347608260,0,-23672034,0,-287739,0,22446,0,306,0,1 # cft deg6 r=8
-1752542975,6379690575,-5963062860,-4160219195,7937064801,2707890201,-6790908436,-4441656399,10691009403,-2892005340,-4887293565,4183370220,-620258974,-662130870,332671410,-18612111,-23561445,5192940,409016,-227169,10131,2923,-219,-12,1 # cft deg6 r=8
6409646560981,-1507975227309,-8459142025230,14124084428,3808758001851,499863028221,-503264364445,61668631773,25946392041,-76084856524,-18649687929,10831848984,3633337516,-636925491,-310316904,17910721,15228153,-232281,-490603,1326,10881,-8,-153,0,1 # cft deg6 r=8
-302625,-15957000,-202793625,36677250,-179382375,-961771500,-775231575,2004300,256198875,101956530,4431420,4619070,6056776,-1986792,-3583197,-1081316,208113,210906,44847,-3156,-3117,-464,18,12,1 # cft deg6 r=8
-1379489,-4040064,27476235,73671622,-128784675,-314952192,95655657,297698136,-43346145,-129634626,19339476,30565590,-7953924,-4096104,2492379,504472,-445827,-83106,41075,10056,-1557,-596,-6,12,1 # cft deg6 r=16
-205399184,1512571392,-3394169616,2413414970,421168221,-1024584252,571389710,-691890771,275353302,428797136,-329955243,-74325342,110054251,205731,-19092354,1589179,1965453,-229422,-124219,14886,4740,-473,-102,6,1 # cft deg6 r=16
45,0,-1620,0,-12735,0,245970,0,-830844,0,404046,0,546402,0,-321147,0,-53745,0,50037,0,-6798,0,249,0,1 # cft deg6 r=16
205062841,732252345,-1050593931,-6450043690,-8062365969,2747816640,16426796171,7169240880,-8951541048,-5762366185,1879565601,1656276210,-126569519,-229942260,-7792722,17402260,1752714,-760455,-118942,19110,4293,-230,-90,0,1 # cft deg6 r=12
-424221125,-1079835750,934894500,3564414000,709655100,-1617292650,555536675,449642250,-503552280,93858720,75028965,-61904580,9686546,7064928,-3744297,156444,401568,-93564,-17828,9054,258,-474,-12,12,1 # cft deg6 r=12
478000,21756000,86479200,-61618400,-543754380,-181555560,809150820,474251160,-493705989,-468096762,15797529,127931244,30749097,-9202392,-3528222,204724,-47919,-108234,-10132,4542,282,-134,24,12,1 # cft deg6 r=12
-2351222855,6605046660,7998137205,-16068099775,-1231032339,2135603499,3295389947,10386630864,-14191947834,528871272,6063156228,-2374087056,-561242656,485110680,-18701796,-42862644,6512214,1840536,-433225,-37677,13053,281,-183,0,1 # cft deg6 r=12
-6971011745,-14246572470,-10102901790,-9019592815,-2407267284,4332475572,5263556401,6938900883,5562193554,3170816891,1817970189,702813567,154483426,21167043,-9016179,-7238689,-1631232,-175941,9337,18696,3048,-391,-78,6,1 # cft deg6 r=12
292804875,2559397500,8618444550,13348830375,6508693845,-8758918395,-15397045650,-7552303110,2966446881,5692005783,2408832297,-421560801,-750899124,-216121122,24750810,24077502,2356839,-867789,-130800,28701,5361,-423,-87,6,1 # cft deg6 r=12
3256245,0,30771900,0,63932265,0,-128453895,0,-494596494,0,-402749145,0,-67801674,0,30839715,0,7946796,0,-316965,0,-37719,0,-285,0,1 # cft deg6 r=8
65499136,-408705024,662823936,-3176970240,-4174868736,828822528,-910659392,-4109588256,4154005680,-1918604544,832946016,214274256,-33121224,60279816,6428856,-1358994,182535,-211326,-115517,-8772,1599,270,111,6,1 # cft deg6 r=4
-11748089,62008140,-64806993,-18002626,228038565,-435858720,449013681,-125787438,-248605176,281278260,-72852570,-59216658,59488530,-23819574,1740420,3690890,-1681953,-25938,183908,-31230,-4980,1502,-3,-18,1 # cft deg6 r=4
106906831,-592516344,1455381105,-1688653560,273246873,973276488,-640598368,-57703230,190262322,-52540898,-19146309,11146098,1833699,-1206216,-482706,240634,41382,-46890,2598,5406,-372,-380,0,12,1 # cft deg6 r=4
42865920,0,694889280,0,2731865760,0,3214352160,0,1222012521,0,-95230755,0,-174648309,0,-45720045,0,-5243334,0,-264555,0,-3339,0,90,0,1 # cft deg6 r=4
1248131875,220087500,8323903125,16615610000,664672500,-11583248250,-1747576500,3249008250,-224000100,-506190800,306668625,48382350,-49692250,-7739160,2813130,861850,-68634,-50202,9075,4248,-306,-148,30,12,1 # cft deg6 r=0
-4422369869,4450191474,-4580590407,18880546670,3683611851,12968660106,21330898597,-14704333974,29985880779,-21110782156,18405459690,-9477072318,4789431718,-1484190798,401878206,-36569734,-2401947,3934926,-508922,65874,-105,-1252,159,-18,1 # cft deg6 r=4
760576,-8504832,41526144,-117477120,214092816,-259090440,198855288,-75044778,-17523321,38907088,-18925575,-10068,7975969,-7466556,3521115,-1055880,198924,44376,-32123,294,1461,-136,6,12,1 # cft deg6 r=0
6236976301,-19741082406,38687341998,-80686652474,136178807244,-148597064472,104797446589,-51972285060,20545374744,-7076444792,2482359717,-1027771836,286294549,-4119060,-13353924,-388604,2510073,-573570,22183,-26394,3945,142,141,6,1 # cft deg6 r=0
-145664,339456,-779328,859776,-820656,-80808,935700,-2127834,2575815,-2855766,2444703,-2023008,1358441,-849870,399537,-149436,23250,7566,-4995,816,1029,-258,-57,6,1 # cft deg6 r=4
67006992901,-197046767508,447372184650,-489204445336,119039535243,230049706032,-185825439574,-33555036192,125879439702,-86446991140,30500606688,-4987748916,-395746934,361483752,-49034655,-10766498,4932693,-639690,-32407,22368,-1770,-266,123,-6,1 # cft deg6 r=0
60557696401,59712324492,-24127770825,-33592195042,4922910744,6656245548,-1351692199,251932950,322434879,-425152468,8839575,114669840,-21316500,-18938220,4633830,2201202,-502476,-189000,32496,12018,-1101,-532,0,12,1 # cft deg6 r=0
6350879787856,-20175354143976,23606269588500,-11714186035358,1501526215527,356707514364,299230130853,-282988274184,55072920804,8092830850,-2446433151,-1029070878,288425733,86152176,-39020796,926860,1787502,-322104,-31924,18732,219,-666,-21,12,1 # cft deg6 r=0
166921,-123228,-2905470,-2207948,20438874,74290449,144526851,194604105,197268633,157680309,102013197,55035387,25409208,10418901,4021605,1455556,491523,138789,34193,7842,1893,418,84,12,1 # cft deg6 r=0
1891719556,50935351932,527533979322,-1470706621304,2484490176771,-3098888318583,2920558410218,-2076224519295,1124255558088,-478401488981,166915213290,-49221387519,12345551308,-2610734322,439812045,-41920456,-4484511,2214036,-177733,-45036,9033,188,-132,0,1 # cft deg6 r=0
794339420005,549985322670,-73533398235,12965452630,139194651756,21763468830,-13718928741,9945888372,6349903992,-1022937582,1564326,484892046,9772791,-26392677,17016414,3064117,-1059045,234486,107759,-14778,177,1087,-12,-18,1 # cft deg6 r=0
31328192191,-84350453610,96057723093,150069836356,-69774773109,-27379382082,53691748534,14814020538,-12452751774,-4015900070,1604005341,437060922,-263236523,-65635134,26952204,9350530,-444510,-312912,55408,31866,7116,1312,156,12,1 # cft deg6 r=4
