# IGP24 class field sweep: deg6.
-33779,53054,42067,-117692,-54191,184171,23029,-171522,-25471,123249,58493,-114410,-38463,90664,2771,-44942,7345,12868,-3326,-1949,558,149,-39,-4,1 # cft deg6 r=4
-8369,39513,-86545,91022,34825,-222614,333759,-180065,-103479,263706,-103564,-152283,105952,48733,-46482,-8001,13020,-201,-2933,107,413,1,-29,0,1 # cft deg6 r=4
-22067,85373,-86281,-233727,940546,-1502215,1232348,-246798,-548173,554644,-103198,-145813,61316,41389,-19861,-15958,8636,3362,-2386,-290,337,9,-26,0,1 # cft deg6 r=4
1,0,58,0,-219,0,-419,0,-656,0,3042,0,925,0,-2973,0,1983,0,-704,0,147,0,-18,0,1 # cft deg6 r=8
557,1674,-1829,-7981,1283,6586,-9333,3328,18469,3336,-2102,-3196,-3425,-1933,-3219,-638,2567,-95,-1164,-62,100,-37,-12,4,1 # cft deg6 r=8
289,-821,7208,7956,32194,73397,135062,233185,346769,442843,504344,487517,400965,285791,170023,81386,31059,8275,643,-538,-297,-80,-4,4,1 # cft deg6 r=0
1663,-10746,47540,-87988,248621,-353028,534424,-470468,385783,-129745,52728,93094,-46946,-3956,-3480,-4800,2131,1737,114,-142,-42,-26,-4,4,1 # cft deg6 r=0
289,1072,3113,4606,7736,6810,10245,14671,19597,16242,13736,14175,14026,9873,5280,2750,2007,1436,523,-152,-216,-54,13,8,1 # cft deg6 r=0
19651,76137,225773,624192,1312065,1952616,2112392,1740528,1134238,606431,320607,253120,238892,162039,62096,11307,5266,6899,3864,784,-132,-98,-11,4,1 # cft deg6 r=0
256,0,23040,0,-136096,0,322716,0,-402671,0,283664,0,-110596,0,19718,0,970,0,-1240,0,265,0,-26,0,1 # cft deg6 r=16
289,0,-380006,0,137289,0,242194,0,-138718,0,-49622,0,89081,0,-50546,0,16850,0,-3594,0,473,0,-34,0,1 # cft deg6 r=12
1,0,450,0,-37663,0,101342,0,24946,0,-87638,0,-28847,0,11762,0,-462,0,-138,0,129,0,-22,0,1 # cft deg6 r=12
2209,0,99900,0,-175290,0,70342,0,-58125,0,14982,0,-4183,0,2534,0,99,0,82,0,14,0,-12,0,1 # cft deg6 r=8
1,0,-52,0,-1074,0,-4274,0,6511,0,19586,0,-23155,0,3254,0,5559,0,282,0,-202,0,-16,0,1 # cft deg6 r=8
1,0,88,0,1870,0,3278,0,55799,0,-55082,0,-10043,0,10898,0,-45,0,406,0,154,0,-28,0,1 # cft deg6 r=8
729,0,-4698,0,-131607,0,-89872,0,108788,0,70206,0,-90924,0,34906,0,-5116,0,-408,0,249,0,-30,0,1 # cft deg6 r=8
-73,866,1982,686,15677,-2358,-164572,-210840,196836,486098,92330,-326206,-235347,100534,144708,-13216,-46968,-2066,8830,1286,-863,-218,24,12,1 # cft deg6 r=12
625,0,-30450,0,27181,0,187010,0,-158102,0,-762,0,38245,0,-12226,0,1130,0,-470,0,205,0,-26,0,1 # cft deg6 r=12
729,0,-3240,0,4626,0,-2330,0,-20737,0,41750,0,-5115,0,-1682,0,2903,0,-822,0,122,0,-16,0,1 # cft deg6 r=8
256,0,3520,0,3360,0,-59376,0,-13479,0,39922,0,-3261,0,-7792,0,2921,0,488,0,-153,0,-6,0,1 # cft deg6 r=8
68800,-287120,-722452,216028,2608257,3346404,395280,-1535692,-532968,110320,-318888,-533864,-348248,-140576,-61070,-45532,-24844,-5476,-236,-592,-380,-8,44,12,1 # cft deg6 r=8
289,0,-6182,0,28707,0,8344,0,-120709,0,65142,0,-27973,0,7686,0,-2902,0,558,0,-8,0,-16,0,1 # cft deg6 r=8
-43,-300,-213,2430,3958,-5874,-9132,14132,12145,-24942,-18379,15256,17694,3556,-7612,-7082,175,2636,1048,-114,-279,-96,6,8,1 # cft deg6 r=8
-4096,0,-74752,22528,-298240,269312,598528,279552,-59840,-55296,196352,38016,-117328,-2496,47280,240,-13412,-128,2748,80,-447,-60,38,12,1 # cft deg6 r=4
361,0,94830,0,20579,0,-325538,0,-155821,0,110932,0,-23926,0,-10748,0,2523,0,-34,0,-133,0,-2,0,1 # cft deg6 r=4
-5527,-8636,34546,133124,135119,-173842,-705511,-965514,-629610,-17408,301852,212722,14202,-60812,-35236,-2898,6617,3584,206,-512,-234,-26,18,8,1 # cft deg6 r=4
56187,274446,524004,388774,-231850,-696544,-400148,293716,519987,134980,-235471,-195686,19225,90414,27328,-20542,-14559,778,3124,516,-359,-134,4,8,1 # cft deg6 r=4
289,0,-22752,0,-48016,0,-24352,0,18168,0,-16332,0,4750,0,1728,0,-3240,0,1072,0,-136,0,-12,0,1 # cft deg6 r=4
256,0,-48256,0,-61200,0,-1054856,0,1108145,0,-624176,0,230108,0,-61856,0,12662,0,-2064,0,268,0,-24,0,1 # cft deg6 r=4
39601,0,236090,0,155503,0,-220030,0,-74781,0,-15812,0,-34782,0,-100,0,3427,0,-150,0,-137,0,2,0,1 # cft deg6 r=4
65536,0,-442368,0,-1736704,0,31744,0,154368,0,-88704,0,35200,0,-9864,0,2385,0,-532,0,86,0,-12,0,1 # cft deg6 r=4
237169,0,431566,0,64521,0,136612,0,87924,0,64602,0,-1528,0,4658,0,-1052,0,284,0,13,0,-2,0,1 # cft deg6 r=0
11881,0,-14044,0,63946,0,-38934,0,41439,0,4868,0,-11667,0,11196,0,-3899,0,812,0,-61,0,-2,0,1 # cft deg6 r=0
73984,0,232128,0,457568,0,78560,0,30257,0,-43974,0,49735,0,-17172,0,4617,0,-900,0,147,0,-14,0,1 # cft deg6 r=0
51529,0,741258,0,2590359,0,3767012,0,2603215,0,806162,0,35075,0,-36022,0,-4594,0,1238,0,356,0,32,0,1 # cft deg6 r=0
3481,0,327570,0,536621,0,206832,0,70472,0,173398,0,136352,0,54214,0,13992,0,2308,0,241,0,22,0,1 # cft deg6 r=0
289,0,1188,1172,2738,3374,7331,6334,8363,8070,9424,5904,3999,2842,2200,494,-66,240,482,174,-50,-26,14,8,1 # cft deg6 r=0
4096,0,163072,0,575696,0,-131048,0,-237711,0,114414,0,26599,0,-16180,0,-603,0,656,0,123,0,18,0,1 # cft deg6 r=0
10363,32718,71792,-52462,-191876,-26808,536264,-225766,-236235,191556,175868,-38150,-107973,-3184,59588,8950,-19211,-3284,3988,730,-534,-130,30,12,1 # cft deg6 r=0
2247001,0,-445256,0,-1608606,0,1322654,0,-385261,0,12426,0,34305,0,-13026,0,3539,0,-798,0,162,0,-20,0,1 # cft deg6 r=0
289,0,6890,0,41343,0,98064,0,111127,0,70382,0,-4281,0,-13562,0,3434,0,262,0,-136,0,8,0,1 # cft deg6 r=0
256,0,26624,0,572192,0,517196,0,-40447,0,19824,0,35276,0,-16406,0,-1998,0,1508,0,-143,0,-6,0,1 # cft deg6 r=0
3051,-37908,203115,-612926,1130659,-1249062,622021,323098,-782279,530292,-41422,-209374,168814,-42206,-18190,17342,-1880,-3240,1547,16,-266,78,10,-8,1 # cft deg6 r=0
167281,0,7666700,0,189302,0,-988106,0,-148629,0,53326,0,29197,0,242,0,-1293,0,-102,0,22,0,8,0,1 # cft deg6 r=0
143641,319900,419220,230043,-618885,-170633,140572,505638,-672769,90063,29967,444236,-241000,-278502,237643,25957,-73479,13449,8727,-3434,-193,267,-26,-6,1 # cft deg6 r=4
1,35,-333,823,-3468,6648,-14160,-4011,22663,-1926,-14319,11781,6400,-12757,-3865,4914,192,-1654,82,276,-81,-52,11,8,1 # cft deg6 r=4
361,0,2016,0,254,0,1407,0,-317,0,584,0,-280,0,110,0,-29,0,-16,0,10,0,-5,0,1 # cft deg6 r=4
-4,-32,2,504,631,-1005,989,-3049,3322,885,-14,-1419,-6125,-3860,5250,6209,-1095,-3457,-344,881,230,-75,-27,2,1 # cft deg6 r=4
6953,-3558,-6417,-5687,31913,-70415,98200,-73682,31043,-24659,31641,-18743,4071,-1903,1245,2039,-2467,344,692,-333,-37,59,-7,-4,1 # cft deg6 r=0
-4,8,-46,-36,-73,225,883,585,1335,238,45,-96,79,475,297,99,-132,-157,183,344,92,-51,-20,2,1 # cft deg6 r=4
-24197,164768,-451904,751826,-893039,813650,-568348,245894,30435,-115708,39549,54136,-44784,-8976,31570,-13114,-3855,4884,-571,-870,295,54,-32,0,1 # cft deg6 r=4
177241,-1824614,2924886,13214521,3156879,-16421522,-9503034,8546415,7280667,-2060585,-2895973,-208717,389640,218447,144555,-2278,-58387,-14833,7947,3376,-301,-282,-16,8,1 # cft deg6 r=4
-127051,-319616,2445434,94234,-3090245,-128291,3047150,-16200,-2174424,-123623,1392876,4487,-675623,86070,214491,-57499,-39718,16783,3541,-2525,-23,193,-19,-6,1 # cft deg6 r=4
1627,14742,64911,148782,105346,-58038,22426,8726,169008,-5834,118467,-94652,54421,-17116,17654,1738,-2497,96,-14,128,91,-6,12,8,1 # cft deg6 r=0
289,0,-3757,0,14212,0,-4794,0,-48556,0,26068,0,35061,0,-18391,0,-3575,0,2348,0,-110,0,-25,0,1 # cft deg6 r=16
68197,1515030,3886714,5087859,24260587,35692522,2813306,-34132345,-34982237,-16446485,-1085261,6020537,5623810,1852517,-509499,-643550,-164493,33545,27621,3906,-1043,-388,-18,8,1 # cft deg6 r=8
289,0,3468,0,7990,0,-24412,0,-65483,0,-24238,0,39834,0,37170,0,9454,0,-145,0,-239,0,2,0,1 # cft deg6 r=8
289,0,2890,0,10285,0,14110,0,-2500,0,-28113,0,-28609,0,-8875,0,1421,0,939,0,-5,0,-22,0,1 # cft deg6 r=8
289,0,-867,0,-10319,0,48025,0,-47035,0,-18710,0,31360,0,-1970,0,-4790,0,1035,0,44,0,-20,0,1 # cft deg6 r=16
-1265309,-339437,5803297,5789224,-4980674,-9134940,628441,7056166,1281916,-4089343,-1537615,1674504,908723,-469778,-340466,80786,81411,-6917,-12240,-42,1085,50,-50,-2,1 # cft deg6 r=8
45859,145519,579626,1270647,2298342,3257895,3785798,3686491,3209821,2496037,1613267,774183,227928,14388,-8499,17008,25726,14780,2981,-1010,-701,-104,24,10,1 # cft deg6 r=0
4624,-16184,7072,3502,57077,-90155,10032,82361,-51125,-41893,58421,5099,-31540,6873,9987,-4148,-1075,1363,-180,-248,124,32,-18,-2,1 # cft deg6 r=0
291259,-2286668,8065517,-17843014,27085301,-26332768,13281726,1590476,-9352422,7785828,-2604903,-711198,1270289,-593948,43761,92334,-49706,6192,4090,-1900,153,116,-31,-2,1 # cft deg6 r=8
157,1532,8157,43128,77489,-110088,-328191,164777,555399,-230093,-501034,219149,260138,-111062,-77497,34883,14303,-6084,-743,752,-205,-131,12,10,1 # cft deg6 r=12
-4225,-36530,6467,41517,-136141,-28112,183613,12449,-52554,-45543,23460,3109,-32017,29254,12002,-13245,-1546,915,785,310,-398,32,41,-12,1 # cft deg6 r=8
-263792,2074592,-444208,-1659808,-2874932,5595584,1983280,-5561096,138041,3138626,-742672,-1058631,504940,203074,-168991,-4767,34604,-5543,-3838,1320,282,-110,-5,8,1 # cft deg6 r=4
199,-10264,-61895,-145787,-182683,-160666,-172766,-214452,-173325,-55558,23117,33669,30024,28496,15749,234,-5367,-3386,-574,396,239,42,-15,-4,1 # cft deg6 r=4
-1757141,-1763312,1832379,-4908211,-3991212,15644053,11600782,-12521749,-11491872,4319716,5473142,-616471,-1368249,24635,150065,-11046,9105,5252,-5216,-902,693,69,-42,-2,1 # cft deg6 r=4
5776,40432,-223440,157472,223308,83612,-400968,-57164,230837,-785181,967204,-256098,-13082,435,-155335,148837,-51364,-7891,20698,-8628,545,394,-65,-4,1 # cft deg6 r=8
3590987,4604507,-11431733,-20713297,7629543,32119983,6908292,-23349826,-12299092,8670109,7468149,-1404862,-2463630,-122517,467892,113811,-44171,-26945,-29,3398,422,-225,-36,6,1 # cft deg6 r=12
-23627,292667,364232,-856272,-2446279,-742629,2188365,1081913,-1866987,-1633990,263335,580682,-67928,-208791,-17376,32861,-2315,-7639,207,1112,31,-82,5,8,1 # cft deg6 r=4
-43,-437,1652,-1820,2998,-8564,-2085,-11177,19248,6664,-8752,-582,-13926,8878,9929,-7023,-2748,2559,241,-524,61,55,-16,-2,1 # cft deg6 r=4
-7344,-25560,12876,158662,19457,-278585,-37916,420373,-56699,-478190,89654,361618,-50299,-172654,11940,52356,479,-10080,-998,1194,245,-79,-26,2,1 # cft deg6 r=4
-7769,31870,-61489,77544,-34365,-61502,74161,-26862,17811,31346,-63341,673,41178,-13484,-15555,10300,5564,-3784,-1974,538,357,-27,-30,0,1 # cft deg6 r=4
1161,13176,27054,-6805,-59107,-15157,70406,58024,-23427,-21103,31247,13169,-33660,-27467,-1874,-1007,-6989,-3332,1044,1035,67,-105,-19,4,1 # cft deg6 r=4
5329,21681,-18035,-250070,-565586,-499967,132933,769467,745373,146719,-345227,-314294,-26677,110516,67925,3244,-14924,-6732,206,1096,294,-51,-30,0,1 # cft deg6 r=4
-12491,-14075,55824,-141373,143394,233180,-431206,-53719,469130,-210366,-262366,289959,103679,-179479,-30926,67478,8493,-15801,-1883,2258,284,-182,-26,6,1 # cft deg6 r=4
-1443581,1155800,5100074,-2505342,-8690933,1970447,9340915,-684713,-6788337,-81500,3313790,328286,-1107817,-245238,257705,97022,-40030,-22861,3504,3198,-65,-248,-16,8,1 # cft deg6 r=4
-289,1598,-5001,12604,-21251,31460,-30148,26530,-13660,9990,-9970,8108,-4147,-4752,6955,-3076,-295,1418,-583,-206,180,6,-23,0,1 # cft deg6 r=4
-50207,-238689,95482,706908,-35290,-1182488,82539,1381570,-164131,-1118334,175607,634896,-108547,-260369,40512,78635,-7713,-16787,275,2290,132,-178,-21,6,1 # cft deg6 r=4
729,1215,-2268,-12150,-21582,-7653,20930,6483,-47466,-61678,-6460,54981,48555,-5244,-30881,-13807,9204,15058,8869,2653,208,-131,-39,0,1 # cft deg6 r=4
-6163,-44665,-149863,-307621,-306914,92761,1012472,1836043,2085023,1397979,588056,-12729,-126603,-18197,43025,26392,7949,838,-1504,-524,-107,4,16,4,1 # cft deg6 r=4
-199,-2708,40893,-200909,557200,-1022837,1241613,-901823,133489,542846,-716392,452790,-118147,-42325,45723,-8706,-6952,4179,68,-710,138,59,-20,-2,1 # cft deg6 r=4
47923,-171651,174163,60725,-148484,-98954,167373,105301,-172218,-59054,136225,-8783,-52215,16386,8250,-6084,1389,204,-178,48,-23,-7,10,-4,1 # cft deg6 r=0
6863,-53230,163691,-244272,151312,55249,-122354,-31629,198402,-152240,3857,65525,-19914,-13477,12801,3373,-1321,-500,1087,317,-110,-33,-1,2,1 # cft deg6 r=0
6103,-17455,43131,-89306,207285,-245926,386164,-351992,339919,-328164,193993,-110770,83463,-26975,-6316,5595,-4671,3740,-3,-1203,376,57,-35,0,1 # cft deg6 r=0
94249,0,327183,0,-1161468,0,-2032273,0,6206273,0,-5893308,0,2961370,0,-896821,0,171185,0,-20601,0,1502,0,-60,0,1 # cft deg6 r=16
10000,0,-12000,0,-29400,0,69880,0,-57199,0,23260,0,-4842,0,-128,0,671,0,-353,0,108,0,-17,0,1 # cft deg6 r=12
37039,257272,-109615,-984304,-2406195,-4029762,-3880420,-1489546,988332,2239707,1934542,690418,-194347,-309376,-96764,64022,53004,-4649,-10199,138,1094,0,-56,0,1 # cft deg6 r=8
2029,21366,69921,109793,152065,192825,179879,112435,115262,123801,54948,-26728,-42402,-30542,-4900,11993,5938,-2601,-1949,285,379,15,-35,-2,1 # cft deg6 r=8
