# IGP24 class field sweep: deg8.
7175787649713841,34592983577458488,53230757904275670,19734541551618912,-18299419873392933,-18693271949913288,-7355601269591958,1036629596048832,2736401273933949,486309008774232,-52289032175748,9532277779644,9263208644505,240151380732,414295374834,-14393959272,823474878,44621280,58899096,-7046676,440100,-5004,-324,0,1 # cft deg8 r=0
6302839029082241,-7520257115931414,-26342221294192293,29603817385876114,45088312366691844,-23901740208759024,-6441998840854349,6445872138419322,3462392083509513,-1805460297726670,-233868513643707,151707136747698,52553809806200,-22527007380288,2876705467560,18347155932,-32383169592,2889267678,17265318,-8331456,1119699,308,2166,0,1 # cft deg8 r=0
3181288258609375,-27197684140312500,192542755785750000,-18496047374500000,550464882109546875,129136797878625000,486557792939981250,117114379005900000,30348947877665625,9857317301762500,888455194421250,276467428732500,37245842906625,2097109710000,1167066535500,-15789831500,15089616375,-206802000,111033100,-1323600,452700,-2000,1020,0,1 # cft deg8 r=0
26409564541004364400,46161323548171519200,28640963038426957800,-63732019622518325600,-56354745259921278780,4930932193196077080,36272779846929601550,-2426819754860600700,-70459202535180939,-542712689420699760,72343168013086314,12996166635917280,12427568864577762,1533173090888940,122912197256052,4135295004920,-500773482780,-18614530440,1478167838,56390040,1713357,65480,2826,0,1 # cft deg8 r=0
290199655180926976,86855351902666752,40855702037594112,-105322837766569984,-34273179425832960,10546319078719488,6667381136359424,584121950601216,1787658632626176,-245992516890624,-344578955907072,-25554213494784,18782700171520,-7072784980992,-85219969536,957407020288,112138248192,-3357570816,15360109792,-420463296,7432416,56672,3360,0,1 # cft deg8 r=0
36816102227980755,-46053117123889905,96402179270797875,-40415071979980485,29556935909114481,-3479575424029758,6230490670823400,-284344917987546,845569849709997,143216593199442,88984366331931,14449747503528,4455254285350,685385553882,111169026891,14444146730,2056164723,139334373,25028311,997440,129222,5334,303,0,1 # cft deg8 r=0
298667715025,28289831325,-48412648575,-36964943525,9675818535,6455075490,-20086419280,-15989320140,-120567609,5280392870,1836454923,-415986750,-62011652,212539980,60931521,-22892290,-8731965,1726065,481601,-102960,5688,880,-117,0,1 # cft deg8 r=0
193585218438632791,63763927208568786,-252960279961155231,-168002957305057087,140314554917543745,136154957981242794,-25784322340452090,-58875423137962800,-5040170917039941,13703796444328027,3759308781968913,-1737444603533721,-715054926965949,72473713277436,57738837050352,-630379013357,638401919733,-22354808763,1814000589,-66476250,994359,77792,-2007,3,1 # cft deg8 r=0
1909165179443911591,-2973015602232617721,4149333932329415088,-2356191195843143447,-6089401930099977165,-1391346808924056849,6166366185413094511,1289405568222169653,842777972777369916,-71230473711047638,-76283351484222558,-4662020822489352,1601972964040495,97428218486631,18284253609231,483496304454,10213344477,-2208985317,-93531862,4583262,121446,6409,1395,0,1 # cft deg8 r=0
333391081,1511297430,4269198294,4088954095,2158101363,347511240,-272926511,96069930,1033885728,391300390,-15406632,878040,129426634,7961985,-8979471,2781380,265911,-241605,68243,-9405,108,285,-33,0,1 # cft deg8 r=0
337163816870633668441,3079120656664006047486,13392816377365843469658,26228405940115002440034,72294445695593791625064,72566087619918189439413,142120319783931699683294,132577824946018243678263,78142861095707792075544,8077608072366226909579,-7622349994644599687010,-130436018670700219860,1076544565497153895104,18141634289388398655,-18051280561859904,6399060565432066,-182126932976877,-13606539960951,-60218367798,5583840267,90592704,-202607,-12765,0,1 # cft deg8 r=0
1909165179443911591,6332059050287362911,6673510699575773328,3600160824401686962,173658338815767885,-239232285373617216,6795470776794519666,2538177944959017552,367435500393599001,-241484680165172292,13178188083986367,314526796219287,2358780385869000,-228378157923156,-1488213023229,-789310463569,171320562777,-4057447878,-151675322,-12137127,1051641,10676,-1545,0,1 # cft deg8 r=0
3930163511296,5895245266944,275736699076608,-416273540317184,-3315585207238656,2852701876518912,9218966440116224,-10430984514306048,20344459387797504,-6635494828171264,-2428124694220800,2088110085304320,-108125900662016,-156419016188160,17051620766976,3910073059904,119503822848,-4217773824,7093934992,637650288,17170704,35772,5100,0,1 # cft deg8 r=0
367567600453943296,247157524443168768,1741754297827196928,-26097021909779611648,-50995127299004694528,39006736786277793792,759369406076939141120,-474530421736201912320,60317093297311875072,54405113238478008320,-14104344606225045504,-835238310721210368,811811558017570992,46276813909642320,1888602497921808,63017919702552,3121584161376,47958746256,1444088084,28781604,1884852,29314,1854,0,1 # cft deg8 r=0
81856,0,0,-105568,0,0,505976,0,0,-213124,0,0,42429,0,0,-6552,0,0,534,0,0,44,0,0,1 # cft deg8 r=0
81856,0,0,201408,0,0,199280,0,0,82928,0,0,21069,0,0,3602,0,0,465,0,0,32,0,0,1 # cft deg8 r=0
127936,0,0,201888,0,0,256040,0,0,129708,0,0,42809,0,0,-4608,0,0,145,0,0,-18,0,0,1 # cft deg8 r=0
127936,0,0,224224,0,0,197544,0,0,114548,0,0,44969,0,0,11066,0,0,1461,0,0,52,0,0,1 # cft deg8 r=0
7399,0,0,3884,0,0,4822,0,0,31984,0,0,22071,0,0,-5704,0,0,1330,0,0,-68,0,0,1 # cft deg8 r=0
2537857,0,0,-10074988,0,0,17085882,0,0,-7678224,0,0,1717635,0,0,-137488,0,0,4154,0,0,20,0,0,1 # cft deg8 r=0
473536,0,0,404480,0,0,3046144,0,0,-1446336,0,0,205528,0,0,1024,0,0,744,0,0,48,0,0,1 # cft deg8 r=0
247858971717579576291,-29540322307659294306,57939488223517416033,-24184693230446124054,8950530087969679314,-2198374756479572643,847849728364854894,-90596469764804598,37484964788010579,-9378039810172509,1465264218549285,-483063507738315,-2739559925151,17353681380,-319226577579,-21325387671,69446100843,2780272026,-211027383,15608943,8408484,6552,5775,0,1 # cft deg8 r=0
632352133120,3874103808000,9269619425280,1673181186560,-34510410845184,-60093362654208,7328009483840,104325947146944,61384428839232,-71256329806648,-48214450721184,38320411903128,50436877786615,10673218772112,-15585294660579,-9606482200250,-4045669506657,16887470598,2264470941761,-9398957550,21280662,-2037446,9228,0,1 # cft deg8 r=0
10957369467680097724788736,38613151375416702745006080,406076427010962632570720256,160402170303629358910994944,770499962263862693955746304,90715029911196761271172608,513312485273883975169642880,59845210270415217046357056,8685895928876922741604416,779186161676599686215248,-145714717840236949860288,3150990725103995782176,1718509653980889864787,-41386612315215950895,266064155800624629,36575392835859353,-550686873577491,1486351180251,274896523097,-2199608544,2904678,855008,-3129,0,1 # cft deg8 r=0
396958319248735611578320,2841870940727383730438520,5351808362887989963878040,3969742303910114378104760,9656176011802194886687341,-556929535823842371383394,33785348880927728924629427,-1932620359268203632371070,60077864042644458501189,20299188917847817044884,-2679801593409776833350,63500230909667311056,803896254505286389,-579041219430934362,18378239839263261,-1113214795935758,-27336004599564,-440300167632,1162777975934,13087867494,244094103,1676062,27594,0,1 # cft deg8 r=0
936668724350070431875,-497717268628812708750,-20835425091648850875,1909198994620314700,17813530997855759445,-956905445550187170,-964491595941291730,15650589412555200,71430388265567466,-14818962087560750,1110818039419425,-96574817201760,11158679006641,143569523490,137666846835,4843016810,1125982926,24051060,8688050,-136650,67491,170,345,0,1 # cft deg8 r=0
3353659439832114247801,558876793736895134526,-61245156315595028664,36486590587169995021,33898419182968037841,18668019550674941352,7612770386100899081,1715984664620417865,375435514499893344,67097963481833773,5817991596781464,-44985339573600,-362264208801053,-84813107622990,3966845083839,1950383116268,48290218956,-13085074260,-593975446,34779492,2036361,-32521,-2469,9,1 # cft deg8 r=0
801012305920,7532222361600,21159101030400,-10233361871360,-128090172324864,-107061235356672,168949195106240,222983258181696,93046474878912,-101683906672712,-71189329821504,5873096197512,21701725925815,2303743920108,-865697567679,-1535761112590,-189337161897,3507339582,119840589701,-2094101670,21280662,-453934,9228,0,1 # cft deg8 r=0
301095915520,-1259080396800,2030051819520,-62353985758720,171135862450176,-153894059937792,3534788165204800,-3576624456769344,2419102526283072,-484196143741912,-39783422359344,17731833757992,-686543709245,168098690778,-53347774149,-2433500890,867975543,-79202988,18810751,-1207500,52182,5636,-492,0,1 # cft deg8 r=0
51763764774599521,33613222267606170,8049419037840096,12894453128808685,3790281609109800,-30668512658805,2585006562094733,1697150355127290,845966504624787,191426779346740,-83511208182822,8992916490285,8572272384403,-57384477360,2443960235493,-383532118480,7497926982,1037999340,54740651,-8727285,210042,-10045,819,0,1 # cft deg8 r=0
1349437299195959071,16758793739485539,587848553518915773,7318589407811997651,-457411951000696776,-1234963923844750848,9719835086986964149,-6045012436370223393,939132783813385539,-5245393739490459639,1612283922980293185,60364482218424720,1280120921059740144,91195971820069095,19907194337017281,543414146817024,76860156274398,1558934500221,82247900707,1616158908,12479544,203742,-1995,0,1 # cft deg8 r=0
107262874630031667093421,2144795372186168954620683,13848154772361765740317062,6372414182048096870034480,-107905218592024275044756721,-92070223619902692955464492,472509466178941889937542191,419423766595462644116206959,199622917765502539648453890,75040293286249064495583876,46686329831690919673526034,726110207413245869847444,3100315193898988348609998,48730189757739131934495,331626768059090365596,-11248502165989634196,70522097430886920,-414397697560497,30553137912619,-119243705112,179273367,-10512495,18228,0,1 # cft deg8 r=0
61964955290041737732421875,-2207119273085899142578125,11974400666060473437890625,-18975819966602763078281250,1530161125472925982968750,-768094527771844465500000,2151340216003874584631250,198435420251840326078125,34272248679506579419125,-75171163629890802702375,-12444022831187773208250,-200196873359331707250,1254146354971281313731,19992298135659757677,332273899323356949,20763778565008836,496068254079048,7169813217441,496932910110,4879129689,92944026,-1382598,-7119,0,1 # cft deg8 r=0
3543327812496133042788145,22343910622089746184455385,50454049277271595639531500,12764284084777224251822420,-45016410646280297993573319,-18078107118971966375039028,20726145133607846809662760,9044803387479529829622384,1193782326748990904246022,38903284682904137634422,9996117813371975154261,930210195551372170713,33427022165684226490,2961659119784819982,181123668041151051,11848490993195120,306308945351988,-1460762559162,1704578224666,-6484954290,7369317,-2486131,5178,0,1 # cft deg8 r=0
223801173520,375143762160,-235553701080,-1023552753570,1566757385271,-905657884362,217268092741,-1450112283,1204790049,-5800409541,1715432094,-154242972,74829741,-5181183,12450906,3111129,1794123,449811,139582,27594,6153,801,117,9,1 # cft deg8 r=0
109206215864320,-2990564816547840,41550221962321920,-942957546151349760,27199596701055630336,23224409321923279872,4459061014055527972288,3762797587598213985600,2085461389579832961984,686877697247529725208,634150344109939382160,41376980609806616568,48652086021710145819,3414960772625617506,69700163054708439,15407620961062626,607343382670311,489214195236,1397580434971,1363621872,2762118,794244,2976,0,1 # cft deg8 r=0
873562789664441778014320,-707045182442375748412200,2510352543281205572574300,-904629852071492915454810,1568345628395692628286981,-413770827948374662292061,428325529815220367527132,36865098778819386701160,-18541496317721384429631,41705863870539908689686,-7035771810353628750570,387149373732048063894,1502142831247557862104,-218031402285024400548,8079747060191417226,-44010664307115012,2749569764086791,19712998692117,489154443964,7164062706,11148048,1255233,4794,0,1 # cft deg8 r=0
469199248970446003101796656,-49891812617457672209374104,-1356250737973671966262212,12820401606671408612906586,-410940769567156120560447,-86780054393837150305608,105306627756350338255881,2827870677830751519060,-124995841650774959895,341707423446151772778,7512580157973129612,-192851968814771508,560692337710406481,2040631768232352,-315347702512419,466145077468896,-8030614568616,-123242205024,156509026632,-6148485738,100861119,-305478,-5130,0,1 # cft deg8 r=0
63376895963687315182218151,-22069249545308522322210999,18524555104370501632830855,-7388655096253961813425139,2841066610699608868869489,-730131577486872618841056,174681216667077072561434,-14619675963027910094100,-522526563815993252046,1321340875166259663496,-278979835168594864005,34447584778474600185,4641534444584103325,-1239387837211319145,236148205839415785,-7954389925031116,-12698289825191136,238837813421310,281609289188474,-145015224564,183443799,33527819,-8535,9,1 # cft deg8 r=0
2777092914440828025,0,684500350643559450,0,104850571350511665,0,15734193528501000,0,958825648126656,0,18246982625397,0,298977014898,0,-6089073831,0,-30661740,0,-309096,0,-2187,0,162,0,1 # cft deg8 r=0
9713388492718163305897541080670576824,-1669538640065787727540145116977666048,93667288001161259437540809883815456,13144144595876600878441378269012304,-910633891877860105072576639201404,47613328912070907211894368506976,15060936061871867331792882672572,-448395726073151988544797335736,15980899388304177999059494113,5304247048486140884882798512,-132376988179431029028278148,1191272543468915603562936,1398762596639019718698292,-21576199415260436850432,107864600364761859900,2861300535000265016,-56775832242181362,61147415214000,12334591051748,-26321869704,12440160,5196608,-4920,0,1 # cft deg8 r=0
28441240068307190985232384,-7506640654476720980656128,3094462774043681361592320,-856399259755401700212736,147880686469167400378368,-9350070877029233369088,-891743100120678828032,275934801397775800320,-24755113973884540032,510981269625059840,170608848955102464,-20804436217373184,1100855492005504,43054396107648,-7631651109600,493068823328,6521916537,-1183545216,114006100,357888,-57852,17696,156,0,1 # cft deg8 r=0
10402470056250000000000000000,0,46075169250000000000000000,0,-24013291729725000000000000,0,5250209574595500000000000,0,9696484743586425000000,0,-31200305962176000000,0,1558586310482347200,0,2912097141541440,0,-491203937664,0,2653963488,0,7900344,0,6072,0,1 # cft deg8 r=0
4486911324712355556,-2938357752582115440,4572901033240650408,-1208687758515808560,4103566607906559360,172619284868707320,985482126294030972,194925967698656880,30757846711943385,49404294158044320,5194749309549300,1318320434623680,731550301016616,93956180091840,18901011652308,767899964880,328390310322,886522320,1429741044,-7989840,-25272,-70200,0,0,1 # cft deg8 r=0
14037065775564664318118311936,-10579065925192286391163822080,3570785531403240852164265984,-162559338539678799152291840,-53734334544853979663454720,25922397851495241717335040,-1328440775721720663827456,-749384744191271217884160,31936406788500831236160,11822497150532721644800,44186649478474773120,-101857756388023307520,-4034518601475151616,346090768292928000,19865896913471616,143094389839360,3168536792832,-739238663520,-251258288,-426885600,8726472,-54560,5880,0,1 # cft deg8 r=0
308355418393551684104389472686,33036940988440652551966854264,-3389591005442270625067698492,683523187448263994675571120,194291447109749153764357470,-20193989823162365692721976,1499403709047031314840436,1172848665926265196401144,104954929376061253882977,-1449601331730081511968,-637115670595896173460,-10650862637942474664,1520127847867923618,24819589198177056,412594184379564,19563757605000,-3952953832644,-52229824488,14163263872,163553688,483012,84168,240,0,1 # cft deg8 r=0
731671284653533095522139534,148173838059437527922491272,249122452803507969039718740,3632204176063534128324752,10655631629753461208556702,-1091727738650557915184376,-289366911092118399716284,-53491725427213495655928,24736529737861228892097,-2539078306584288222856,53788725714491660676,18365989763409325200,7770414356557505578,-759044590543440240,167067974929216860,-9509246034863912,1744398477674604,6853785950592,8720929319840,33817660032,33967692,1119592,-168,0,1 # cft deg8 r=0
42151475340087939732221021996046,11480627913260808376148473566360,949551375019579443848650953060,70459464599247048940801005336,9429292901434182251810962914,-1087261958335176653369829192,44773479590821036299031032,-12422418538909930201473552,474669720644632123544001,-59385632511538092670272,3671774759990652867576,-95036516609873969952,12322949058376051122,-351875432844681840,7552412233352280,31365762942816,7734455633628,-205403473512,10868366268,11699640,2445552,72648,2376,0,1 # cft deg8 r=0
104638277925899321650133968762700800,7292532078906671781954307176960000,223311113696273970430884615966720,-215038145783343119251483942840320,-10639528958586656736683408193024,-206839286904225322132847852544,160953852127775859008415514624,1612085871381361074872308224,14617589088069738932798016,64708753291414063183729152,1631858576772736307780352,12547258244792513673984,9061346620497620969664,512193548651236144128,14671893633013971072,110136129103551168,4467675052987344,152390762560512,424393690336,6392292384,436740192,594192,-25536,0,1 # cft deg8 r=0
9593130916702201234322017156,-3131730348752746388053061328,1346730354436219751231280072,-1955067973186708503196335920,1379184671336004595871001696,-271585021901941732272973704,635685302307369584478697300,-85545754880760514561597632,35183819304043622930757897,661454199737193638033416,158931982676195099482956,-6923175100703110873440,9854949691521795208,-36064359626010452808,270642096763877700,-33844912795601120,2509674160388706,13564216502568,2726131458172,16050630768,202654728,1137328,27480,0,1 # cft deg8 r=0
451910100715513898448784,-197783491034161005768192,38491303113718812313920,-5237982501264342902144,1093817049398709418848,-253657511085862783872,42366099371045508928,-4979422296533603520,564956771305696488,-75154769331191360,8407530948613344,-636178942928736,37712298410824,-3855367602528,450224576640,-30181136528,1682092017,-89366544,-3644780,1100112,-41652,1744,156,0,1 # cft deg8 r=0
10304630955056560347415561216,-3427654490374546666688323584,5216206609443238781899843584,-939029082886835851399804928,1320908924655929626716417024,-100648629212149676588977152,136137427391236924548287488,-4483704474535190828115456,5698736556058167111650880,-65944747555621282135808,78192209340042196470144,-1955118687334310552832,365155040092465366528,-8906691464709197568,127389424394525760,-1543098182017088,354075014837808,2620180541088,386130211024,2675613984,5392512,149920,-2544,0,1 # cft deg8 r=0
14941617116545440000,0,4850048916030649824000,0,-66707450373265272000,0,-2667983238526549680,0,53339804682655761,0,39508901229672,0,-7967402391528,0,-24260216040,0,1061934786,0,12224520,0,-64872,0,-24,0,1 # cft deg8 r=0
19870315528651515625,-639547900387863000000,7518590063606095762500,-19757626213381326700000,20643865634884901317500,6492404106765658620000,23092787480140671665500,6653003613648685992000,6273561412557816502275,1398329615327796353600,683133121187198978280,112074114193894725120,33495505710956629816,2871395162799915264,734373352915894296,12730916707317056,5954430207254427,-10801833871104,12829774457956,-20732043552,7593084,7161248,-5892,0,1 # cft deg8 r=0
492204128285875361189361664,-252793015977141103983476736,77338252175662112596236288,-17779383490064151177515008,3670490596565201676200448,-637797532008569864500224,88710637404099742962176,-6246392367938749779456,1524138078507249102912,141860045600824499456,17180897599850623104,3964565585913520896,156197660148946432,36810028155744768,1982651958585792,115279752067264,18597418372224,-260922447072,72043555184,-979513152,19901880,216928,-9240,0,1 # cft deg8 r=0
97491032875537347695556234718750,-2613909608190464448548436375000,553756821175604034266057437500,-108873178727528383410352475000,367079546822341030250756250,-473383879870672554804900000,38679222794165565712615000,26020237723328978190000,179420277848277911270625,-5600269471581908860400,-87075150566693467800,-16967208649028290200,1004741560703573986,21094752735348744,1591976825295336,-45957668668400,-3264873567876,-60576022152,1433566732,131150832,1584216,-47864,-2544,0,1 # cft deg8 r=0
16193441779771301980505061376,819342758598290659182796800,45265709587035838355417088,-43404267743029997073776640,7165168295982842591347200,778645529357233504896000,518065257807298750669312,47140747355047027714560,3897847847885986497600,605001205541667075840,158243112201414360960,7493855459707307520,1999341292517246976,106255961781713280,-751477654930752,-338463979899840,-6034917518208,228914998560,10045176784,27077280,-2262312,-172560,600,0,1 # cft deg8 r=0
62026552304968750000000000000,-2411743335600000000000000000,48011931585000000000000000,1019829546410000000000000000,-39657080095641750000000000,312733761918300000000000,8386775330774365000000000,-120791572646931000000000,564216509648601000000,16048270494655534400000,-144318471327481920000,-1476319618771200000,15470710476064369984,111484961077445760,502185064484736,1164470151264320,10516115047680,-81075703680,41985572992,932586720,7900344,294800,6072,0,1 # cft deg8 r=0
2641868304058467866083145728,556658596734722704916471808,30593917089972508395571200,15901615760193174650212352,3742701355236846668570112,-598754372495036093955072,44723871470509556768768,5918818811788569977856,-1136404038599571238848,114734659917235000064,7815198576216776832,-1833209595454330368,149108364958974208,2105976680655360,-1105497418553856,157287524742784,-990571507200,-223777471392,58993511120,-3063997440,81038088,-342272,17880,0,1 # cft deg8 r=0
305673566447749517712,-262192447574157749184,118650597639196735872,-289928962758063038688,274678988112006444792,16937766637253677008,157855883840398963872,-16236765884147787432,-1955797041957294735,-16617157099312387464,213219482979149280,-1600185121597656,875915498885325012,-11313194028354936,72879880043232,96700378335624,-1236384263898,-4935709080,5263380000,-12066408,-96228,102600,0,0,1 # cft deg8 r=0
317121967998419641344,0,154351316059291653120,0,269928615560962865472,0,125766457980805077408,0,-2126075790856163823,0,-576874069654176,0,875544075477595836,0,163055877314400,0,-1237297520106,0,3389208480,0,-96228,0,0,0,1 # cft deg8 r=0
384738756821083032790448128,256240779667059782425485312,1138770421796852844589320192,441954212010629328829706240,985313855000816702014545408,269375352293482837798468608,323943963170488205745078272,47759599654734321290990592,38100379424969725156708416,882385013768433024756992,533359610721611254638720,7448454900494804233728,1953515334611191591168,19844681883864857088,-11997171492917760,-36719847860912000,-359618787611136,37227747744,1310799318992,18786130560,81038088,2114944,17880,0,1 # cft deg8 r=0
308390350576632789924,21962325690610904160,-3461119994152127520,-8105174026635460320,-221662949088655908,76923197647874928,83298412436324688,-494015878904112,-395532246586023,-463177131452208,11850666631920,876673576656,1528015224528,-48845332800,-1522047024,-3187806192,78421446,1574640,4210704,-11664,-972,-2160,0,0,1 # cft deg8 r=0
34460108909226964812578406812465152,118854253265004402441128170881024,528561702654926878320123370788864,15750110862346607746019348971520,2468212402590386895580363080192,142518682294399294825051450368,9153973929305282085952127488,465888332696158324679265792,46264188409299844281820224,793990408192376836131584,123010688680619269324416,2117534459792338967040,99311474966183209984,4728316530357381120,-380249102147904,3278334873331136,26163493218432,-938204193312,31607008816,-965253408,5586264,-375424,3720,0,1 # cft deg8 r=0
213815264279798429137528654,22166422698782654485010184,15774211491017433561569124,536799933214134296031496,248548061762398055672106,56362418444809883106648,-115101566005448892040,634766888645421750072,124127883205990489449,4436793524375430952,1093782900984356424,74068633211950800,-3154397559671654,-580216349359200,-40318653184776,-6805125507448,268619813172,-1900150272,1900504484,10755528,2326176,-21448,1344,0,1 # cft deg8 r=0
318242572727673128540635273,279000797483847329915273760,72780505196018731341502860,-1354063328981369844329632,-3710701219962366154515060,-427380409862556251105088,76886777812425336976052,13541845020502453002432,-380567744675930964285,-131658609115998678784,37340840077346944824,-1384171269431545728,107131369160082136,3733529386054464,-336333728909304,77034676012480,-2208723140421,-151898354208,19222665452,-953736672,15629580,231808,-8172,0,1 # cft deg8 r=0
11837114495068934741052418866436,1086153111506285897525680173600,-74902153745794294463202149904,-77937938385135776742514911216,-9227695507578610050386525268,7396276072050919266381792,198848213059840987453580344,29490766123717670128612200,1925340281687524689880425,-30167717834716709125176,-13546460027946626065944,-922563628899155870472,-3867574126057330512,2201218452171908568,106665267838164552,-346152073610808,-31558908319434,981865539720,8590209496,-149708472,14070852,-23208,-7824,0,1 # cft deg8 r=0
655379221884470035878826782,-5777637314124100203265032,81821136254699417234808492,-6059787283469827130978160,224788554424008972085374,303171330186849949065360,-29435504985645618675564,2017279523336385408912,438002944028888966217,-33069350018178670896,1419317943475429116,59899608495703368,51678629790381090,-4440890688075576,215395437730788,4417922709648,-613078014780,24014513880,190109808,-48231288,1666980,-24696,0,0,1 # cft deg8 r=0
54555798004952732875451996366653360184,-10366388923351676627013420746283030528,6228360962737538743291379800333214304,-2695092383982788584007924912641921840,881428476776902557674904587410196292,-5145819707464139322043608237458688,49398440848756941024681055524720316,-234360158735276399674341100403016,10323941411811933068897593099881,2282507107682141770316824533128,-33820733300358010106021576988,417963926020317922605616776,44065685610958418736463316,-912120593945348074581480,7002529946908699137228,421929574112374133544,-10096051751032826970,-102303275557608,3909310812163516,-21230794872,8209584,32198792,-4488,0,1 # cft deg8 r=0
92139806274690225131374185908751326,176573434817192139976253308777739016,84903413543354299795666120744433964,-85095128926277692935471459791843976,9849788540193941455301692004119722,-87272563455192154232484425067840,2367956359646649121282075943248689768,-15702056514534235755465172658757072,607317576232577603744392293031065,-115056716218119960833248886307648,1389336023822214913882333598376,-46878106454953461443081957328,998870948635679206019829274,31976122392421479288097968,889194732897866863469832,-242355884067885287584,-1258964489367757798236,688195951957626984,506943227093601988,-279703295131896,80308385136,1423826848,-379896,0,1 # cft deg8 r=0
5474930253166726740475614814,12147669213377465441931509448,15636860960723774011209731436,-20061091117262532501378983448,-37719761367301065540788569686,-1403865257937970008874190112,25368868827148696340274823192,940814437221879348808995672,147581430775480329277050585,-45422921496940584492395904,-7016246508051675342657024,161548513749292441959288,89512462332396395894318,-1882891926461313864576,-21014590066822670256,2389689340086325656,8430700281661140,-582816983171832,4968690982252,266722561104,1904460084,-5572624,-38112,0,1 # cft deg8 r=0
853971166281613929799776258804953744,-7059755170705318878277887510635520,71819912074639260251027569818146880,-618910024329696928428392983322880,2005491332154415923753614253071712,-18623348665040226966662921682048,18534634808523955230738313295168,-209730702782848095787115016576,-1347290391171158344291708632,-508325598092523138450186048,8383912004425717105952352,-18196892825077643709120,419654894797742529480,-22957460442748564128,576600936471648192,45827055641271520,-1006044162911727,6323209823568,-16245127420,-1685266176,15195996,-689392,8652,0,1 # cft deg8 r=0
11535744065868945197062397183681536,0,63561619553318911333436281684687872,0,113374606169865343413110530599292608,0,52706989662904406767061911656972960,0,1667362670996584502044113077624625,0,20643268468291124800015890649368,0,68761680607769977174612509540,0,103847780442273161594993208,0,1094357290517360063207286,0,3229585547242256123688,0,2034974710980,0,2852712,0,1 # cft deg8 r=0
2752888212443552723617451041334157968,-1083563770064155868567181522235213440,1688023974733259587855583011950187776,-109965069197214671269593636090923904,398176857848449451396282717775839616,487575870521585528444351946451008,45280753222662736100486740721368864,-85055044720801015107064880671872,2366406214421464482695520784863192,-7768584773302898758530375072992,43985571073270854037580100545616,-237043329385895637446721128736,152898787907029928811161839088,-834605369489120285656353264,1206265449409904908891608,-53125036198599877915360,160335416516277574017,-56486336678344368,5378496195824868,-5017539466704,618877188,-135555856,42804,0,1 # cft deg8 r=0
57600641554285757057078903078098943038,-16616995968091081959196660479637034136,1420875629322991064325096380466599484,15851276682021588264814475457178222488,-5030502820402216665633871870127271366,531231681842328116102282577556524576,4838497553209977918281827674263842600,-1490111520974105486259670629120378600,147133267091726498749446110071739865,3964387942763356591817878355847904,-653685667504235482373573006691312,-17267986461607014489158535843456,2330338035958529297879084775782,62071920431646008534695219608,417615667029904860872217360,-15238102791603802300821080,-214746091962708299592924,210224746964439742680,30668283737341153124,-28808050143158232,8377616193372,4075998376,469080,0,1 # cft deg8 r=0
54825208804723459862593051802788864,0,466817756209395749844962681281536,0,-325252134351667469943336602002752,0,125595643729667501522023345121184,0,924504537180163947382251545265,0,-106404718342712106174736237272,0,4784069205092833899878523492,0,9214476247995417562538376,0,-13228839913465775370,0,415234384012440,0,2034974710980,0,-2852712,0,1 # cft deg8 r=0
4376874869586697850850849977,3909257849123180081645759184,1312222350036007096248878004,198521965390718682173044192,11786172487050431917284792,21843100993654477743456,27658588665003601370972,14639309660590756540416,2025531381973292880903,100049320978565816032,-2322134407072750488,-773371178924872512,-40843499816841728,-827739014221440,96331118447448,4777104189696,276860270895,-3027350064,-65245596,-28359072,-72648,-20320,972,0,1 # cft deg8 r=0
2394530616386642669964432087053952388,1443042323657452411469144676865794432,551183541429488102643221825931827712,-7110042114508207245895891964660608864,-2505030247272954055578659562692381700,-769424383059291651104336227649902128,5654624005374290712004608753133140192,1041549771759128386203609513124308240,437765927775684664469588058385219185,70580308336996980315388524771688,36999059199542015616735877036176,-347377257898687011293687741616,19375624225573388788944928224,-49600653081435259141963416,705399482192788193865768,-11854126036065471695152,76814544386144223486,35372378987195976,29114048658488848,11964396864816,8640620964,320821688,122088,0,1 # cft deg8 r=0
612626929019543826682741682104,407308655287995477591856247328,812985293595803052216904791984,122162258257123808647218832400,81868777446418756229870912364,6103763086519373406057574128,8297014516796162969725253452,1231103322324152441337267768,-677750625408555809685120735,212066333684992859006735720,-17003213421608152205597292,-7868231917247856329903376,2632267472784902033190696,-475684700904331633564176,38732062571013378173436,-311549418044332964584,-90025698817603135302,-84366134754714648,3633915611111856372,3413152283799840,992937545244,-1196023424,-1392672,0,1 # cft deg8 r=0
86204661881361484336379067589729124,-128042769335240255398582132865454240,56242697195193591763791332586031968,1764123498943501801886621007083427280,-1421849115313105530370460343001051260,53895287407309563857881760585106768,9292655393161087852183476413206290032,-332086356708963377258086175292839208,28405833931492024529685081475719153,3315670914559099486040070251673072,114965235877418763240686031245424,1265083457265406281047704965432,484470465661824406327166885472,4571992148208162089443532688,76961049348195813730267656,20216378747498606140600,5779073356650672349470,3060210516791305680,137090141653926896,57176945954568,25492623228,-502291328,-359208,0,1 # cft deg8 r=0
732884455957549164685633737906494,852680531432279374557409538494344,448575345688550764521772901078604,669451630541640358759839798991728,459686271045551374058532976991046,152703834750019036488870753021936,167001668266168328551072070788588,70093576797829948942458677665896,12654968444114649047200569216825,15664856325285620671728044958224,3480745728593909666696403474060,-46368854989859593871774596944,649127498290853075154318102870,-8283058570031183856071779560,25711676142177851364267396,-158274925818934534168424,2114501111666679768132,-6566142251024706456,28487996167229456,-405654430817952,1357711990560,318127160,-2157336,0,1 # cft deg8 r=0
33776093236807411334597690793492975716,356552104880804159479316289783926016,10891171612032798454034810002768408320,-42814120899955585986859988535358655968,7120989526354298216341411069725051156,29374098340923954951675578071995312,14873693630510840153949615036393982832,68667020109299568375845252110227984,1487007273408060974316174329986161,-276179013111345981009508533549304,2075327675897251193116699439640,8708002344175405044515338368,4610885763659094368739521936,24972500781681357468856536,161221332160114807099536,-522253584403313346992,-17417804488612233378,-68274982954003608,202098438524088,1640825489184,5240934972,13275784,106656,0,1 # cft deg8 r=0
263079307862048213644618289680384,0,33123837570422078295990909757440,0,3022720740229201644006869273856,0,322935402136501977161399257824,0,6648079952404785776564083185,0,-245634662619829790736403104,0,735825950295633453298644,0,32215262145601384797696,0,-377983425324812909610,0,1530676888841786976,0,5416359688692,0,-4654368,0,1 # cft deg8 r=0
8741830854398331311070813890793071680,-13168272472690821555417643512754383360,11097515844753635900688502859728542720,-4732113315112795733524832346550499840,2512874392967213376523833246739929216,12336102467048946730695184290986496,700979349494631123546502765317594752,3377668249285679845953543082504320,7145239296148463446326269941824,58844552958345871447660428525184,230911952438329372383451031040,340913795454270820237746816,1493325436159467551041774384,3508241362028524990145088,3107388165036125458176,-1545817175739330626368,-2460458476208046384,-1332162384273792,698484550021424,698836081584,188601408,-24855088,-18576,0,1 # cft deg8 r=0
4439213896560108912515963987500,-4128355210229411979417317970000,3193434251340656859857279358000,17694437160736563054903679458800,-12866301648599021031773446249470,86207930569004717380311072720,19957529425394000412405190308880,-338360455298452292102801484000,-173800134151336788560713933569,-89045518640231330485058663200,8061775040554198299345543900,205857226264203501139131480,759747262956715285662817786,-109344591772313091848221080,3965233820137762165763040,-182280404084742778081840,13393391279658687461556,2485947028893791040,11205119130208876300,2074997356573800,208626374916,-2576455720,379560,0,1 # cft deg8 r=0
28275159659309284353638400,0,99045973789581035490508800,0,500797110488944082036981760,0,638506408357303674002472960,0,7881186949910850268532736,0,-204147861361005193666560,0,1305525689952400060416,0,155932553667363840,0,-305267077828224,0,230261904000,0,-1329984,0,2160,0,1 # cft deg8 r=0
3315116920907321162962954870855910400,0,36784370412279367575154991332992000,0,3020611918970173322834860104365760,0,5203874228337132177133841976684000,0,6849409360889931808665330858321,0,11779689670963036145804676575160,0,1456833729841697109194613220356,0,9127668216681642980960280,0,1514111311513747552086,0,63562987945395720,0,523307556,0,-85560,0,1 # cft deg8 r=0
1178395702044381360066973410880,1566896998558936751213580349440,948116442655463062119350123520,146809069873945747864828294400,-123879857847434890113617881344,-15008679118525473109684410624,18367288175732130704376392960,2127296927303271431753453568,170300170329100799027190912,54522358603857138958558976,6330279423644621258366784,606275043805351404182016,29765724164305475149360,3864665128953472045056,739467437685382882944,-25470540567783164960,-5067259065390405312,-2659375799783136,9093076906293824,4705130615520,950269032,183800512,38232,0,1 # cft deg8 r=0
696522910406685979298656725558180,-222468599808017985533427336818160,31443277351332917454602424269760,-2028802369466275615415820214800,34548752887029015684866757126,7957423157054458845907241352,-673251018671972469530443212,13860629233110636020214120,2287087962584900921882559,-202890259140191581530312,7506300804247555519680,113192592074035257168,-19913651723720186946,666431494694808336,17133405262142364,-1902574978248024,71169710645916,-710457818904,-1739141064,-1264238928,93379068,-146376,13176,0,1 # cft deg8 r=0
9643774096328066751819665659310080,18838088116419734675810419974144000,15016637159905793954477484008816640,-69795571634604272446974017781760,-464040662057448707415399001473024,-12198885751559601589566252883968,3599802397230078017477798432768,225308036035902416920419409920,3366353613561594834566191104,-1361861662939294430319741952,-115773841225104022325437440,-1695222967614493533622272,934724828963128732620544,29750586430743646603776,197370706005577004544,-145210128017347280384,-1932765201577966464,69133214918016,6453492883732256,-261556214208,2703168,157382704,-3024,0,1 # cft deg8 r=0
93868578254587243023177553755,-7188315271784715127278637080,8483984433650447093555386740,6139208482569721265820028920,231755010624972738187761096,418463697224064266535230424,154118425111387217969482080,25324556101483152509121672,4954636729382828300505252,1968962192763622923042144,382479428491668959515344,-11975011723582357039056,13884242620406451700140,-388591683944886512856,5219391253782622644,390611545888088880,-3589327562650812,13878662495976,4633953518484,-19366275960,39799872,3453768,-11928,0,1 # cft deg8 r=0
31398921642908925748959974500,-246933730660776854269236000,1371119656465290497575995000,307461668069251177529018000,173914964416839888692253450,26253155513742206953694400,5953015704713453102395100,890111707834198210560000,161363537815696836877665,13888137721425689500880,1519470798512443794240,143463433624654087440,17301741359321604676,1347152760571810752,26443652596210224,-5869214969113088,-321144014062278,2465721952848,594520317224,-5013875424,10147554,1557184,-5868,0,1 # cft deg8 r=0
14217020167012457461563469900,11541317865790153846486386000,7725730105044028786669446600,426246300779820997637317600,-147592406597909427601937040,-5974853523924760956793800,5086879456361501768991140,168803154720715279521600,28158898640359641955641,-4111676341671191915840,-33914013420047328780,-18150107570040021840,1112641654655292976,2331035100960000,4074840132705540,-136274412538720,6192533707866,-130203013680,10936220660,-143479920,5747616,-103960,3720,0,1 # cft deg8 r=0
67318162384086324703924996,-51929557243132217466618048,113730948791450925069748968,525826329005750392042516320,407134586804927681198754618,37634343994155071512924920,185190432876617244436801120,324132256507501256120427600,136031228443438043331206655,-13357833377701346188227720,-17486474001450000538700556,-400026544937210097776952,844225293395926989584862,14661574245332576888400,3918130864449551163432,165283591691545466112,16874130011252370444,252686173795217496,17592578523426940,272687456341896,1123957073592,-203502936,-1737984,0,1 # cft deg8 r=0
24233143337473002198516328943680,8516409839367517213411916974080,672336874430324784715492270080,-120218967026521659280740945920,-18797679661563124116926536704,30995092692971706215947954176,-1515473972972379233968554368,-1793324178458091779943916800,327241512862807398954776064,6290429015923705389138304,3446030968816880880914880,-545035204863051598174464,-10230617867257851103376,-4533830006220921171072,831576062578722788736,-2209643465133219968,1000487748181713696,-400655209038912,300583523435344,-192705883296,63465048,-28972688,12984,0,1 # cft deg8 r=0
3035212896018718352198073976562500,8433251431666343288834323875000000,6674234323995057998208803175000000,1685840400425478974462217012500000,5891698427822999382094316624812500,497539987964616106285561892250000,11178147587951970978892654009700000,934361077322577144040760620350000,182879802683738993178651931466625,-38198254558940045562090282235000,11519814691991489774713931348400,-253496939547554870718900740400,272645727615704044684006523776,-5488028521530412143263012136,249218403223892671085983056,5925332652168086175776176,287954119583328949757082,-25595183222089857864,178033545257570857616,-15784511348260752,359504756604,24547273048,-1166832,0,1 # cft deg8 r=0
3868419516350544176643523194880,-1926167909460415637283101736960,324870564592521414073011732480,-27881889349326295285388083200,8201982988676261131218640896,-1844348854112493546896326656,2917065444391507466981097472,-945329548629741218429644800,66217493685087984465506304,17969948396948891504618496,-913020622244779580789760,-393442060222289611892736,-962523751206067574016,5962546689040742579712,61866046834198615296,-12277076934256676352,422740128376947456,2166438345668352,14119639799975584,66450767454336,112159296288,54213168,486384,0,1 # cft deg8 r=0
47699663458843735218062500,-54455282261713507875000000,72208546816177517605875000,-21025046895160600093750000,20337850920562132920206250,-3230416657142181990000000,8767711084270911534437500,2575802950704473883750000,1465508576871992956190625,1251323078962973372000000,462989933581060057875000,-17338830424573000500000,77805797876476381772500,-2701122632735373750000,18224942719009005000,-677317124054950000,10612447665968250,99561356280000,1636768462000,29204850000,72719730,2846000,13980,0,1 # cft deg8 r=0
12801266219029927518062500,-83573995674764721937500000,298290850725894811248375000,-402631746788415805256250000,419269089924833533785206250,-530209136551586547071250000,655980495118121521951937500,-70513132403619619195500000,410332729725680791742690625,50751024450850920496500000,124776136543535325006975000,1997874003296313216450000,13569206413615153603372500,217827450887378633550000,719972507569385115000,-61708735264377060000,-411691517394891750,588791090160000,61340806294000,-170225424000,70127730,16596000,-13620,0,1 # cft deg8 r=0
23792744556870668690638166080,201091753310681198315461079040,510757795679449750881775372800,693302335683320695964760627200,3553870212361866348129555772416,1593130092004297012283510738688,14098828103476542328751666958080,6610089105562399355805547873536,953718793774163395740770591232,395576038036409232233536467968,95138690005487144444369071296,4169853509348625802442606592,2395950095755347536721468880,125565144059269060022878848,1732078940136020706266496,234065710082941670529280,5880244614797027422368,277582268351894112,6123024036667584896,276425146417440,303224695272,-1654921664,994248,0,1 # cft deg8 r=0
693620533287528832598219980,-23988129194979929069425680,28131812531123877292614840,21551859657736591866578320,-5270753951995930049671824,681039854753189152169592,972014787358528535038108,-2512091369534440704120,34060673627596643230809,453509742220345284088,72569339559093417420,9898165389752328168,38475690025658464,26482994540742696,522230665108284,4075669130776,2981335499226,-58750483464,999560716,36827112,3677328,-46976,2616,0,1 # cft deg8 r=0
1785088068005967001116138102345280,-86042669739898966249011165120000,-1018516055046777791075305497600,1273338410108471045144353687040,482640374348270884992600576,-859273771593036326890215168,388074528886458491137146368,17628607703340831782926080,470695704806998206572544,37512330118322766854528,2337060506471130970560,84529672172025493248,2919869951721166864,112160893698755136,3763526912950464,2666132756416,-5780989754784,-337100668704,-3642820384,95692512,7384968,108784,2376,0,1 # cft deg8 r=0
2158616356344579167667805798357900,-3377269299241610843920486685734800,2418325319053080606049267467132000,318930561594007279595544399704000,-628809323628279437312700108129390,14018622125193576186012453266640,41768390700913861378919466132320,103397463614646313861981583520,12031625536076046750189382431,-97277368475302689638297389120,-1505173617629911240161911700,-7173980923724641269063720,85028528789955148706290126,1380597055801406656394760,7380450273658646496600,219920162994548994160,2039635115954746596,3856634040496320,140466161728220,296374065240,88061616,2035000,-8640,0,1 # cft deg8 r=0
6009409683495160312400097280,1685932709393955134034739200,304029283363369457394401280,50421869244426516286504960,22177676080571762645876736,3880931093185905224736768,827092407419300956049408,107605552796158482432000,6597838055069496612864,-693853380302518074368,-122293271343301370880,-5529577774256898048,298403915344148224,28048043097368064,518075279230464,-12367686382336,-587998871424,-20658485376,621621536,105960768,2703168,-67024,-3024,0,1 # cft deg8 r=0
1999441352657964064836180017934400,848931026309669314972197962496000,8417273615053518153157230663440640,-2233310293487574304987016079175680,6120300729610606567084575194466816,3016463704810001870351627010816,1930194760053559470274609105216000,2454360040684838018747883431808,542612127164677453751832940032,725759406053665930561956690816,646209550801030537409206464,209271874005503584767478656,436203371265497385255502800,-3738227634423229238913024,155091809711815490062944,-19739366017188916665600,162485291690791424928,-211966644977918496,219566700008609344,-310815579868560,241203483432,767792592,-959448,0,1 # cft deg8 r=0
5841154887154077894983709798400,63992466761583027445636300800,54943854698831433662506844160,-5453384724670433153146716160,871021351950558743388635136,-110422300941397599924363264,34109338577143505326026752,-2337261609577381655592960,112597661657552520812544,-11078118451461806457856,6427133813852414100480,-255812165789356744704,61296164105752555264,-4730692398690281472,70671774199620096,-23758037221810688,726155911886976,1358093409408,2542498425824,5193286464,2703168,3131632,3024,0,1 # cft deg8 r=0
4417383547104526663201407074546880,276855404531989436540831644047360,3094735581697642370402582004480,-3392417737106450932897272522240,-214443627960276406326833195904,-2936935273776052224035844864,2614056600528071432242948800,169550188399670630348838528,2576271810624657316924032,-585491828306913989187264,-32337188179817948775936,-262601474398794434304,111792453830567913600,4721167072909017216,-2775644849880576,-366782574841920,43806510743328,-1025578125216,129489334344,-2208360240,12751272,-161928,3432,0,1 # cft deg8 r=0
7507733984650012840176844480,-10115923866708478657052328960,3068235368130566775265228800,28522824812010536899761923840,-6426576200120241716359250304,-1743304615511366403057825792,53366755549780563242967829568,11407424050170397777323640320,1742416687425093934640333184,158664763078337517227661632,13066340136362949190529280,716512884798761116301952,38950602474964346521984,1532335707945876365184,64134464871055482144,1607627013454225504,51153960925010016,645904654516224,20136406139576,254952942528,2130389928,-5351624,-94344,0,1 # cft deg8 r=0
29553763965665957742240000000000,0,228836805752404226448000000000,0,-93928961460050069258340000000,0,12666617119858305516039000000,0,20659839190681358248970625,0,307916061423719216895000,0,1810278532091668761180,0,1062554697126118440,0,218498746739526,0,162722397096,0,94626396,0,19416,0,1 # cft deg8 r=0
83422263902856556769680,32386584769017364824000,4134920128067767981680,3159828282161307724640,975194771765666226036,43912608708090932784,102946902405516348572,50876388799681197960,7943665973010446169,709697433835877576,178688026502296500,30607484335162344,1052898932952604,-38017501308888,12790162629756,-4039041184712,-913071833874,-3596176008,6308390204,8171256,-13752,135208,264,0,1 # cft deg8 r=0
131596071165080889835887401823434956,10327287830205968049931536946608480,612112569869430129940078798602216,-21384433420343545733466272167764320,-1597984659620571568673565591540258,-23822039633828882518727891018640,1356577400453721459342324489684092,5100473485533367198372008234240,1147937082507579109458568950063,-1521459739364881502774662907360,33098813627121978250440339192,1031234423531074570602320760,925034439319501675549633138,17787801166066990069315080,110631227326589832617772,439520381390384982800,6210039679848201348,41811740398174320,-2990324199448,-91833662280,3654675792,-8046280,-125664,0,1 # cft deg8 r=0
342229839083104813616519500,651980911030719646257972000,795065371124413907126464200,539929680542947081704947600,128637835493208932232765030,-41587425021536341844826240,-20087006157903771160583740,1845340658724984455634480,1523803931854208685597231,-52212679601086682926600,-42478389419636060537688,324100169657728527240,605943985911693233758,-7140234141057601200,-223011611895759876,41990769715925440,7694770365617220,-2161200453480,96335207544824,-28854318600,11587068,-16192640,-1128,0,1 # cft deg8 r=0
120972335297914962638833216,113455703625456064750666752,124033638905466954435237888,29891828748828201191695360,-3021228529535699596912512,-485044974434008667381760,1089815547251679884209280,115047965194624061539200,3529736587317519869760,-138002621379005511680,46500576249689750784,3650756066897862528,-144784922183385488,-13434886674946560,382963917831552,18777808195712,-2649719545776,-62413905024,5992429040,109710096,389952,144224,1776,0,1 # cft deg8 r=0
116665573543414541246297190400,20611458851676092973787545600,1360408383031884404323368960,115010994643366355095224320,-6688399684288863863291904,-1911280735508201282543616,226402494104036539707392,38431603236393291202560,1893569844265546881024,499465376893565520896,45307655500654986240,1097207381691408384,185632626619166464,6534118679980032,232751167566336,12168502455808,1917538644096,65566564992,6454982624,247135296,2703168,148528,3024,0,1 # cft deg8 r=0
29077082912840320240227025,-18479679774145636033352400,1021934431254086922574440,-15954325381242425333417120,9208032530354332615150236,589562380415939699011968,2022821916412736250834428,-1362432220366274082549360,-64829200969811517271956,-12589601728820184401168,64120188760124734481880,-19944412980166896261408,4560303219776326726534,-417237602532836306256,34065275448647493144,6452684215426761344,-1818764786012381604,-1949929032866976,35356672960628396,37881844628208,33119327448,-14746384,295056,0,1 # cft deg8 r=0
56040733352622816667797729280,-102311566345835258376789688320,108880706708588144226825584640,76714239933528150453444034560,-898881835707802824698122911744,1095605779468395012151732641792,2143770422338340783237557350400,-3698681888568922149721337450496,1366197201115008204579219412992,269534771872624960665408340992,-199413019051771981122379828224,466667246604056021252333568,7423086699055849586204578560,-16967476584921723844474368,298577323235974770233856,-2925165015351111202560,91050981822553062528,14970089585432448,6919043800011616,-494997713280,-123876288,-162544176,-7152,0,1 # cft deg8 r=0
141427300800287032635516566080,-244017470186762847681990005760,328458244577800707826725093120,-231798104979599066997618347520,29026242422691263788751437056,41911783598474977136193351936,-8391029445785593450793246720,-9040720041339575511990678912,3190635789421804286921626752,-7569275269344311615923584,-717434299981807200565056,36320456128820147024256,235000330770898052880,-6737989279020603264,617875145949937824,3453283897980480,-83057215790592,-6285396777696,106953622144,1348550160,20358072,-73488,-11928,0,1 # cft deg8 r=0
214867232830291309130447500,-53884977418580933296590000,262128534025348864263888000,32076842068240880666826000,532511442921681333319234650,-33220043002095822553780800,501028172571885088895012920,-22452869304947943163998720,121640829624693136727537391,12941367861830022119451240,1596541038105889291245660,19485895866162710226120,108804438101737150856106,1417095269877864166560,10749628314721194840,-362397511759342320,4649411703581316,-837118911240,3883940377900,232646520,6841116,-3554160,-3720,0,1 # cft deg8 r=0
3294097293474425490518422764513796,-2149436773211398007575991280932064,586221346685661486473111967436248,-77880191809602191436504141307184,8502603876733457832997096500618,-1235204327256848533505554455888,145928658894757322845307326876,-15680574867594272239971774720,1577408515886346253230750705,-116853891670515454467839072,8935729799489923147605672,-564066748372140221581728,26431341886453230492016,-1466568230147836237248,57884713137672991056,-1304827431124415744,90096553146612834,-129456892920384,48934461158752,-87603713328,37238814,-13958768,10740,0,1 # cft deg8 r=0
98356186899336816230400,0,32912425310284440561254400,0,-615027883165263722305290240,0,2580870647439528031408619520,0,2548553999803653631592042496,0,3397625486177117392916840448,0,991250243784127211773114368,0,137328487603581743456256,0,-257753359995359068800,0,120559046255548416,0,288124128,0,36288,0,1 # cft deg8 r=0
100691155418714543619883955776,-176664362998117792491524606976,120829400899049122204047593472,-28575801295161045320720437760,7806388339522841753020257408,-824167909755642849980682240,1057048264841250984845006720,-116667872606471251653025920,12663012612712827883947840,-980307275936765107337600,20169620591145017654016,5123786445463651150464,1560088329473636083312,82565245455650820480,1168716834464312448,-77416013305013824,-2273672507290416,1084897608192,1055768437520,-1578136752,389952,628688,-1776,0,1 # cft deg8 r=0
132585459002226208277054500,6970091609633353405476000,-41848233342346100002437000,-1698915489419382273194000,5796418290979638492009450,115134344637503539341600,-434129644267761406833700,-9794712168369463190400,32624932576453342889265,-2778816259572244000880,-1106955389614840595040,164833541728241825520,13379279629875032596,-2961062020879479072,79663966575700464,6315823970050688,-343579324266198,-2851339482288,593747888264,5153998944,10465074,-1557184,-5868,0,1 # cft deg8 r=0
-4366631,60708408,-343060128,386786192,1073616306,-1742857128,-13257716012,13517788680,22295418453,-35010496840,48248868,22690444536,-12627951434,563834784,1478733840,-414803104,-9996966,21905856,-3789452,166200,6408,11624,-1488,0,1 # cft deg8 r=6
-60130631,-20985852,-1950318018,6512910836,-41838737988,70827506244,-232949161880,384403494600,-210579988059,23982021068,23990177370,-12936906072,398736604,1692570864,-299311254,-111694012,32832018,245592,-1415450,126024,32760,-2848,-480,0,1 # cft deg8 r=6
-49267021572796459,874664159406626196,-3395470953702739743,-357091955095404603,20060680245616795521,-23391715776395358087,-1793308695399841396,-746307511124495862,-87807166378921206,-7616717170421986,-1618783345416078,-97590099661821,-14406075367092,-1859750031660,-23097785481,-5318313557,-231108552,30914541,-7984494,426963,134028,-3264,-738,0,1 # cft deg8 r=6
-156682778965128584599,923642665542134569932,-1268978681650748991957,-726871609383569185538,2411121311982174727599,-899612805582714345633,-863603305910726461750,495163147551127046820,149378516098931450313,-76378484837860178339,-19106724351171386058,-191453318726120532,34852367478580253,-206001577192884,8620889394951,-3048466936514,5777176971,17322089850,-411576697,-21257511,1636578,11929,-2034,0,1 # cft deg8 r=6
-12712623435753900961792,4503128634551867916288,19617216702637192740864,-55219252918510395129856,49519312727152800107520,147011859711120195090432,-441158645200778354870272,-598796804631917697361920,87835236734922065169984,80287709405363256190464,-11447206332121884264192,201795129884176706304,49844435455647541184,-3875220442444358784,-15360345863158464,11568783436598656,-248534129607744,-14932694117376,484518292864,20724118752,184861512,-1135536,-11352,0,1 # cft deg8 r=6
21846950351086,-10243998670248,-228934896892884,-347562968173344,-165198070496298,-87526957851648,-66478296191916,-19257951979056,-5609867867415,-5189417029608,432364536156,-576655191504,48252344014,-20252334648,2029835556,435511184,258764148,123830352,4408472,10400784,-722232,255544,-16344,0,1 # cft deg8 r=6
-140327352693248,-7331772133367808,907583768985600,2106756528821374976,-231708498567098112,11273762130070358016,-69092939859938215424,-72843047213450088960,-16849095669425269440,727560948054362772736,298319447355059534976,-10504532270163351168,-30705955469087796960,1853481108151714176,489270526861158432,10464807796977152,-10406774575902768,566611252843680,-30151423495696,3247300568016,-8039745504,10342982032,-26195328,0,1 # cft deg8 r=6
1680330986600103515209,-52995634967047348249968,124820738131781801144448,5508662333252076922283248,-13912868713817343438799596,11730682424878515103788216,-3587166533403156114358780,96348564487474692508416,216579144307812248125233,-38733641108787674187320,-35831274302242854191448,19075009124116616964840,-216336141641015060354,-603643227692976720912,19462504023840478032,22215160376590424096,-728534919904411740,3175749889893792,36934468825596,-280162084224,421993152,5995448,-28344,0,1 # cft deg8 r=6
-5293645134040267778032384,45823078866415335327308544,276885429771585487393446912,-1307555820796100445058596416,-2183089564476992260663818048,7317819448136058362951543616,-6942044474077538834081626896,-13688228393359950529719331248,11991979699216832496784910832,-2660526284090202198520374164,-19452073555262644659697345056,-895500610608381007010489424,416996352192074704820055179,19837277822160421128562692,280474634389262265012024,862389543358275048853,-1377340919566825464,-19235776750906545,70200067204948,641200486413,2604257577,-5137624,-47427,0,1 # cft deg8 r=6
301179904,3362190336,40236829632,6478610688,16043446049088,-2851234413120,2048040270724144,-366789351625200,129658842936756,-546830586316260,13307994143100,53743936987116,45455366629266,-22782946370652,3397314610809,-212892375978,11065862142,-747473832,-35569124,5556780,-104670,19278,-1455,0,1 # cft deg8 r=6
1693,0,0,7208,0,0,13242,0,0,12888,0,0,7365,0,0,2048,0,0,284,0,0,20,0,0,1 # cft deg8 r=0
108352,0,0,-52736,0,0,24928,0,0,-9952,0,0,3288,0,0,-560,0,0,52,0,0,-4,0,0,1 # cft deg8 r=0
418816,0,0,-48896,0,0,195616,0,0,-24392,0,0,6451,0,0,-272,0,0,181,0,0,-26,0,0,1 # cft deg8 r=0
6544,0,0,14416,0,0,10388,0,0,2296,0,0,-263,0,0,-154,0,0,20,0,0,11,0,0,1 # cft deg8 r=0
1225,0,0,0,0,0,-190,0,0,0,0,0,-13,0,0,0,0,0,10,0,0,0,0,0,1 # cft deg8 r=0
1279,0,0,4772,0,0,6960,0,0,4990,0,0,1778,0,0,256,0,0,3,0,0,2,0,0,1 # cft deg8 r=0
1351,0,0,-2556,0,0,6454,0,0,-5742,0,0,2894,0,0,-864,0,0,161,0,0,-18,0,0,1 # cft deg8 r=0
20224,0,0,-30848,0,0,18448,0,0,56,0,0,975,0,0,16,0,0,52,0,0,5,0,0,1 # cft deg8 r=0
1693,0,0,3062,0,0,1613,0,0,-3160,0,0,-722,0,0,442,0,0,164,0,0,16,0,0,1 # cft deg8 r=0
1234197,0,0,922914,0,0,774198,0,0,367416,0,0,167724,0,0,40014,0,0,6777,0,0,-108,0,0,1 # cft deg8 r=0
1693,0,0,2720,0,0,3341,0,0,-460,0,0,1726,0,0,-476,0,0,164,0,0,-20,0,0,1 # cft deg8 r=0
345088,0,0,-414720,0,0,696064,0,0,-419328,0,0,172320,0,0,-25632,0,0,2056,0,0,-72,0,0,1 # cft deg8 r=0
345088,0,0,1082368,0,0,1250560,0,0,657664,0,0,167200,0,0,13984,0,0,568,0,0,-8,0,0,1 # cft deg8 r=0
1657,0,0,-7084,0,0,11260,0,0,-8512,0,0,4570,0,0,-3292,0,0,1468,0,0,-64,0,0,1 # cft deg8 r=0
1657,0,0,864,0,0,4108,0,0,3852,0,0,3354,0,0,3168,0,0,1228,0,0,-36,0,0,1 # cft deg8 r=0
446464,0,0,-305152,0,0,115968,0,0,-17024,0,0,-2416,0,0,832,0,0,12,0,0,-16,0,0,1 # cft deg8 r=0
446464,0,0,898048,0,0,2464896,0,0,1043424,0,0,114780,0,0,-2408,0,0,-130,0,0,16,0,0,1 # cft deg8 r=0
1891,0,0,-5632,0,0,10049,0,0,-9706,0,0,6186,0,0,-1674,0,0,309,0,0,-28,0,0,1 # cft deg8 r=0
1999,0,0,2046,0,0,-1150,0,0,-1118,0,0,-225,0,0,-686,0,0,744,0,0,-32,0,0,1 # cft deg8 r=0
60878061,1996002,299067633,373054572,-751189059,850926222,1133479467,-1053888570,1870252803,-1886263326,1216607325,-599411916,234472043,-61879698,15047964,-4741642,980814,-128826,37144,42,981,-224,-12,0,1 # cft deg8 r=0
77004881,553410036,4081577670,1791240078,30436208658,-9727080516,68853204593,-23362872180,24620914206,-6946572666,3717552384,-510696666,229618214,-2175570,10695564,-418636,721212,-54054,50801,-498,2349,-58,66,0,1 # cft deg8 r=0
60878061,387224388,932465601,1425289284,1895689413,1850671476,3147609159,4874240448,3498125355,1013204358,105736521,3561192,-5207641,-7125426,-4623336,1273038,693294,-174420,-11928,-354,981,-16,12,0,1 # cft deg8 r=0
77004881,-1147545084,6457510026,-7910193444,-27145418742,63826982460,317875753,-92852968008,99207213138,-49028986100,11601073164,-157872258,-579925750,75908256,29893608,-10065638,103740,407754,-44119,-10296,2349,100,-66,0,1 # cft deg8 r=0
879785216,4703609856,4742201088,-5755194368,-4824873984,-1973666304,1554504192,1201354752,-2860292160,579125120,2450738688,825690240,230485024,53654400,14312592,-1376256,-418752,-168192,46016,3984,3348,392,96,0,1 # cft deg8 r=0
71261584,-545320896,2100658464,-533010944,-6141898656,3528527904,3306786240,-2043433536,3196344960,-1472489360,854831520,-294633936,60284048,-27240768,5639544,-3074272,1266432,-196560,36988,-10128,1764,-24,72,0,1 # cft deg8 r=0
20720464,103792416,550286064,-1067936656,-746894160,1675841616,684139400,-2098251408,924514560,451261424,-198488832,-124867800,6422132,18201024,5809032,437008,-393048,-172044,-20230,9000,2916,-74,-84,0,1 # cft deg8 r=0
20720464,82121472,57729888,-127606736,-19954848,67708224,96379112,-157341600,140035248,-143286032,135898848,-88870896,46021372,-22402272,10203660,-3381616,656784,-67860,3038,3528,-1170,38,-6,0,1 # cft deg8 r=0
1153,0,0,-3078,0,0,1579,0,0,621,0,0,1914,0,0,891,0,0,301,0,0,27,0,0,1 # cft deg8 r=0
1351,0,0,5884,0,0,9200,0,0,-314,0,0,3337,0,0,422,0,0,74,0,0,2,0,0,1 # cft deg8 r=0
1729,0,0,7947,0,0,12559,0,0,1782,0,0,-723,0,0,378,0,0,112,0,0,-18,0,0,1 # cft deg8 r=0
20195104000,39804499200,50059820160,814160676992,-58822723008,63818610048,14915805827584,471851975040,1127773017792,1399618153152,261447352704,-77494405824,46170338932,5335312308,3066001146,51738154,260054481,-50886,5861508,197550,87066,858,450,0,1 # cft deg8 r=0
165050490955289,268408737745632,166889442735288,-1724364677536134,-804762724689984,718280368173432,3572362068651922,-2100883198312128,622254458942640,-214498579136792,86029100000316,-18062323298496,4881844089359,-954336141600,127150355232,-10008707944,802878876,-27856728,1302378,610968,-18936,2222,-12,0,1 # cft deg8 r=0
29639083424693,85858889472156,101781669363048,49569928533128,17590541340732,2687619816864,-11877297697402,-5780876155428,2918544585300,1691868557300,-178739285712,-173312169696,-2100295753,11966564580,2139687540,-137943204,-71796456,-6268536,1203622,132984,11628,644,-132,0,1 # cft deg8 r=0
345651528704,-793055705088,20759157209088,5667189225472,89602122809856,74170812814848,204754879745792,151444723129344,69315423806592,16921371372416,1555977884352,-176483615616,-69199592176,-13455068352,-1928811312,-247034000,-20894688,2483856,986332,160560,28224,1772,156,0,1 # cft deg8 r=0
19404791370752,-48195749618688,61705658050560,-2320167354752,-70325692507824,76529724738624,9966610673200,-26776382962656,42955609906944,-8221089727312,22295044648260,-3595088815272,2706164470644,-364737868020,17791152444,7190907928,-576232119,-18314928,38219798,-4533804,141975,11640,-726,0,1 # cft deg8 r=0
1928803622720,7569433168128,8222593264704,-11667171023328,-25670345529408,-4552265498112,78722023492120,20107139962944,-6888379864536,2099903718356,3031657353636,410319585648,-94618081131,-30439398282,-1265433498,648914278,96258207,-4585104,-1606756,-12618,17982,-340,-126,0,1 # cft deg8 r=0
522836239437824,-1109966933557248,4350911599337472,-234069681915904,-1728780460133376,378575318909952,248154319644480,-52546574184576,12432061354176,-3989976899696,581608001088,102953897424,-38005470031,-1724367288,1491360885,-49664326,-32736279,3414510,204400,-99600,1665,1284,-12,0,1 # cft deg8 r=0
38999288791040,10155272060928,11386634416128,28330924961792,4883571738624,-19432207977984,-4701085221632,9389035239168,4165494628320,-1116494662016,-940118022552,73432095552,205759148793,73290112440,10585112103,-1217657208,-25193433,2721456,328457356,-11035560,326655,26352,222,0,1 # cft deg8 r=0
29351226536960,-38956812976128,118012016977920,-125094130880000,165289388160000,-119472752475648,103731319909760,-51203305806336,32738501940480,-11388984744384,5873712445248,-1387387379520,460737279376,-93742886784,8517828528,1273904768,-419764704,42125616,830784,-545904,60588,-3124,456,0,1 # cft deg8 r=0
121,0,0,583,0,0,1927,0,0,-449,0,0,1354,0,0,259,0,0,85,0,0,7,0,0,1 # cft deg8 r=0
117649,0,0,-104027,0,0,10786,0,0,19877,0,0,5453,0,0,869,0,0,112,0,0,13,0,0,1 # cft deg8 r=0
44496,0,0,-14904,0,0,6292,0,0,4926,0,0,2967,0,0,655,0,0,132,0,0,12,0,0,1 # cft deg8 r=0
189,0,0,621,0,0,729,0,0,54,0,0,333,0,0,198,0,0,250,0,0,26,0,0,1 # cft deg8 r=0
189,0,0,513,0,0,-152,0,0,-840,0,0,699,0,0,434,0,0,114,0,0,15,0,0,1 # cft deg8 r=0
5211,0,0,10071,0,0,7938,0,0,3294,0,0,900,0,0,279,0,0,94,0,0,4,0,0,1 # cft deg8 r=0
208,0,0,1120,0,0,1984,0,0,1274,0,0,485,0,0,113,0,0,22,0,0,4,0,0,1 # cft deg8 r=0
366471,0,0,-316872,0,0,199126,0,0,-74985,0,0,14460,0,0,-1910,0,0,366,0,0,-33,0,0,1 # cft deg8 r=0
25621,72048,169386,-433360,148974,207216,16688,4536,189000,-20896,-117030,-59100,21970,39540,13230,208,-2286,-1512,-400,132,84,-8,-6,0,1 # cft deg8 r=0
17407,0,0,-18882,0,0,44536,0,0,-2970,0,0,43980,0,0,3186,0,0,3676,0,0,-90,0,0,1 # cft deg8 r=0
17407,0,0,60758,0,0,84376,0,0,29630,0,0,-25040,0,0,-9394,0,0,7336,0,0,170,0,0,1 # cft deg8 r=0
6517,0,0,-5184,0,0,1876,0,0,-936,0,0,861,0,0,-468,0,0,130,0,0,-18,0,0,1 # cft deg8 r=0
6517,0,0,3194,0,0,-5264,0,0,-1384,0,0,1231,0,0,-52,0,0,10,0,0,8,0,0,1 # cft deg8 r=0
1603,0,0,2428,0,0,2828,0,0,-2762,0,0,-119,0,0,-1846,0,0,1226,0,0,2,0,0,1 # cft deg8 r=0
1168587,0,0,-780030,0,0,253692,0,0,-57348,0,0,15741,0,0,-3672,0,0,540,0,0,-36,0,0,1 # cft deg8 r=0
1332612,0,0,1108080,0,0,443232,0,0,173988,0,0,89856,0,0,18252,0,0,2430,0,0,36,0,0,1 # cft deg8 r=0
1828,0,0,1712,0,0,236,0,0,-1432,0,0,304,0,0,-152,0,0,56,0,0,16,0,0,1 # cft deg8 r=0
642439,0,0,435674,0,0,351002,0,0,144044,0,0,48985,0,0,10288,0,0,1082,0,0,52,0,0,1 # cft deg8 r=0
1873,0,0,-6878,0,0,14006,0,0,-16802,0,0,11149,0,0,-3682,0,0,956,0,0,-34,0,0,1 # cft deg8 r=0
4504276,0,0,-1479564,0,0,577552,0,0,-125280,0,0,19698,0,0,-2160,0,0,238,0,0,-18,0,0,1 # cft deg8 r=0
13132,0,0,-65620,0,0,160840,0,0,-169972,0,0,92806,0,0,-25756,0,0,3250,0,0,-64,0,0,1 # cft deg8 r=0
1900,0,0,700,0,0,-1600,0,0,100,0,0,610,0,0,-280,0,0,38,0,0,2,0,0,1 # cft deg8 r=0
5968,0,0,30992,0,0,89824,0,0,72256,0,0,34100,0,0,-13568,0,0,868,0,0,68,0,0,1 # cft deg8 r=0
5373,0,0,-8370,0,0,-3284,0,0,7968,0,0,5937,0,0,1564,0,0,276,0,0,12,0,0,1 # cft deg8 r=0
73,0,0,638,0,0,4834,0,0,10460,0,0,4813,0,0,-3184,0,0,424,0,0,44,0,0,1 # cft deg8 r=0
1387,0,0,-5747,0,0,10327,0,0,-6286,0,0,2483,0,0,-616,0,0,112,0,0,-14,0,0,1 # cft deg8 r=0
1029375,0,0,523125,0,0,13500,0,0,-17550,0,0,4950,0,0,2655,0,0,478,0,0,-38,0,0,1 # cft deg8 r=0
64,0,0,288,0,0,1012,0,0,-612,0,0,3480,0,0,3204,0,0,886,0,0,54,0,0,1 # cft deg8 r=0
503524,0,0,-4083518,0,0,13898243,0,0,-1695131,0,0,594142,0,0,-17749,0,0,5852,0,0,-151,0,0,1 # cft deg8 r=0
6012928,0,0,3175552,0,0,2050813,0,0,4990489,0,0,2686984,0,0,211975,0,0,42850,0,0,379,0,0,1 # cft deg8 r=0
1567,0,0,-1278,0,0,3370,0,0,-1566,0,0,5415,0,0,-2430,0,0,508,0,0,-36,0,0,1 # cft deg8 r=0
6787072,0,0,-14038144,0,0,13450457,0,0,-8327395,0,0,2776966,0,0,4915,0,0,2918,0,0,61,0,0,1 # cft deg8 r=0
525153460,-930217584,661753224,-205181336,-19877724,219096360,-173965900,154289448,76533444,-44445856,11874360,15858000,-1124806,-2297592,708912,441424,-33138,-20844,6446,1524,90,56,0,0,1 # cft deg8 r=0
839918740,-4320971904,9702526968,-10823669336,6060902940,-4363127856,8381777756,-6973641864,5495057712,-6924527320,214330692,-627099912,3507598886,199913688,273843180,-90690200,-14917572,-3307068,1253378,271632,35892,-700,-360,0,1 # cft deg8 r=0
347815812334862281,-309281584134788724,3035857305059954910,-1380784386642195236,-512010371301036165,501024638053686852,-506494534777603594,-100556881481796804,211138049968011783,-11972518148054732,-3521605042604730,510802037671104,129454857666436,-11230289179704,1635260558166,-193097479564,32603557527,1478755980,234125216,3852372,-11682,-23908,-288,0,1 # cft deg8 r=0
6824573905,22238502096,34523253846,29088700952,8956658154,-6715004976,-8191907258,-2710538208,1020765483,1317946812,322023672,-217534248,-154940376,-4070124,25705350,7177200,-883494,-520344,40732,36192,5382,-436,-132,0,1 # cft deg8 r=0
7988410787396,-22525826904048,139449836088576,-663498159266360,1155302161256880,459377809785000,15540101169310204,4185503397514584,-2099305169625960,456292220523488,329050743683460,-53060740983504,14122371746734,-1226742027048,252045253152,-25156269152,4176051498,-509280048,67531946,-5826000,258534,5584,-900,0,1 # cft deg8 r=0
1634391569408,3864980140032,4695467507712,-3632896322560,213813163008,-199719668736,276276020992,-123108691968,227319257088,-163192770048,22970750976,10807430400,2023460064,-4000146048,1681898688,-335566848,57465216,-6890400,725912,-17376,31032,-1936,0,0,1 # cft deg8 r=0
98928,0,0,4320,0,0,62208,0,0,20304,0,0,-1152,0,0,-504,0,0,136,0,0,-20,0,0,1 # cft deg8 r=0
3664,0,0,-16448,0,0,56128,0,0,-83488,0,0,56456,0,0,115088,0,0,49504,0,0,-248,0,0,1 # cft deg8 r=0
13,0,0,124,0,0,118,0,0,-908,0,0,625,0,0,124,0,0,166,0,0,-20,0,0,1 # cft deg8 r=0
173901,0,0,118152,0,0,-28646,0,0,-79752,0,0,47805,0,0,-11360,0,0,1278,0,0,-60,0,0,1 # cft deg8 r=0
4459,0,0,10888,0,0,87166,0,0,-273428,0,0,288301,0,0,-137900,0,0,26914,0,0,160,0,0,1 # cft deg8 r=0
998001,0,0,0,0,0,486756,0,0,0,0,0,93366,0,0,0,0,0,900,0,0,0,0,0,1 # cft deg8 r=0
37449,0,0,7236,0,0,16362,0,0,-4968,0,0,18639,0,0,-7632,0,0,1414,0,0,52,0,0,1 # cft deg8 r=0
88768,0,0,-638720,0,0,3536704,0,0,-8247296,0,0,14048440,0,0,1445200,0,0,29368,0,0,-332,0,0,1 # cft deg8 r=0
268912,0,0,11230240,0,0,326175520,0,0,43808144,0,0,3420224,0,0,151160,0,0,4576,0,0,76,0,0,1 # cft deg8 r=0
342657,0,0,-37800,0,0,105706,0,0,343752,0,0,266379,0,0,76808,0,0,6990,0,0,-120,0,0,1 # cft deg8 r=0
12691,0,0,-76468,0,0,315022,0,0,95800,0,0,13913,0,0,2344,0,0,382,0,0,32,0,0,1 # cft deg8 r=0
417088,0,0,161280,0,0,658336,0,0,-1076544,0,0,456504,0,0,-66096,0,0,3172,0,0,-18,0,0,1 # cft deg8 r=0
417088,0,0,293888,0,0,360416,0,0,105056,0,0,28024,0,0,4168,0,0,488,0,0,34,0,0,1 # cft deg8 r=0
1171,0,0,-1504,0,0,3700,0,0,2234,0,0,1231,0,0,326,0,0,64,0,0,8,0,0,1 # cft deg8 r=0
8281,0,0,-58318,0,0,205220,0,0,-24814,0,0,-12485,0,0,1198,0,0,218,0,0,-2,0,0,1 # cft deg8 r=0
1369,0,0,0,0,0,1876,0,0,0,0,0,78,0,0,0,0,0,4,0,0,0,0,0,1 # cft deg8 r=0
1783,0,0,6976,0,0,11314,0,0,7288,0,0,3031,0,0,808,0,0,136,0,0,10,0,0,1 # cft deg8 r=0
3011635541164596592,7163912704955267136,-4947483853059814800,-51321680583872435248,106102518807718018620,23817434353013804184,-66129172137842242820,-15256779444015205890,87580044736276779981,5863963303181958690,-38628353175416146728,12035504016757221318,14653404918176396764,-5690595518976264630,709651409819813388,-21579262957896414,696175999728690,-11596878836226,2236022409328,-49135753206,320841432,-2308450,34032,0,1 # cft deg8 r=0
83741,471723,1245384,2322796,3338244,3190509,1495855,-252864,-808947,-547610,-215610,-43776,9713,6039,-6156,-5065,1098,2268,791,87,36,16,0,0,1 # cft deg8 r=6
-7648567853,-30169661505,-41139796995,-13001394430,16145401866,4559942439,-12106879686,-3565397826,1880569224,-717266728,-945983526,-146179395,-77405488,-64882236,1073286,3499714,-679122,165825,26690,-24342,4788,794,-216,0,1 # cft deg8 r=6
112972202012889,-513739025531892,544418007470289,-3938900391576,-218137388939964,234050349471219,-169886312442648,88369512907554,-42781190656734,15961046530333,-3855109289805,1854394190055,-453233961561,66543973779,-35434309293,5648451769,-2190690762,108730431,-24795775,460833,-19503,112,540,0,1 # cft deg8 r=6
2762227802584325997,30216942643869700515,75014542077363655758,60047399844675750843,4428105330188474280,-11827710296012106360,-2784733312719223089,-139948426683633411,-243073752534521631,35458654560115797,26657736305043015,1207932170740326,2085666485205395,253148522391939,36748441450026,9306785523899,897745627269,22215431250,13494072879,424860948,3664575,-46670,-1812,0,1 # cft deg8 r=6
-13954093,-101367846,351091125,229521549,-1413100977,1036230741,227516100,-334154070,55961100,15286236,-26881494,4443552,936002,-687216,38178,90794,-1170,3663,864,-945,333,81,-27,0,1 # cft deg8 r=6
-13954093,-15290232,56117259,127100954,-6119610,-195915420,-89867115,72142911,56203047,-5423844,-18711900,-5738931,1339550,1507062,330021,-68301,-69669,-14625,1894,1740,99,-74,-15,0,1 # cft deg8 r=6
1272233533,-4391192814,5865889671,-2886065977,-546925875,539327133,1223157891,-2080384347,1737827028,-907697054,184708824,114142977,-93282968,17719581,7120188,-4044055,229503,293382,-59082,-9843,3465,130,-93,0,1 # cft deg8 r=6
1189802035053,-6225166887552,-4309178522364,33799111043753,22071037444491,3529514445138,-933971966209,-495991940724,32284838178,81097617214,9385277352,-429090219,-745437938,-12500289,43220268,-3910469,1224375,28701,-42410,14955,-5148,664,-78,0,1 # cft deg8 r=6
-32656027826227,-73032320573004,-15488376331194,27218151593464,7633092567453,-8546094731331,-3768588685398,944520432447,565850408724,-120397375888,-116475078399,-31179329667,9191395688,11503078104,1384505109,-1608321556,-169840035,164127078,-4102504,-6411432,612576,135068,-16254,0,1 # cft deg8 r=6
215232147,-1965673737,-9215501868,-19645885586,107875997640,136025654796,-108889844592,191283312099,-461126569365,406079941691,-548060685975,107905120812,-105736184413,3606955281,-1152129294,-197727980,-179515953,10723851,-1768117,-29862,60714,-177,-420,0,1 # cft deg8 r=6
-215232147,3128578263,7070397255,-25461811406,-41258039154,-75112232751,-237593841568,-55833134550,-157431517164,34388935505,-4724489532,-1999041336,991338110,-194281254,-37289646,15395397,-2872173,42183,87768,-27282,1737,497,-84,0,1 # cft deg8 r=6
264638137286643003,655370467014645252,513625974562085697,94619086826468551,-61299821651321904,-30878330236568478,-2836579269885844,1550922025889610,635392610655156,64157881502342,-17746615034022,-5359821989931,-302966760081,106220343498,15677381646,-1512944181,-364633722,-7198254,6887236,119898,5139,3307,-42,0,1 # cft deg8 r=6
-32656027826227,864519909975579,-576435697997094,-2609252978849530,1393372170978855,842137946902800,846693178770190,-499311323429898,-331192773340407,-165113366778710,66742509362070,20448310544109,18006105654914,106994731506,-969133801671,-946879789434,-247474326699,-24008679297,-408450903,74758479,3529152,-63513,-5013,0,1 # cft deg8 r=6
463640852653727,-1048646417792169,3952327975865010,1890498215564191,-4825665891141207,-5857479394427772,-2233352721462972,2581269127744539,5087293561084860,1239384824945323,358067716342419,-96738842071809,39477717762439,14931285594618,3686991266151,-592955290883,181629587058,-8023356684,15020183556,-692718012,25615044,-166477,-2190,0,1 # cft deg8 r=0
236770200571,377954433099,1841513142906,-3963971585058,10029421356093,-10079037747027,16508114839773,-16470206731932,6720819958845,-3501208404650,1423548754797,437109031647,1699187535525,338544198501,420258326058,123436942552,7338854805,32852772,2791990556,19656840,56565,-105406,-396,0,1 # cft deg8 r=0
23943302106627631,-157571022797106828,206451776881334439,616581620266293278,-1356913026780005886,-1429924104479379942,2942066486278686712,2813709930457222482,744666750642024261,288769089648448456,151215573775858236,12976941337591383,15553751125233929,1468707858164244,53258736305565,4887440929203,323644849755,8186558688,558179780,26554233,357309,32570,882,0,1 # cft deg8 r=0
20374696090112,69865036317888,106068852412992,72095877620695,2983208531205,-16086059517555,424172872135110,-207146504817435,23677544338020,20943600856087,-706823765130,-238141641456,145855604119,146508603150,35494998876,-7120965434,-1140413418,-26640900,67572993,9975066,575181,-15002,-957,0,1 # cft deg8 r=0
1343660461488093965333,1128773025916275695709,318764699048267363385,-23173800705029776327,-23262411615360925920,-300477199483876383,586377336266197339,-324248473051655160,-84809066336764218,13434064306489840,2266041719129592,-496560791084067,38821145822163,24908157543828,508295014794,-35133965935,11909858355,-296034948,60636903,-228081,110916,6963,297,0,1 # cft deg8 r=0
8892075379754558173,832088690832694425,-539261260193000358,59686602583575819095845,-10450089039535896614055,-812835142422474240918,115516145919624731653038232,-50999058042374626442493042,12012976590248472559902225,-178150263507373614797642,-1544487004378304182611648,-6631593190635875202522,97977928807118244101677,410273708776948847313,2641722731881608240,1338193676233944905,3496189341540597,29048343803460,4021717539309,5399743971,99346374,-3937532,5217,0,1 # cft deg8 r=0
14963161082649152679456655851333,15208756168849314808501664247114,12861635376868609100603461534179,6168061786944633448987423807544,3436870895195820756269892264624,4853117998380060966286548640089,9025385252603851669938563876198,7269729473147980235042137227393,6805947840704661295570384268622,-167556673860396626360013843786,-1589599597724276234961677829366,-161586364912530337458258473961,81903008105583562194060296858,9112282497023390265080467872,1370709655559844098145882282,55966596018303975636097801,8512069150228843495545132,439072724384384851971,14739519676273075854700,760528739389490187,11809601822736,118934027612,602418,0,1 # cft deg8 r=0
1749367701499071967554798151,3940973584591807753359767112,-2615347858218337535377915476,786807758576164965438334268321,2505146054537226668583219394572,924707986290933966797317755804,148025507917880124634237830987443,533357667462153187179629478203580,383933420809126479130903388985816,-619560879580538435620554235811559,-881014657221510160794572896332024,79758074640347862105444879280113,536092453361836241602053953397987,227144040145792409857884212638539,-29556229010509626638023469540592,-199817055198119311542555649713480,-5661677415252082676212737006795,2575888795354102591236192,23817225960233817981565069581616,-10836384260375633708574420,12871766304819232164,-9333779012754298,4118977380,0,1 # cft deg8 r=0
974071659404355593,6022353514488673167,8860024889018701452,-127694617792179000900,-331545072866834211651,176845225713315280704,3226594203103371847939,-6322841906034598120224,3609357186268082544237,51690870558375495163762,-40155447730845946457226,53201374615878066642141,276381823694979085720669,-187908054750579144449562,191293359892285559140035,770770281199465643917692,-390096985251191193928434,363468394233445968,762097831498475528361078,-710072714970413937,2264294400975,-1709321620745,1386825,0,1 # cft deg8 r=0
7914456896,-11922135360,-1910852928,-4326025288,14931550464,1380563136,6900746641,5006940186,-727954092,1753108610,1236562383,-1102837302,1040035317,-464700972,160597953,-23807100,-3205953,2820186,-448115,-66234,21690,-130,-168,0,1 # cft deg8 r=0
2977123648,13080455232,49457259648,81828222568,65518467216,26441244936,8807050681,2916113832,-322377795,-363255422,82554855,77353236,26993253,7615308,2870424,1239344,181236,55134,23131,-1404,423,200,-24,0,1 # cft deg8 r=0
133702969,0,33030531,0,265639434,0,175784097,0,79443414,0,25727916,0,5651359,0,873171,0,105822,0,10738,0,837,0,42,0,1 # cft deg8 r=0
168377557,147150510,291658806,32366515,85734135,-118384353,26454855,-13318371,64409346,16651073,9657483,-4820184,-3054718,-122532,346914,290795,-9879,-46341,-5343,2748,864,-50,-48,0,1 # cft deg8 r=0
441217157,347265114,-1320769629,-998730851,898866849,830270277,148575637,-261199602,45170784,109996939,46960659,-21243789,-11603474,1348404,3484134,197851,-396135,-150579,13766,8355,2160,-114,75,0,1 # cft deg8 r=0
113042038873,-572255319,104036874975,17678840611,33092102022,48220602300,21019415606,37628534481,16533572139,12266450086,6860141127,2147245488,1918991384,391776060,379527435,74628663,42005946,7411761,2059323,295830,30438,389,258,0,1 # cft deg8 r=0
2835856,-8851104,12670560,-9972000,-840024,8241696,-2254152,-7569120,6149520,4886686,-4260120,-2429820,507369,538950,448110,95268,-6819,20700,4850,264,198,22,36,0,1 # cft deg8 r=0
13965169,-67613541,36876753,123916034,9465192,31560741,-106413883,-293858247,-202965822,84132283,239073303,179802549,115247951,42719346,13434966,2707636,204102,12924,-5734,3855,2295,85,99,0,1 # cft deg8 r=0
2925008,10422336,16523136,-107409184,-174801216,-126139536,711608304,-1437605184,5242351032,-3217124024,5713599720,-2592544896,2744496884,-1024356648,488737476,-247223660,67332240,-5544684,10448360,-1184892,39582,6226,-324,0,1 # cft deg8 r=0
922018099,816074796,679186377,939954080,4465045455,-1719409788,2226931929,-143828868,-1765721790,-157391538,-78327762,-199737738,149085946,117089028,9855072,-3428426,285369,154242,114211,-15390,1530,134,48,0,1 # cft deg8 r=0
922018099,348071442,576206271,91346992,356120268,12574800,104778204,-11780232,78157332,-53241330,47205129,-21817836,11452906,-3627378,1396233,-305012,98760,-2754,3458,-66,-162,120,-6,0,1 # cft deg8 r=0
234442046672,1167359219328,3013937553168,5126497749296,7245596735376,8107536658176,6270436997232,3032499390288,1847438885016,-9549897760,-903986538792,-249084680040,63975110448,28885277904,5365923480,2837948,-184197600,-28052820,557582,467256,30636,-2194,-270,0,1 # cft deg8 r=0
11075348957,-16733311704,60537769011,-98615341038,-43139457255,269536926150,-65426706945,-216437931774,54187935210,72980882042,1807675524,-11072433960,-3497219156,198021804,360602910,75931036,1363689,-2100744,-233597,16194,5274,-74,-42,0,1 # cft deg8 r=0
11075348957,-12895629726,815177349,1904029126,5381048214,2821515462,3591851630,99545436,2036185848,-186757808,733916037,-85517046,179278270,-12318174,30089943,-2095400,3761142,-172890,262924,-4602,9216,-38,156,0,1 # cft deg8 r=0
378313345171427,725040627933660,1422104746028589,1214086875840682,1032726852944625,362185691197986,400318037133069,213023941675302,14432269756194,19243702197204,15845505903408,910992559320,360080020904,548340998304,85707487962,4559460492,1832186973,-41340474,22996955,-456804,155322,-2682,552,0,1 # cft deg8 r=0
1277177952453125,264562404375000,711923682375000,10634950610750,231292967731500,-5849502345000,29868867820223,1799874049662,2314957860414,172949299700,124501499367,-1545916356,5557946076,-1117155732,226855467,-78748124,9679791,-2548350,373774,-40422,9297,-294,132,0,1 # cft deg8 r=0
461526328832,125709318912,-176475349440,-184146550240,243228061392,-144439284096,75921396245,-39353064966,16212133539,-4093159098,1255867806,-240619320,58846368,20083146,996885,311552,681999,-156924,43262,-13644,1908,-292,72,0,1 # cft deg8 r=0
901418611,746545974,-1037390175,547575748,1139589435,-6166368,1982041196,-2439644442,3528688752,849564890,-2171980782,1102120650,959809594,-840162588,286420779,-42648316,-5257389,3608370,-367810,-71730,14895,502,-198,0,1 # cft deg8 r=0
114922031910000539,285765268663634382,298012853102790609,169296275410888386,71145998103944667,24399483728844996,5827980220786580,1242012647661492,1933143403888116,496789895556118,407012102955459,108661345185942,27615612552165,6065126332314,902627912196,99251564612,19549536768,60292836,235453590,316752,177984,22794,-594,0,1 # cft deg8 r=0
49265086864,-31495902480,-11434851288,38095459464,50539040508,-16499070576,-29119671182,-3726436368,8341177527,2624168770,-955584222,-648465876,-2795312,80911788,17075988,-6560594,-1976850,554814,25928,-42156,6633,560,72,0,1 # cft deg8 r=0
7965833531,-18006033456,71817073578,-125657532090,299535487728,-64048516020,555196798578,-52320131982,141543118881,34596015678,12857283690,2013246900,1559126329,417204270,114289893,5532624,-220314,-780354,-64448,-15552,1458,-108,42,0,1 # cft deg8 r=0
7965833531,17096220720,90049431978,84994770846,520181073600,470823131736,873474931642,703665187710,105270044553,-100857393266,-14127764958,9626850072,-804247039,-519011250,173051397,-1656112,-6170346,1055250,-10920,-26160,2610,152,-30,0,1 # cft deg8 r=0
112889959232,-361308069696,699099116544,-1006315608536,1125795402648,-1151808468840,942798221223,-763251512922,620382381291,-360669951494,238781447343,-106757107182,47630189792,-15607191198,4420779156,-952493760,132399123,-13553748,1201741,-146706,15651,-274,30,0,1 # cft deg8 r=0
53425607,-338524398,1499938056,-4168957524,6823575714,-5044754700,-985463798,3421280418,-437213619,-1411586504,423921978,315418050,-125593758,-38151816,17493624,2488912,-1182792,-65322,27758,-2094,702,182,-36,0,1 # cft deg8 r=0
155159555233,-609779974188,655677264996,413626311316,-1022713292532,94294674018,408527081982,23724488712,-25504872660,-4362847868,28090989252,5998578894,14366827427,4608075162,2649226212,423827750,376099647,-4208058,16670516,-319752,6687,-8148,48,0,1 # cft deg8 r=0
5780582249,5736955266,13227347097,15176596848,14200616442,12904431102,8145013972,4153569222,1850902704,403892198,80702874,136481814,80820891,29432076,6927066,-2196106,-1664049,-191826,69545,16890,729,-488,-36,0,1 # cft deg8 r=0
37385335530113,113783865097884,82590931795185,-47495489288888,32179106943450,-6467103673830,1234720128041,281317439790,115805621709,8899495762,7715505219,597968334,-505225952,93360516,59393052,9303420,258228,-39348,111171,12054,2880,-178,60,0,1 # cft deg8 r=0
