# IGP24 class field sweep: deg4.
607141133,-2421920576,7315857854,-14812992526,23859518573,-30239337716,31498700194,-26852526130,19043521044,-11234763734,5563204902,-2308955206,806948932,-236471350,58630664,-12408740,2392421,-448924,89176,-16112,2543,-292,44,-6,1 # cft deg4 r=0
142096229,-135668588,123548634,-243457088,312138810,-244179642,219751026,-165223952,107743560,-64713978,36427652,-17317174,8330056,-3501854,1388200,-510124,182873,-49772,18640,-3130,1304,-118,54,-2,1 # cft deg4 r=0
8375862996,10681782336,5665282236,8609678020,13230164610,10331739136,6831211968,4888891530,2683850013,1076843424,459554888,209928568,71827376,20238048,6435880,1667124,249598,44192,11244,740,206,128,8,2,1 # cft deg4 r=0
31368161,-54184812,-122640938,39690084,540562774,636043358,373368106,-304733528,-207811689,-84136246,145707236,6040910,-11562720,-28959330,26322276,-9748856,1756149,-75714,-24024,2270,359,-66,14,-6,1 # cft deg4 r=0
438619177,45993382,-382814508,-166119910,290750312,394283340,174605566,10090878,-22172873,-2901874,8185666,5116354,787226,-515090,-42016,168896,34228,-5914,2562,1036,-168,48,24,-2,1 # cft deg4 r=0
1831936,3869696,7001600,6449408,9482560,7226880,7797056,6133056,5539104,4269408,2883360,2010816,1078504,512904,262476,122404,53773,22222,8010,2608,795,188,46,6,1 # cft deg4 r=0
465317,911070,1097100,815136,218792,-218876,204656,135848,311321,28288,-61720,-35572,-3333,12030,13438,3626,7256,2214,2370,28,191,-40,18,-2,1 # cft deg4 r=0
253369,-151144,1233218,-1164002,-1103281,-3462116,888968,2968230,3273985,810448,-50360,-38362,171829,117234,21376,4354,1687,3372,662,230,85,4,24,-2,1 # cft deg4 r=0
33235697,-184854122,462217989,-698300380,728752760,-570240226,351681491,-174954098,70738829,-23188444,5548268,355838,-1696542,1191958,-425856,36638,43059,-22458,3678,816,-488,58,19,-8,1 # cft deg4 r=0
258977,-752450,3315174,-4175300,6951175,-3581794,-1458393,4521024,-297990,-2660492,1206798,1604872,-90951,-435344,-28472,73428,12741,-7092,-1143,884,222,-22,-4,4,1 # cft deg4 r=0
12895952,-59021504,44111808,132427296,-68561712,-475795824,1153919600,-1522883264,1461426608,-1099191136,656611960,-308721904,110284636,-25986472,1055448,2129864,-887044,113032,28188,-12032,876,312,-62,-2,1 # cft deg4 r=0
1773022417,2699581448,4252088430,2634915694,3447972985,1337666582,1863438300,412039334,615383366,88264736,136933990,13075206,22545757,920782,3020432,-84998,340058,-32080,31082,-4022,2053,-258,80,-6,1 # cft deg4 r=0
75276181,615066346,2353029752,5334374650,7901324526,8005290278,5858208428,3339696050,1582608367,623432588,186193384,26284684,-10568548,-7341092,-1358720,257732,175995,16490,-12016,-3286,550,222,-28,-6,1 # cft deg4 r=0
2284683661,7753706654,13829454425,17087120934,16425395877,13100063762,8994701645,5381622258,2790270801,1229929116,449958276,133389016,32173483,7219780,2185128,901952,343595,97134,19193,2330,282,96,42,8,1 # cft deg4 r=0
128573621,-202405844,-131881703,-104595846,3088317,444343946,421684461,263265246,299002029,208694898,91067352,55612716,30512943,8191384,1698152,898756,333699,44012,-6391,-4646,-1058,-94,14,8,1 # cft deg4 r=0
2719421696,2328736768,-771070208,271074816,-354231872,-1158152576,950595904,-409178496,231236288,-20671584,-47316880,20831392,-5491524,660776,588484,-229936,4957,6686,792,-698,126,10,12,-6,1 # cft deg4 r=0
350536153,1762586430,4001278072,5206886726,3970429481,1412472092,-266568331,-488747742,-176709487,-6120318,14904743,7054624,2378479,398466,-70779,-61062,-25811,-4512,1252,694,125,-10,-15,-2,1 # cft deg4 r=0
18136172285,6235775770,6343835176,-8474927482,-224016835,5543870024,9137064502,8644520,-1168568433,-209506412,195346180,29529486,8951341,4883576,3494816,-745410,-385210,-34550,39870,6222,15,-362,-19,2,1 # cft deg4 r=0
86490953,77843846,244701668,955976764,2342448176,4424914916,6426312869,6647431114,4700112388,2190442486,618300019,79724888,394398,2512090,2008038,444908,-4221,-26188,-1699,2338,516,-60,-13,-2,1 # cft deg4 r=0
4850164,20368612,33208806,30716030,38469131,72983840,96150411,72733746,23793258,-8637230,-12019025,-3047946,2088943,1676184,223974,-215918,-100459,92,11201,2482,-374,-218,-15,6,1 # cft deg4 r=0
171069437,-4728108,112911484,118669852,-43997947,80511074,9451123,-20565956,25560467,-14362148,2569661,1088012,-483805,-36354,232819,-49642,-12005,11778,-3092,-802,447,26,-13,4,1 # cft deg4 r=0
3085606521,5656605966,6915518232,3664493584,2673175497,2113435146,-555297532,-720946286,141962727,104418400,7730020,10615880,3137643,422456,-277332,-23070,206864,14626,-7262,5300,1109,-160,-13,8,1 # cft deg4 r=0
11548609857,-21904489278,40502123988,-22998130972,20855426202,-2951817946,1591862577,1395514782,-182594112,143955768,26712325,7117826,3519734,-4381486,467916,12112,-238173,16394,8487,-2030,514,164,-5,4,1 # cft deg4 r=0
3810532,-32839180,141345570,-269444906,311258103,-196180762,145454003,-54780198,5787310,-16848722,5597507,3840920,1655951,-377800,-121082,61250,26429,1590,3497,2170,538,154,57,12,1 # cft deg4 r=0
6391609,9799804,2217642,15082858,58289119,82770184,56512840,16551590,498257,-678176,-719048,-414614,65213,82750,15464,4810,667,544,970,298,45,0,-12,-2,1 # cft deg4 r=0
238969,44422,167128,380616,941048,1027196,1626444,2228784,2791641,2519960,2243648,1667356,1149835,645334,391798,157018,84284,23578,11698,1780,1059,24,54,-2,1 # cft deg4 r=0
1031645,-11057450,47753418,-119264370,220985642,-254735894,205528930,-94287530,89442139,-16193900,9878028,-1516412,-1469544,296724,-250428,63068,8951,-6714,2394,-674,62,82,-22,-2,1 # cft deg4 r=0
6539600,-9077600,-8406080,15714080,12146656,-13240976,-16741568,-596032,8507064,6390256,1792136,-59192,176996,313480,115944,4568,-2772,6540,4048,-204,-266,124,18,-8,1 # cft deg4 r=0
6739013,-6488774,7336582,3671870,-2430810,-2791924,737912,-1975010,1356699,1982786,1307056,813962,-850012,-408314,180092,17336,-20362,7498,2550,-1000,-230,60,-2,-2,1 # cft deg4 r=0
78984077,-38757362,83129793,-170149110,-21969927,40727776,182350865,-36282522,-85417191,-20480018,25125828,14031002,-2606017,-3809118,-313490,508040,140853,-15370,-8847,-148,84,-38,12,8,1 # cft deg4 r=0
2115837,-5329098,25785045,-80965122,-70795071,629141706,207271141,-907765278,-139944059,367467140,180291032,-24085964,-8822721,12043448,7251100,1148384,-66669,-12002,39637,17374,4526,680,94,8,1 # cft deg4 r=0
169025,-561526,1617103,-3336026,6505411,-10132592,13052269,-14585646,14179411,-10675822,3929512,1727446,-2569833,773390,269726,-231728,44635,-1370,3925,-2588,540,-50,20,-8,1 # cft deg4 r=0
105508557,-108056736,268220952,-172419090,222895239,-74536986,69064372,-5219170,21981906,-12711952,21309324,-14641714,10836447,-5042582,2320896,-685574,203250,-34852,11508,-1454,435,-14,28,2,1 # cft deg4 r=0
17629498624,-6664401408,38475624704,-15213054976,39568041984,-12796775552,23805460992,-6117803392,9203777984,-1972190848,2463891424,-461722688,461355856,-72684288,56946656,-5773072,4253208,-159312,214440,2440,7184,192,134,2,1 # cft deg4 r=0
90585,-422766,1428246,-3019212,5447961,-7795656,10444498,-9452254,8490250,-7906758,7260634,-5954520,4412081,-2838252,1628650,-814346,363506,-141010,48238,-14120,3525,-724,118,-14,1 # cft deg4 r=0
38999321,-18858352,15710152,-35852578,79093183,-93328278,89954576,-94679474,87943254,-55415172,21518244,-9149522,6485923,-3082614,357428,214066,-35530,-1080,716,-678,-101,-10,0,2,1 # cft deg4 r=0
296392589,356117742,1631617264,652265390,846861470,244157010,180203560,-68280966,112966295,-98686852,129948736,-47873508,47514756,-14357772,6448688,-2458332,-64517,-62410,71696,8598,4030,282,104,2,1 # cft deg4 r=0
1254100344425,-2693973087650,1430008259682,739577762796,-853458603599,1147339204,205218832038,-34485826802,-26797598346,8129189462,2014525978,-944091752,-68475011,58562168,-1222130,-1273518,112614,-82222,4738,6400,-235,-96,-18,-2,1 # cft deg4 r=0
14121,23868,-42957,-57474,95562,97614,-72980,-79414,79189,-29770,18810,-20214,29741,-25934,15184,-15260,18499,-15300,9122,-4296,1614,-460,97,-14,1 # cft deg4 r=0
28174258413,577913400,-63034108749,18550937802,61554876102,-31959015480,-28685796818,21881710170,5147385349,-6946806166,498359786,1009252450,-244668775,-56470640,26627344,-284440,-956265,83166,-4826,4370,154,-238,29,-2,1 # cft deg4 r=0
1627479689,-8307440410,19167934076,-25849797752,21606195280,-10205391906,816909429,2329048014,-1537931505,292989646,145195160,-102466194,15858973,7123762,-3312354,-40712,324363,-47528,-24985,10464,-621,-516,159,-20,1 # cft deg4 r=0
9168368789,32941937100,50438823804,37510696770,9154909456,-5864660308,-4990990869,-1612539438,-183742043,289277408,302918228,25228314,-46397077,-17827816,6228742,1238640,-54231,-204570,54901,-13258,3169,-314,19,-8,1 # cft deg4 r=0
7851097,10495434,131829205,71637630,176216604,-108851652,151046970,-87816886,80932854,-45871514,32453300,-17998840,10746576,-5405058,2719176,-1156328,469695,-157344,50121,-12356,3025,-500,91,-8,1 # cft deg4 r=0
1765769,8829252,18717807,24879572,31607406,29372088,18465272,12035936,5738166,562398,1032446,-194552,-201020,74372,-44632,-7050,10009,260,1715,482,-39,72,9,-2,1 # cft deg4 r=0
1892357,-5311820,13141720,-4569962,-18669812,5865162,7957381,20244198,-7811399,-17585780,597195,1129890,5992596,1794498,520390,290358,46267,31404,9184,2084,555,26,18,2,1 # cft deg4 r=0
41146829,91920326,136842985,183993798,198536043,187098600,152630748,112616682,75223376,44012532,25740400,11100468,6492873,1712228,1300852,93596,205521,-15700,24494,-2610,1627,-138,60,-2,1 # cft deg4 r=0
1247488,5313280,22863360,3971136,-50243696,-28674192,10630432,7096248,11810637,13479460,9100548,1710226,-318157,-166162,146396,69622,36196,-856,3428,-922,411,-74,28,-6,1 # cft deg4 r=0
119413,-294,447370,-415268,896147,-668808,1677538,-676594,817273,-355806,429322,42960,233403,7384,72306,-8506,23153,-1592,4660,-500,433,-62,30,-2,1 # cft deg4 r=0
101709,-482616,3561171,4893380,13001723,30924118,47231929,37146472,11463604,-6813780,-4464781,2518680,3755308,1051396,-376862,-317138,-40168,19916,5310,-486,315,150,4,2,1 # cft deg4 r=0
128853584689,65381048948,73095914123,7553049376,8214382894,1908729562,5273760864,-1533177780,1374092452,-373829776,309786202,-73430282,59973867,-9298990,8570520,-959208,896252,-76842,63608,-4010,2913,-128,80,-2,1 # cft deg4 r=0
226144116,-335654892,146362062,3716294,4655717,-27208600,40003860,-40122722,24897291,-6917788,-1877710,2626622,-987275,57348,88632,-37638,11557,-3512,1034,-478,135,-12,12,-6,1 # cft deg4 r=0
965701,1446918,6734326,-5833908,619042,-1663566,-5781588,-4085692,3835517,4195040,936814,-663918,-222749,120352,82120,4774,-5386,820,920,234,-55,26,12,-2,1 # cft deg4 r=0
430669,1877708,3272998,2047428,-654086,-1357850,-190356,-127592,-762371,-221088,440350,282314,-21188,-71288,-16078,11772,6083,-364,-634,-180,-23,0,-2,2,1 # cft deg4 r=0
6562453,13186816,7950144,50770256,48131868,-19236962,75865478,15815352,11232498,1853792,4890366,210412,2223215,383824,291766,80560,38238,3104,11566,-812,1486,-96,66,-2,1 # cft deg4 r=0
101771377,113595400,75864946,59331180,27658500,1095186,-9093894,1866400,2649047,-3527078,-1464794,437134,355318,7490,-63640,12416,10863,-682,-1958,-370,263,30,-4,-6,1 # cft deg4 r=0
582489,-1772838,4083245,-4503962,3816548,-1435438,174041,585014,-455211,-525526,918842,-699080,334554,198,-46896,-21060,8209,6366,1786,-822,-732,-50,57,14,1 # cft deg4 r=0
46496133,218643972,434448860,470587326,344413151,248673896,196246375,139245758,93367564,54450810,26885962,11222768,3862547,945068,149200,-27296,-14951,-2656,2753,1874,892,248,62,8,1 # cft deg4 r=0
190341,1938594,7858792,15363516,13190969,1370318,-676879,12814148,30815022,38316558,31771242,19843116,10035863,4412336,1785768,663820,226219,68486,19539,5116,1286,274,56,8,1 # cft deg4 r=0
4993029,-13528806,10612942,-4900996,22983157,-37636748,9374749,15343004,-2649926,-8877414,2647978,3557272,-1203449,-895968,352268,175364,-65465,-27832,7399,3236,-388,-242,-4,8,1 # cft deg4 r=0
74534945,-354356972,943154078,-1846225164,2890224753,-3744624896,4111950618,-3871993172,3160799862,-2252095500,1409972678,-778918796,381287793,-165609512,63887014,-21860972,6623410,-1768980,413754,-83836,14481,-2080,238,-20,1 # cft deg4 r=0
458346465,-315058716,-819944310,556767476,574835225,-353315192,-244091554,97626188,113292374,-36104700,-31053950,9168212,7042345,-2302496,-1111022,470388,105650,-68996,-2802,6660,-599,-456,154,-20,1 # cft deg4 r=0
84141261,-312454746,714889962,-1138517226,1500204798,-1643375682,1580719150,-1336265510,1014442363,-687863628,420436844,-230309212,113548064,-50188372,19959780,-7100636,2263175,-641002,160938,-35402,6722,-1082,142,-14,1 # cft deg4 r=0
319223997,-1278354960,3074939172,-5379686064,8047806894,-9237076812,8872617600,-6473378232,4112280555,-2061570832,1031394464,-441898040,195669264,-79635680,25882888,-8228464,2188087,-537728,128620,-22856,4754,-596,104,-8,1 # cft deg4 r=0
989113,-6931650,126462690,-188561590,66608734,-25773672,56938654,-5375894,-15816732,1866844,-3827108,242208,2298900,-96332,-230928,51542,6484,-5814,-782,718,-161,-38,32,-6,1 # cft deg4 r=0
650218157,902028344,-38574966,-720942442,-279014485,193867316,105345670,-48228010,-23969687,10423940,8277290,36794,-1087904,-95892,171592,47922,-21303,-11378,-194,1156,272,-48,-18,-2,1 # cft deg4 r=0
143865664,314576000,425575920,-31344592,796112236,-43472308,59405558,-47345614,-19762883,6227286,20252830,5948586,127292,-231224,132098,75248,46945,16956,4612,1086,312,82,28,6,1 # cft deg4 r=0
435634781,-1721699684,1602048448,601610426,-909290513,436326390,188790388,-231500098,7215190,45192804,-12992576,-4996606,3394595,626554,-491040,-133390,50726,20592,-3740,-2130,267,138,-16,-6,1 # cft deg4 r=0
3030070613,3940605946,1789427132,547489942,2875341790,-1300954786,570267076,-295184142,-95042789,74028916,34286960,-13453460,-7202632,600428,1170608,73140,-8657,-10334,-6620,1342,602,-58,-4,-6,1 # cft deg4 r=0
9351281,-5119454,29110084,283418,20454206,-873124,13750108,-4004694,8694123,-4538024,3790880,-1418120,615235,-100418,-9042,15462,-1828,5026,294,-214,181,10,-16,2,1 # cft deg4 r=0
4568893,-14682346,107688,21203692,18990247,-1069584,-7381333,-2522580,1702246,1214844,119406,-191384,-19255,65572,52384,20508,4301,1970,1265,916,360,110,32,4,1 # cft deg4 r=0
5309257,6082196,-3549445,-9075708,-9917308,-7120588,2030133,7106902,6330051,4314716,1682092,267130,91372,29194,-1428,-694,331,-794,1336,-1128,406,-104,37,-8,1 # cft deg4 r=0
827573,3069840,3294266,-3503062,-14354579,-12873930,9195490,20033150,7056088,-5031760,-3798646,569304,1402258,505942,-32238,-57482,7380,15920,5074,-238,-554,-126,4,6,1 # cft deg4 r=0
1260177,-6741024,3579988,26486646,-21786170,-42918460,46885015,9642750,-13145375,-10388802,7458894,271954,-675615,165864,-18926,-47378,27873,1520,-3881,466,399,-70,-21,4,1 # cft deg4 r=0
23295113,-42650440,2231696,45106728,-21937846,-18270176,17811375,644576,-5559627,2252278,224422,-57850,152193,-117756,50918,12936,697,-492,-481,42,139,-18,-5,-2,1 # cft deg4 r=0
3428799653,-3104360568,4457496105,-4784781596,3036772570,-2734116444,1487259218,-870985414,600406466,-252815304,168110898,-59556200,36372808,-10005810,5869610,-1180874,680331,-96128,54473,-5078,2795,-154,81,-2,1 # cft deg4 r=0
47390497,-38727150,-87485727,211125404,-151207028,-106605534,343410847,-374864206,233193759,-69697674,-14697662,25515710,-10841980,523284,1526006,-663538,44747,52770,-12956,-998,936,-52,-31,4,1 # cft deg4 r=0
2490825,-6167334,6086786,1649676,-985039,807092,105133,-1720576,60298,-353886,370918,512504,-294277,-171832,126916,36868,-30353,-8656,4739,1400,-380,-154,8,8,1 # cft deg4 r=0
4817341,30172756,69339196,54162256,-20565345,-51373166,-26517207,-14473190,-8871210,4898704,7947566,3817636,2534157,1847972,834256,377344,185545,61934,16393,4758,758,-84,-26,4,1 # cft deg4 r=0
38927601,69384654,308282058,497529756,713752965,765526662,691904752,521721382,333914010,180744794,82870393,31404036,9908080,2652742,748614,309096,154692,63186,18209,2602,-234,-88,26,8,1 # cft deg4 r=0
4512825,11980890,14779614,16260474,16408412,13451402,10723380,7402338,5101779,3426204,1941314,1209954,636619,327336,167216,63974,33686,9596,3608,536,167,4,14,2,1 # cft deg4 r=0
36123553,84794382,144798544,147471766,108560714,40913772,-6029408,-24570866,-19615245,-9501292,-1936036,798416,1095679,596474,207950,26518,-13304,-10366,-2646,54,245,30,-12,-2,1 # cft deg4 r=0
23385929,-10262036,-34453508,32431812,13359480,-30417998,10808002,11579772,-10153786,384176,2798186,-889816,117923,1556,178642,-92988,4442,-8332,2986,20,94,-36,18,2,1 # cft deg4 r=0
74145249,-213969540,369811321,-476310012,491540176,-407489584,281502040,-152224884,48778822,3521724,-15832348,9614156,-442908,-2466768,1039972,58648,-146515,32196,6271,-4184,297,212,-37,-4,1 # cft deg4 r=0
566361,1127286,2403231,2695032,1511734,-214450,-624567,-215104,413943,472824,211766,67098,28270,28918,20914,9618,3789,1122,130,-136,-94,-32,-7,2,1 # cft deg4 r=0
1672637,719236,2771182,3650528,-25986934,-46202638,3544148,61758816,54495158,20006516,9894822,13779778,11171450,4309788,231338,-578008,-270402,-28330,17380,6016,-30,-300,-30,6,1 # cft deg4 r=0
22503384064,7037735936,20329684480,88180382976,127903039040,88307135616,29551778240,10756885824,11302098528,7204605216,2626106560,939040320,453577736,189939800,62260076,17450772,4390565,941556,163332,19668,2258,228,64,8,1 # cft deg4 r=0
347462773,-2539507418,6965697746,-10155678254,13876376909,-16950599972,19591977810,-17342818056,12572269228,-8454519884,6037803666,-1782422508,396076210,-116189550,24629208,-1572112,606327,-246054,46746,-9322,3225,-410,8,0,1 # cft deg4 r=0
1417105385,2180118072,-313803696,-1408181968,180384542,528950768,281002912,414232712,81840489,-179180984,-62724304,13692608,4382494,-779816,-27680,253000,131254,25880,4592,1400,600,160,56,8,1 # cft deg4 r=0
1411205009,8393578620,19667928688,25219845452,21424964088,12608310484,5910068332,2511204584,1118543082,419240956,110555832,20492040,4099910,2271552,326492,240028,21813,12028,22828,1260,1210,24,56,4,1 # cft deg4 r=0
23093649828,55808904420,86995308978,90444328790,75661867955,49386239884,27703640711,12461004402,4999923130,1628298854,537210983,148415978,49418119,12994076,4275506,965646,305173,50256,17093,1534,922,62,49,2,1 # cft deg4 r=0
76217314501,-312871841684,640263647629,-856043451314,843166901032,-652056585390,411555028147,-216720554586,95857648769,-35575545008,10896636824,-2637640646,442338249,-17851274,-17848362,7626102,-1674033,269266,-16819,480,1082,-174,63,-6,1 # cft deg4 r=0
618422865,-2611981646,-1110502692,9716021650,9474808185,3596978004,5286037073,2655064942,2118597937,835679044,544448223,182779720,93501943,25593898,10216035,2051604,820291,104758,57174,4072,2973,122,87,2,1 # cft deg4 r=0
2013993817,3541555974,2933224220,3794697746,3649675390,1665681440,1564667653,559529346,214439623,70627982,13027666,2983034,2798518,1269114,1614605,212726,402312,1912,47833,-1528,2910,-102,87,-2,1 # cft deg4 r=0
2289128125,7216504190,11776801612,11626923514,8845227706,5863793534,3829520688,2220907206,1362123775,673299748,352483816,146442764,67743412,23962924,10017216,2742668,989251,175294,57052,4970,2146,54,64,-2,1 # cft deg4 r=0
48340233,73045734,-16544672,83757678,130770053,-167699790,-116054706,86345260,27056170,10761550,7012692,-12746054,-1761131,709930,369650,270276,-674,-50482,-11868,2878,1385,82,-18,0,1 # cft deg4 r=0
392195749,-2786331272,3231662930,6056017594,4976221335,-2910254194,-1707776086,-1925760990,619194018,670217296,116503314,-115989278,-50823781,2840710,7252686,1465238,-270650,-168480,-17610,3550,1075,54,14,6,1 # cft deg4 r=0
26607421,-114438298,217887162,-255896800,201691997,-102136664,31792058,-1799430,-3977622,5498398,-3163170,1525212,-508647,132752,66846,-78370,52014,-25482,10942,-3636,1025,-256,50,-6,1 # cft deg4 r=0
248897,-511104,-268862,2314752,6287114,2605172,3939020,-1789036,3375013,-2979492,2994190,-2061848,1326161,-774588,429372,-195884,78954,-27740,9994,-3172,935,-220,52,-8,1 # cft deg4 r=0
180541,-1755532,7980042,-22388612,43490316,-62995124,72662382,-70713404,59996553,-44749944,29657606,-17731176,9558428,-4664116,2077136,-826572,309956,-98768,30876,-7592,1934,-352,70,-8,1 # cft deg4 r=0
311593,2385752,8277482,9958560,17165050,4846924,127444,-1801692,345661,2165060,-720362,45016,17665,-80980,111572,-52700,8394,-716,986,-532,103,-44,28,-8,1 # cft deg4 r=0
122527141,-64747276,-116942426,2012044,71383392,22056996,-26185782,-9517180,6492793,3322632,-1125934,-837032,314704,105492,-74224,12228,4712,-4632,1740,88,-326,88,10,-8,1 # cft deg4 r=0
402109,765540,735790,75188,-195876,-56172,265834,7492,171901,42872,-53102,-92400,72760,-23412,11272,-1660,-2164,1368,-292,-104,146,-88,34,-8,1 # cft deg4 r=0
21077,-161756,685650,-1434268,1680688,-1270788,609246,-201788,233349,-362376,408582,-347728,236996,-154540,92776,-50860,25488,-10416,4476,-1640,598,-176,46,-8,1 # cft deg4 r=0
13756610637,-10321710960,13997544068,-10513081012,5533581904,-3555743826,2590845340,-1688390240,858566038,-416663910,166901333,-70442960,28867846,-10739358,4173362,-1292068,436453,-98832,33857,-4000,1934,-62,68,0,1 # cft deg4 r=0
1326037640693,2205184919436,1534149546048,675843568818,362093532284,195601489464,60669821408,12279681428,6397364056,4264780354,1742537337,520699996,171572340,61617296,16530822,3637148,910153,205920,42291,8260,1128,264,44,0,1 # cft deg4 r=0
7074875929,6962018096,15435909062,3882415298,3907212152,-3433745316,587124275,-343058254,448780514,-10116492,39918461,-32466766,2513320,-1954214,2421323,-356602,297928,-121388,26089,-9218,2466,-400,95,-6,1 # cft deg4 r=0
1416902907893,2397287659590,2332455772576,1966401222650,1200153493395,596917344982,325891535796,166302332056,75516221327,31656183466,11447909742,3580830028,1094438658,307599374,77418398,19841700,4377681,782828,148006,22144,2606,532,52,0,1 # cft deg4 r=0
2113356608,-6071242624,15407849104,-25033074128,26918584228,-22730816128,15590539688,-8650449872,4415936077,-1807891750,777850125,-248746036,101509405,-26267476,11039470,-2293128,984986,-151956,65238,-6276,2929,-114,81,0,1 # cft deg4 r=0
2343475408,5161488048,9422584324,8651393480,15298999889,9456067042,14471208621,7103423972,8635741900,3623470104,3325497759,1150687346,780286663,198009084,102924388,19471396,8028263,1144134,379603,39832,10636,756,161,6,1 # cft deg4 r=0
264121625,-260110710,1124075178,-1081108776,1561444305,-1375315524,891987378,-886804242,265596802,-99539450,132874138,38870748,-14547863,-7345188,725222,952458,-78510,-96230,5102,7076,225,-304,-26,6,1 # cft deg4 r=0
1645126109,3503408588,4257563520,3095690994,1624222079,637683266,357013536,387868358,412948775,334923100,262768926,131692320,81021707,28298904,14422610,3676556,1591655,296754,109836,14342,4563,374,104,4,1 # cft deg4 r=0
7535509,-25667640,13376952,31731742,8586991,-5386830,3042236,6520582,1351519,-647496,174234,406604,81375,-22308,9558,5204,-637,690,168,-102,-21,-22,-4,4,1 # cft deg4 r=0
31252,-263584,609460,2434416,3184676,4056296,3149448,2043008,1689172,568992,730788,62328,212161,-16036,48493,-10676,8222,-3136,1655,-374,226,-74,21,-6,1 # cft deg4 r=0
294489,-125766,346923,-88938,64935,-28260,233890,-263050,447553,-503052,407483,-195646,38734,46508,-54969,29478,-5875,-3406,3838,-2112,859,-280,71,-12,1 # cft deg4 r=0
294029,-146972,11172875,-3121812,-1820782,-79744374,222557347,-278735088,222892369,-164776236,133378056,-88139702,36544596,-7436156,42394,85088,142503,-79746,18840,-1374,-140,40,27,-6,1 # cft deg4 r=0
393030914769,-2865630457178,8921748723983,-12613038072872,9046652739252,-3322156364456,623858608470,-132341493790,20964992044,33392081434,-13438150434,-3405638978,2078631030,154917596,-170696174,-3144632,9188407,-14722,-339905,1262,8677,-14,-137,0,1 # cft deg4 r=0
8631305325,15458678280,11569238262,6217424730,3349848447,-2385247914,-4628791190,-856630558,1445823994,1191609456,611171654,222674202,66885039,28755342,11193066,3249158,1056122,319752,70558,16374,3903,646,106,6,1 # cft deg4 r=0
78104025,-13838940,1284029118,787952586,-1375272213,-1123964538,279670598,501412214,177143746,65793552,54044126,26084234,7571571,2984090,1212026,246210,61074,27904,2794,-530,155,-10,-22,2,1 # cft deg4 r=0
100984725,32666490,-116806698,-23322006,123035274,25847046,-68935518,-12452526,32573739,5161796,-8460444,-512796,2206920,-10940,-248892,7788,49455,-6094,-1354,-254,1038,-442,106,-14,1 # cft deg4 r=0
1880447481,-539193186,4407826086,23887224,5054965515,-53120952,1316426768,-840934530,190924282,-416450090,46879178,-107847412,24614971,-12578904,8001700,-46286,1386958,179974,133146,17076,6399,568,136,6,1 # cft deg4 r=0
9608049,55586538,170762022,292138068,394604679,461030256,479760548,426093578,321462986,203667246,108321498,47958488,17315587,4833656,873532,-8466,-73234,-31462,-6890,-984,27,4,8,2,1 # cft deg4 r=0
19052496,-50455872,124874784,-258781248,409306752,-533706912,598204864,-585572736,507097824,-386246256,259716936,-153909848,80493460,-37257120,15284616,-5580056,1817112,-526324,135360,-30524,5978,-992,136,-14,1 # cft deg4 r=0
358585317,-493181550,367360695,-141096720,149231580,-36265110,17452940,788312,16710840,-1966228,1401426,727572,504071,92392,19564,35824,3972,1080,2210,-88,43,58,6,2,1 # cft deg4 r=0
10213,-42794,272935,538138,1047873,732712,1970176,1340032,1370826,858102,914850,354378,51283,-130886,-40548,-13688,12367,1866,1310,-266,-55,10,4,2,1 # cft deg4 r=0
884025,1510128,-4621923,-19682706,96490167,-204379404,288050240,-287653120,207866976,-114295852,50910348,-17513124,4571777,-1137368,345808,-91364,80253,-1878,10136,1568,769,124,42,2,1 # cft deg4 r=0
1598625,-11651850,85532670,504585786,1463948946,2822612778,4063584457,4574317194,4112718160,2971037740,1718134017,784439338,275591360,71590528,13340726,2212090,695737,281328,74445,10536,678,148,73,14,1 # cft deg4 r=0
377939997,-663461388,422687034,-341929650,231626160,-51708294,27479078,-22077696,38490383,-5283388,3037263,1313272,345357,199336,404887,35656,-23234,-7896,883,48,187,18,-9,-4,1 # cft deg4 r=0
1064360801,-2734878398,5014730486,-6328128302,6607653122,-5617367700,4123677234,-2521680694,1321401500,-563761972,197684804,-47716960,6085396,2187200,-1335160,507710,-76708,12518,3170,118,315,70,24,2,1 # cft deg4 r=0
33769325,161155360,236461914,4237076,-166106251,-34624588,105241698,40806472,-33691110,-17772904,10941103,5976174,-2054982,-1011112,374836,184700,-30140,-18572,3843,2230,-18,-124,6,8,1 # cft deg4 r=0
62460225,-362926620,905977422,-1144117362,582100464,260708436,-490535644,143579686,131644349,-108544024,6551056,23363938,-9516788,-359196,1019599,-113488,-41850,-18698,20498,-5082,-88,260,-33,-4,1 # cft deg4 r=0
17468862653,1353630828,640915767,-6723935626,1540071051,430487484,953429087,32078440,41989159,-88837128,-8436284,-9750602,4504099,1770564,1456724,391380,155227,26096,6875,734,156,36,14,2,1 # cft deg4 r=0
1889289,4150222,-1871279,-3989500,7903261,3825824,-4556757,2136014,2615221,-376214,725654,579742,11067,74716,50956,-1896,1259,1394,-603,-264,-2,-14,-4,2,1 # cft deg4 r=0
169624825,552242214,777614037,585941862,178969775,-122276222,-191611800,-116215594,-31536215,9732676,15727051,8284172,2150518,-176254,-489281,-239778,-71591,-4374,12608,4962,-161,-328,-23,8,1 # cft deg4 r=0
596880,-1607904,2981296,-3209536,2215544,-622632,1752872,-670272,-448420,147460,1481686,1181450,262971,-241920,-165661,-14888,19116,5332,-481,144,248,-36,-27,2,1 # cft deg4 r=0
1340917,3070322,22265700,54991294,108053540,132848122,133202375,111227690,86749495,58462420,36224938,18297620,8364490,3435002,1467509,565824,226766,60436,21365,3574,1584,30,69,-2,1 # cft deg4 r=0
8834573,-13438744,5962654,-19236072,98663078,-100317344,254554861,-199604994,138757619,-53459474,-506674,12572812,-5845292,148222,936755,-275372,-28724,37516,-3551,-1600,662,52,-19,4,1 # cft deg4 r=0
1460821,4789872,6425540,9530848,13622392,13643294,16250150,16905756,17032926,10307896,6874990,3336432,1143763,797648,889590,267732,162154,41612,14322,2696,418,100,30,-2,1 # cft deg4 r=0
5666384821,15221215636,15958053655,5678277732,-1661208373,-1635135736,922410000,357877856,-182495935,-269650268,84196795,29675724,-10855012,-4301198,1195122,459092,-30332,-30346,1289,1732,800,-18,-32,4,1 # cft deg4 r=0
32711312737,32782651982,-23057568785,-86704283748,114926785652,-55134735610,16469311421,-9466932774,6315926119,-2404458772,423972678,97531284,-70167738,13313794,1118730,-1249574,217277,37930,-24543,6122,-319,-128,61,-8,1 # cft deg4 r=0
184015625,-766356250,985806050,-8493750,-711247042,57524040,342134656,-4591778,-69633285,15095506,7242800,-1714610,1761900,107178,-624540,-3684,110642,794,-13582,-332,1046,44,-46,-2,1 # cft deg4 r=0
2456552704,3447270784,8258963408,6035674976,7347698341,1735999060,2106196959,-667777142,475423548,-334417356,162861897,-89502186,37178247,-13537940,5095496,-1435136,451963,-114048,24953,-6622,1036,-212,39,-2,1 # cft deg4 r=0
64492140548,55905989580,1577002270,24450578974,13511620155,-15969315262,-9380299051,2374178898,7547321258,4963690088,1898180201,467254122,134633051,56635656,19262878,2366798,-306551,-150130,14011,6626,1602,-148,-5,-2,1 # cft deg4 r=0
7432026809,4219861096,1463860766,2307976464,2772698454,590414238,-683750984,-475436952,7480910,66941012,6477162,-9678406,-382426,1891592,639074,-124776,-81982,-19814,4968,1736,370,-108,-18,-2,1 # cft deg4 r=0
4038109,-15862700,25464448,-26276154,22187517,-10172730,58336,-2729302,6699647,-6551412,4694256,-2469696,1836074,-1132944,768248,-385048,175595,-62528,20736,-5398,1297,-214,56,-2,1 # cft deg4 r=0
104137,-56872,146946,291704,586414,-1742414,2320950,328712,-2737904,2855586,-700928,-1085678,1453048,-911834,329592,-61492,1189,-660,3372,-1150,268,10,6,-2,1 # cft deg4 r=0
18903413,-103469238,226643038,-262285918,189811658,-104522720,58110770,-22357618,1915395,2202124,-2129258,962572,-52399,-88490,45796,-11142,-3478,3506,-1298,234,15,-30,18,-2,1 # cft deg4 r=0
71765392,-671923584,3400505184,-11669983488,28284485216,-49734640384,65228446032,-64931610496,49552788176,-29081416112,13039723984,-4354404376,1000351636,-112087936,-17292712,10723352,-2251320,161156,45128,-15584,1708,176,-74,2,1 # cft deg4 r=0
2355133,10255594,19206171,20112394,14117959,7811278,6353652,5680632,2812145,-454964,-1448281,-581770,110850,181054,49214,-1086,14766,3316,-5905,-1244,688,94,-24,-6,1 # cft deg4 r=0
189415661,-342766226,-17764044,357864984,-174313156,-88919074,100838600,-30660722,11723066,-4696406,-1412953,1400602,-64494,-9732,-70934,-40260,19745,5786,2225,-1116,-300,-62,24,6,1 # cft deg4 r=0
11748865,-53816172,49972401,51852576,1981525,-16063120,19899943,-22164974,10851773,-4868768,402430,560826,-362745,39656,91472,-59916,28163,-6752,1973,-512,294,-100,32,-6,1 # cft deg4 r=0
727557,-5969880,29036253,-82308082,158087673,-227986578,248859514,-202772372,122271225,-47777784,4939681,2536862,1823612,-1442776,-191820,225916,-6642,-22002,4791,2814,472,-76,-46,0,1 # cft deg4 r=0
128069757,197545104,115293762,297234100,1104489728,1565725224,1269686732,769959050,406276954,163497374,2313931,-49950266,-28335330,-4015368,1965032,1213432,295383,-26828,-25579,-7800,-482,210,76,12,1 # cft deg4 r=0
9953125,16133250,24596775,-34539820,-3133319,-9601928,30442537,-10819784,7117593,-8577054,5232454,431988,802327,-226364,-18180,7732,6703,1382,-133,340,54,-6,-12,0,1 # cft deg4 r=0
6271301081,5602544840,-1148469390,-1283842518,-507404233,-1353682652,679517176,358760130,-89210146,-72183068,25177482,2347416,-4558279,724392,528966,-213308,15125,10030,-4622,586,188,-58,16,-6,1 # cft deg4 r=0
198416,212784,830392,211400,-990072,-164300,456254,591462,69525,-603832,173780,65864,-10975,-33644,5022,-5830,1920,1306,324,118,121,-58,28,-6,1 # cft deg4 r=0
140276929,-200887284,461829730,-232763144,565985938,-40670058,261048632,-8973844,21309162,-1602060,-4030458,-244326,-732002,20420,-57922,21728,-3434,4226,1256,164,374,-28,34,-2,1 # cft deg4 r=0
1027021229,3007623616,3863284866,1715871274,-1394800693,-2279842400,-1035173970,145069046,330737885,107559812,13045398,20150442,14216100,2463492,-110616,17798,82237,-3698,-2734,-1020,672,28,14,2,1 # cft deg4 r=0
246893029,1633596522,4717951958,7629569012,7213722957,3481907526,124073772,-335084442,924223098,1677053412,1347793770,647528832,179239346,11218732,-12609966,-5295422,-685340,163324,81840,10642,-1202,-550,-44,6,1 # cft deg4 r=0
24379,-12018,-636908,-415479,490440,-23822,-10299,617838,519865,-438381,-482456,113026,123166,-50857,-20799,22951,7586,-3572,-1089,675,117,-157,-21,7,1 # cft deg4 r=12
5041,13420,-257389,627172,-618926,1004353,-1205589,1102132,-546391,257663,-4822,-68319,59979,-39229,15659,-1552,-2047,243,166,86,-55,-35,36,-10,1 # cft deg4 r=6
373,9793,-32728,21402,51079,-135325,179113,-178164,130547,-56956,-47,6082,19777,-19865,-8006,20310,-7325,-3884,3108,-59,-449,94,22,-10,1 # cft deg4 r=6
1698271,11238799,13206879,-38690180,-66264486,43624302,113580059,-9192927,-98841071,-19095670,48346142,17650718,-13699583,-6968800,2233462,1531394,-190306,-199173,4258,15149,587,-615,-47,10,1 # cft deg4 r=18
41337,476091,63600,-2975600,-3353180,2226030,7055909,8054878,5379820,1410788,10307,13695,41425,-124521,-233423,-178270,-47679,19454,16588,2675,-960,-359,-5,10,1 # cft deg4 r=12
347,165853,3003029,17855534,45681980,60577843,60701097,41140241,24044271,15546730,12023860,7260967,2752354,175233,-417865,-241344,-33551,20550,10868,546,-835,-228,10,10,1 # cft deg4 r=6
67,25772,104929,-226813,243216,719943,-2046966,1049317,988172,-1341237,444902,326277,-404989,58593,120470,-45716,-23278,14311,2239,-2596,131,202,-30,-5,1 # cft deg4 r=12
-251,-1616,-1897,-7369,-63560,-74210,267104,494619,-309115,-940101,51266,853046,132130,-433454,-105484,132484,36667,-24811,-6986,2761,753,-165,-43,4,1 # cft deg4 r=18
621,-8910,23922,-17532,-55350,171522,-190805,108039,90,-58309,74068,-99185,125483,-93853,18954,21266,-10513,-5561,5609,-913,-506,203,-4,-8,1 # cft deg4 r=6
-2065001,-5306514,17997715,81528185,88416988,-27217707,-110050119,-47176554,30291195,27765796,2731391,-3810594,-1927974,-276976,187977,75283,-4414,-4027,472,806,113,-110,-25,4,1 # cft deg4 r=18
1867,4495,3813,915,9359,24207,10760,-18297,-18763,-7413,-475,8375,12208,9957,4492,-724,-979,716,868,73,-186,-66,7,7,1 # cft deg4 r=0
-15227,-135352,419295,-548791,982322,-1332074,636258,-292974,796149,-261100,-455129,-78916,401504,63154,-219389,6481,59718,-6825,-9152,1262,833,-99,-43,3,1 # cft deg4 r=6
-3,6249,-46434,-321318,-397002,869778,2455328,721978,-2999788,-2316043,1618361,1987680,-407547,-906219,16114,249613,17585,-42725,-4856,4417,601,-251,-38,6,1 # cft deg4 r=12
-2557,12417,-25693,51099,-47081,30308,-158241,187031,-221540,88080,38626,-73461,21336,39679,-33265,-8567,15131,-122,-3587,361,490,-60,-36,3,1 # cft deg4 r=6
-2309,-83367,1433098,-3715678,1628972,143109,8358049,-7109847,-14957683,19213068,4036976,-13760632,2280728,4365885,-1476968,-716557,343833,59804,-40729,-2059,2557,-3,-80,1,1 # cft deg4 r=18
-2769797,17811002,-19111791,-26179239,73995742,-59975178,-19746313,88675419,-63678346,-12617086,38003594,-11003727,-8099544,4996611,539114,-950696,74555,99675,-18088,-5913,1549,180,-63,-2,1 # cft deg4 r=12
6089873,-45866131,71969778,15167525,-124372461,60711783,87723331,-81344760,-29953375,53370574,-552241,-19870044,4016737,4504390,-1513511,-622288,292092,47222,-32020,-1545,2004,-4,-68,1,1 # cft deg4 r=6
134413,440741,608631,829398,1092642,516419,-465991,-662098,-640887,-267302,659027,621130,-224006,-363703,15596,113223,11993,-20388,-3906,2169,544,-125,-37,3,1 # cft deg4 r=6
-1,-10,-23,25,58,10,356,-381,-39,-435,31,94,354,207,-615,332,-599,369,460,-497,61,76,-23,-2,1 # cft deg4 r=12
-104173,-9273013,-50912496,-87012109,-52852730,-21401910,30983319,75863898,-33841578,-87116822,14790944,50879176,2149633,-14833652,-2456576,2269763,558344,-187360,-59037,8121,3248,-163,-90,1,1 # cft deg4 r=18
18223,1202242,3094512,840195,-4420604,-6758106,-4632412,-815095,938242,636601,3272,-137011,21464,90766,47317,2262,-6013,-381,1574,453,-232,-133,-5,7,1 # cft deg4 r=12
71,4934,19606,11076,-26939,-37458,-15536,-12721,-27437,-16588,8936,8068,-7514,-4926,6576,5821,-1173,-2568,-368,498,163,-41,-21,1,1 # cft deg4 r=6
4051,-285400,1277298,-1308038,-1890157,3619812,778937,-3552977,-169584,2243782,86228,-1051780,-53522,361288,23768,-90597,-6419,16780,746,-2205,25,181,-14,-7,1 # cft deg4 r=12
15342889,70278814,-16602428,-18956615,-10800494,-16819102,-12366908,-3338167,15549748,2998414,-2158898,-3606896,861338,639008,121608,-211993,-5678,21127,5315,-3419,-332,329,-27,-7,1 # cft deg4 r=6
-62163,446112,-204552,1410516,18948789,19040868,-40409952,-67253217,14015952,72653079,20548287,-33250665,-19785661,5524877,6671739,438262,-957866,-232775,46396,21143,50,-737,-55,9,1 # cft deg4 r=18
-38359,349774,-846151,66257,2079771,-1547267,-2058424,1972157,1837876,-1796359,-1448492,1571199,633542,-884702,-136642,285579,17716,-55571,-3219,6364,658,-337,-48,6,1 # cft deg4 r=12
44201,127083,-39733,-369653,-25130,757372,437602,-747948,-783975,377035,762597,-10215,-456859,-120274,162307,81140,-27741,-24594,-67,3300,523,-167,-41,3,1 # cft deg4 r=6
-269,1470,30294,66096,27289,8752,91881,-25222,-320390,-135764,361585,169404,-423688,-340426,131349,197860,14006,-42126,-9527,3844,1207,-150,-59,2,1 # cft deg4 r=12
-10597,105346,951275,-1530596,-18688421,42475336,16575973,-58612708,-18780315,32737962,19495442,-7531008,-9631933,-345912,2305704,491108,-284087,-95342,18627,9612,-298,-514,-40,8,1 # cft deg4 r=12
84736,-92672,-424576,83328,502800,-58560,-1092600,-218544,1962016,98412,-2092610,181010,1321091,-197424,-505599,84812,118428,-18792,-16815,2164,1396,-116,-61,2,1 # cft deg4 r=12
-31,318,-1116,-1802,26009,-33806,-146711,325600,188438,-1252536,1345453,150654,-1243844,655572,219670,-273346,19277,44500,-9414,-3536,1070,136,-53,-2,1 # cft deg4 r=12
-934309,-7665662,13151214,19420862,-25916848,-34341024,30881063,39403866,-29379618,-25562506,19675861,9601352,-8999874,-1690324,2633485,-80960,-439768,84804,33557,-12176,-312,556,-43,-8,1 # cft deg4 r=6
-10729,77874,247291,-85326,-87273,-121672,-314419,58504,185778,-189546,390955,-301550,125685,-165256,138641,26328,-72326,16868,8834,-3774,-264,288,-17,-8,1 # cft deg4 r=6
1,14,-69,-96,3391,-7836,-17951,95298,-165348,218226,-356792,473194,-286842,-82196,220691,-90402,-27740,29612,-2681,-3322,747,150,-49,-2,1 # cft deg4 r=12
419227,604512,-2810106,-6465856,4356899,14602536,-1850044,-15858604,-856323,10669044,1381976,-4803702,-723625,1491458,202688,-323462,-31508,48586,2176,-4856,67,292,-21,-8,1 # cft deg4 r=6
8281,-93590,264257,-492772,746739,-823270,661658,-381214,53224,144384,-126141,39780,22440,-43738,14154,17650,-13621,-1168,3813,-766,-375,156,1,-8,1 # cft deg4 r=6
461,6594,49463,216466,580232,1048002,1426767,1467166,748359,-685064,-1566118,-664932,828944,706934,-247452,-270940,53757,52302,-8413,-5396,833,284,-45,-6,1 # cft deg4 r=12
-12720061,-37350382,106256678,35038134,-198611267,109940046,82376338,-105472684,-1956380,45048236,-10909719,-12020546,5050620,2108296,-1267320,-244756,205364,17988,-22245,-698,1558,8,-62,0,1 # cft deg4 r=12
-4733,-191750,-1480956,-1267766,6477978,10410104,-1712836,-5049278,11042160,14098180,-2035697,-8354178,-1486488,2018562,553214,-293286,-88190,30162,10992,-2516,-1063,314,15,-12,1 # cft deg4 r=12
216569,3732056,8550627,-48562222,-221154838,-275082468,60323977,446608874,357813941,-29000916,-199386162,-99186456,10468498,25381086,6120290,-1930302,-1127881,-37958,78275,13474,-2039,-712,-13,12,1 # cft deg4 r=18
-8033181341,-7324916800,-498138290,8959205380,12512176802,9725192244,4621708754,845905212,-565707732,-591104026,-253593788,-43893960,16426074,13096600,3562592,-64880,-321552,-81852,4702,5846,793,-162,-46,0,1 # cft deg4 r=6
-8069,52628,-121167,132854,-56030,-91282,303319,-583312,774605,-413274,-343105,410214,277529,-537094,132361,158816,-97169,-5980,17596,-2834,-1151,354,11,-12,1 # cft deg4 r=6
481,4914,4004,9286,90422,210634,-177486,-735302,-118213,394394,-20459,-263552,151253,288340,15077,-105198,-22396,21056,5519,-2776,-607,268,15,-12,1 # cft deg4 r=6
491,-2428,-15506,352,47357,-4146,10735,52094,-354958,127824,584839,-458728,-293798,386762,18025,-137298,22256,24394,-6595,-2288,793,108,-45,-2,1 # cft deg4 r=12
-547483,-1380226,4128260,7862006,-10961537,-14125158,13412943,11813148,-6509656,-6504054,73963,2697748,1077170,-651262,-467879,52204,105494,10002,-16367,-1668,1397,84,-57,-2,1 # cft deg4 r=12
1916,-6972,-51992,103994,396293,67254,270609,130430,-1229324,-214598,1027491,100324,-553261,57640,166708,-42074,-28937,10262,3679,-1770,-232,190,-7,-8,1 # cft deg4 r=12
-6451537,27918308,20414991,-271433482,435145017,32525594,-693207931,494044478,269841399,-456104446,69577394,149027640,-70796153,-14618680,16835696,-1553296,-1640935,408320,58535,-29426,600,858,-76,-8,1 # cft deg4 r=18
193636,-2487968,-3736734,-9468174,-11228485,18661080,39627626,52212258,54235895,43338948,28296746,14316578,5179727,1158572,-202234,-371238,-127071,17956,21446,2906,-1147,-360,-2,10,1 # cft deg4 r=6
1139152,1188544,-3110128,-6376384,-643440,11511136,10272872,-10186616,-14186693,5826276,10271043,-2726724,-4674715,1193644,1346906,-416820,-223378,91284,16178,-10284,43,488,-41,-8,1 # cft deg4 r=6
-19937,-37884,39129,87748,-101135,-33664,420003,-761918,700387,-348862,8030,102678,11839,-106678,44781,37336,-34104,2272,5998,-1686,-360,200,-5,-8,1 # cft deg4 r=6
43,4302,-11255,-27926,83522,58452,-144728,-246314,165303,588952,-215768,-674850,203595,420544,-105574,-152944,30587,32610,-5318,-3888,584,240,-37,-6,1 # cft deg4 r=12
127,802,1107,-2858,-7598,-668,4412,-2880,13513,47514,30880,-84888,-116599,103808,122042,-101900,-40235,47928,-2516,-6346,956,330,-57,-6,1 # cft deg4 r=12
3297788,22959824,49317284,12149332,-79674860,-82720068,-10225454,6455976,-2606446,4655104,-748908,-4279766,2087563,1918902,-903869,-447654,215978,65146,-29699,-6192,2154,324,-73,-6,1 # cft deg4 r=18
1037,13382,22341,43788,58602,98130,99948,11420,-230947,-439664,-425236,-127192,172609,239598,61566,-126964,-140091,-49146,5988,8958,1738,-216,-83,0,1 # cft deg4 r=6
-14257,-73286,37002,839938,1233320,-1821942,-5306651,-277064,7799975,3583138,-5521366,-3411018,2376831,1521154,-699124,-380702,143339,55248,-19539,-4400,1601,160,-65,-2,1 # cft deg4 r=12
-2736025,-22517830,223673367,-695307094,897530409,-190530710,-737009918,707445636,-4531947,-316995906,129787491,49700142,-45736124,1148006,7385221,-1484080,-614459,222252,21060,-15844,385,564,-49,-8,1 # cft deg4 r=6
4060687,-7256712,-19535563,45456500,-566012,-46769998,19522366,-583386,33597863,-40608384,4532696,15580042,-6446211,-2898278,2411950,-51156,-356915,73588,22916,-9014,-278,452,-33,-8,1 # cft deg4 r=6
260791,-3216496,12274797,-16883736,12632096,-19449774,9717510,44645592,-63064429,3372372,40892250,-20498320,-7354853,7834198,-189146,-1335970,225219,123512,-31984,-6412,2154,176,-73,-2,1 # cft deg4 r=12
22623716,286069008,-52498400,-572590476,-137081636,398886804,226494556,-82297600,-105277658,-17334254,18009644,9792378,-304343,-1635088,-288231,158390,59758,-9178,-8067,2,746,42,-41,-2,1 # cft deg4 r=12
-13,138,1109,710,-3987,-11024,-51803,-105392,-86609,39146,106482,86270,118493,-160310,-35782,135652,34585,-38636,-9751,4622,1140,-236,-58,4,1 # cft deg4 r=12
-3317575,9557100,13451180,-23618110,-15224728,15003088,4544258,1044158,-332290,-2351216,1345859,331192,-441160,-42828,-22034,27250,6146,-8278,-1326,1550,365,-116,-33,2,1 # cft deg4 r=12
5013325,39540350,67439215,-73316350,-264770548,-353950406,-266810207,22949090,281821339,384273736,345381904,226219412,109121504,36990596,6058334,-1955648,-1637977,-389698,22779,28162,3263,-548,-115,2,1 # cft deg4 r=12
1949,-21734,32205,144924,-377616,-117714,951018,-274594,-1126080,624550,754134,-567192,-302964,294974,71430,-96120,-7971,20028,-327,-2594,217,190,-25,-6,1 # cft deg4 r=12
1795,12924,-32426,273418,-47029,-377880,17933,438416,557503,-987536,-593805,1397626,-41431,-901780,331025,235016,-162263,-6004,25446,-4014,-1421,426,7,-12,1 # cft deg4 r=6
-2713,84056,-439693,996486,-1084188,236276,937201,-1371572,698775,330748,-693502,261084,209910,-208912,-12878,89956,-32313,-10578,9140,-692,-866,200,25,-12,1 # cft deg4 r=6
601,1232,-27283,40468,18249,-54349,-57394,190774,-13700,-400755,683350,-247327,-402507,500659,-185376,-219963,140112,41294,-25352,-3639,1997,144,-73,-2,1 # cft deg4 r=12
240403,5748262,7275631,-296059,-3407774,-24644326,-62522402,-51498996,4523385,31097580,15784208,-757872,-3133507,-840327,72693,22755,-32155,-5535,6934,2903,20,-203,-32,4,1 # cft deg4 r=12
96931129,-256269976,173443564,97566354,-150671026,55029958,17699358,-50929525,27933540,13579798,-18231251,-138943,6073599,-821215,-1340659,231346,208199,-31359,-22281,2285,1537,-81,-60,1,1 # cft deg4 r=0
922549,1907948,-333631,-3633345,-2352533,1049466,455062,-1716785,-411145,1928485,1336212,-504935,-771070,-28049,247607,66832,-43047,-20171,3892,3143,-18,-242,-22,7,1 # cft deg4 r=12
-1931,75838,-416012,-1359601,5547226,25130,-18971317,26170957,-8321363,-8951233,5881248,4058381,-5478304,1412318,856343,-657038,99030,48322,-17620,-1867,1472,-14,-56,1,1 # cft deg4 r=12
783601,-1851707,2752542,-3150354,3545216,-1104837,-2696948,6686512,1589952,-5371717,343040,3628294,186204,-1382953,-267471,283411,84592,-32818,-12815,2210,1086,-79,-50,1,1 # cft deg4 r=0
302219,-1598926,534845,8989311,-9917506,-18322124,28002788,14888819,-34954640,-1590179,22407706,-4396453,-7946890,2873140,1553189,-837840,-139980,131384,-1313,-10801,1203,394,-70,-4,1 # cft deg4 r=18
227,-1244,2603,761,-19721,30383,26826,-77639,-54628,159048,67384,-230463,7488,161408,-32526,-58337,17179,11789,-4245,-1307,545,77,-36,-2,1 # cft deg4 r=6
-501328,3323216,8074432,-22702138,12788945,-23701371,26821692,-18330980,17770696,-10689507,8277266,-4620875,2601072,-1104138,423851,-120240,33946,-6439,1950,7,-76,80,-14,1,1 # cft deg4 r=6
101811,-701064,242061,5316798,-3393033,-15250836,5650346,21281451,-3373414,-16951080,202744,8408272,851237,-2624574,-491469,509675,129015,-60017,-18458,4069,1463,-143,-60,2,1 # cft deg4 r=18
-128983,-706347,166925,4354693,5765947,-3184012,-15995990,-16688893,-2101856,11749206,11376175,2145740,-3517694,-2557715,-52457,583373,158888,-55955,-26366,2230,1935,-12,-69,-1,1 # cft deg4 r=12
241,1067,2167,18239,486,92120,77463,244707,573926,686423,1279326,1616135,1164914,915305,729143,238073,-78498,-69407,-5196,6181,1236,-205,-62,2,1 # cft deg4 r=6
1231,8322,-37587,139846,-342778,-504685,2729925,-1210042,-4925049,4380316,3719566,-4760922,-1210489,2526063,47179,-722300,72752,111606,-18840,-8804,1842,316,-74,-4,1 # cft deg4 r=18
499,-5244,-5838,46945,49987,-49228,15675,132105,-68135,-317162,27716,410371,-43534,-331100,22423,144028,-6759,-42329,-4050,5027,784,-260,-48,5,1 # cft deg4 r=12
25471,-1088306,-1461320,-1039782,981796,1423302,2202119,2283380,2400321,1560828,1098141,624158,427215,156848,20598,8670,11541,-4060,-7510,-806,863,138,-49,-4,1 # cft deg4 r=6
387267,126648,1071960,2215044,5224416,10066311,10834249,11568903,28128465,53713526,61681928,44680676,20828089,5943964,777194,-93498,-55215,-2226,4696,1019,-244,-85,13,8,1 # cft deg4 r=0
78121259,-45323527,-398528492,408821802,527666801,-1019641260,226642563,701519395,-710148058,171121590,152878587,-120404732,2448044,36108830,-19410852,2596402,1533255,-769551,100717,19407,-7829,642,86,-19,1 # cft deg4 r=12
1,171,4410,10507,-73124,-217423,235045,1012123,-117439,-2004264,-491744,1968314,849392,-981384,-549007,236998,164326,-26327,-24691,1054,1891,10,-70,-1,1 # cft deg4 r=24
567,2646,-1512,-9642,-8215,18579,39749,-17834,-76449,-5248,80550,28729,-54211,-35873,18221,20928,-1132,-6262,-985,951,270,-67,-26,2,1 # cft deg4 r=6
-823,-5017,30279,41949,-77976,-55249,-52190,-149878,-167839,-119009,467264,536132,-350195,-460270,149198,244728,6896,-50600,-7274,5047,962,-249,-51,5,1 # cft deg4 r=12
1273563,-676917,-3316176,-6467520,3666323,4808678,-6652926,-3987625,-3085763,-2962305,-948926,-530098,-241801,15725,-43149,-1526,752,-351,178,-446,200,28,-22,2,1 # cft deg4 r=6
12351961,13719311,-21685275,-20150363,-3274457,19322809,9350546,-3446574,-5580722,-907507,1251823,391889,-158518,-102952,48134,45130,-9722,-13630,-75,2038,254,-145,-29,4,1 # cft deg4 r=12
5903,35554,-202025,-952135,865156,4057830,-975316,-5636310,-491074,4387217,452264,-1661472,16505,138692,-1374,53322,-14341,-6631,-165,-116,780,-121,-39,4,1 # cft deg4 r=12
350265083,-282060856,368395289,-163006609,142107000,144612130,57352019,-72463061,21264535,-16214842,7125088,-3413448,2426942,-658141,19614,-13262,51492,-10921,-6429,621,824,-56,-41,1,1 # cft deg4 r=0
140189,-93955,6508,-233956,247450,-427243,-1616300,391543,1887744,524247,-1256208,-896765,590524,525872,-204031,-160817,49871,28212,-7988,-2879,778,162,-42,-4,1 # cft deg4 r=6
-253496007,1831705596,-5084517636,6637680324,-3245082075,-1572599070,2545658937,-664103556,-440590887,267848565,6368157,-36607230,7016497,2686766,-1549696,-88762,221053,-4057,-21127,331,1322,20,-54,-1,1 # cft deg4 r=12
463147373,-1347297042,1926710258,-2001157350,1543519027,-894110714,413044433,-149895368,56845296,-17514783,383417,2281147,-620836,188891,-181135,47738,3295,-3273,-718,-33,193,-13,-9,2,1 # cft deg4 r=6
13053239,54230514,-21608872,-252927638,-2363386,473292415,-7983697,-473829009,52962702,276628639,-56168598,-97076313,26758383,20843995,-7000025,-2720723,1075200,204718,-97057,-7559,4844,70,-115,1,1 # cft deg4 r=18
3169,-825394,2207006,-797125,-342054,-6173705,11519971,-1619125,-5896344,-7768383,15182549,-5197194,-1003579,704148,-259598,75832,9366,1645,-1670,-927,581,-38,-43,4,1 # cft deg4 r=12
166001951,-277903168,352137707,-275845798,91317096,79334788,-166016627,153760074,-84523425,16786796,17439117,-20715434,10852794,-1517952,-2078410,1458712,-226126,-151874,80201,-9726,-2645,906,-61,-8,1 # cft deg4 r=6
-4825717,57718800,873897,-139665130,28916324,148047715,-48518520,-92016530,37816117,37895388,-17971275,-10974443,5760687,2283812,-1289792,-341338,202341,35560,-21751,-2391,1516,88,-61,-1,1 # cft deg4 r=12
-199024351,-14629216,356720193,-714506847,556785576,948549605,-1881553111,567387509,734032548,-413609108,-126162779,94162498,14299410,-9050736,-1456536,263388,95358,1357,-904,1651,-91,-139,-19,2,1 # cft deg4 r=6
172951987,-1283827662,1629909970,11986721,-825029487,245592147,381464863,-174759889,-104126171,80190171,18038332,-23430870,-1190860,4970015,-253982,-749873,87064,79889,-12677,-5642,1087,232,-51,-4,1 # cft deg4 r=6
-150481,1625489,-3815848,1163033,1444683,2966585,-2153127,-4515013,3024140,991420,1355853,-3030081,700781,441217,324827,-462764,13138,126301,-41313,-3867,3549,-231,-90,7,1 # cft deg4 r=12
-369783,1890981,155853,-6567750,3019131,4123638,-1509252,6016485,-10990242,-4686201,16743291,-4074489,-8686667,5023627,1497053,-1759087,90736,259233,-52690,-15020,4831,160,-123,1,1 # cft deg4 r=18
-24889,-40012,-81475,4889,283215,266198,355019,-721859,-796586,-169801,724865,1229098,465415,-262668,-444072,-89865,155845,40498,-33684,-3279,3437,-118,-99,4,1 # cft deg4 r=6
1210982543,1231540439,151971523,-361961485,934223016,641390128,-18095968,-76106850,220207346,3119843,768540,15560759,12919711,1606562,-632364,-588122,-128221,7456,15380,3300,-175,-222,-24,3,1 # cft deg4 r=0
1,-193802,1568672,-4394536,2864121,10909033,-25544129,11405920,25294688,-32194980,574450,18761988,-8344609,-3389858,3166905,-84674,-484609,94362,33033,-11261,-673,551,-25,-10,1 # cft deg4 r=18
361,-7220,5054,101004,-161861,-342418,722099,441007,-1349519,-239493,1481963,-106745,-1004004,264167,396045,-171948,-78031,51895,3708,-7024,764,309,-57,-4,1 # cft deg4 r=18
20434739,16871753,-33315571,34546972,-3980874,-103378705,78866121,51133584,-75048858,10615297,27810411,-16237690,-3834139,5991026,-367730,-1161099,215540,132601,-32765,-9945,2155,415,-69,-7,1 # cft deg4 r=12
-173,-7606,-68445,-195102,-132543,311395,537684,1143,-464868,-36351,487191,257955,-182441,-186309,13831,63004,10487,-12083,-4220,1071,636,-16,-39,-1,1 # cft deg4 r=12
-5833481,4329271,16311054,33575782,29004491,14355854,-5332372,-15824833,-16149296,-9487100,-3270186,-264607,123249,-282584,-466935,-325339,-104552,6322,18643,5412,-199,-360,-43,5,1 # cft deg4 r=6
-105359427,-683025,259505783,-210751407,-162912406,271657562,-42040210,-127768476,68201614,23800249,-23138364,-1036478,3977779,395877,-299870,-195494,28586,43970,-4456,-4007,785,224,-43,-4,1 # cft deg4 r=6
-117211,-638375,7075947,25408974,26125562,4421529,-12374720,-23248010,-29734946,-21735113,-7252467,-62275,527429,398173,543401,331533,70945,-1434,6870,7209,1701,-115,-79,-2,1 # cft deg4 r=12
-701203,-2694908,706930,9112351,5097491,-4082645,-1854050,2234517,-6939137,-17263350,-13642653,-1904095,5308071,4245582,567579,-814935,-397970,12188,54601,12411,-975,-706,-61,7,1 # cft deg4 r=12
1153,-7064,-42184,41928,394040,745456,634012,-582886,-2392281,-2987469,-1631750,600386,1923390,1507305,348181,-213529,-107474,60493,66092,21550,1931,-472,-101,1,1 # cft deg4 r=12
-526001,-3043824,-3748843,7720625,17571091,-4943009,-28412151,-3215236,24614027,6493405,-13219709,-4230185,4725418,1520181,-1162598,-332017,197712,44418,-22619,-3463,1626,138,-64,-2,1 # cft deg4 r=18
1195075,3604160,1422666,-3122610,-2765402,-2409105,-480678,2170767,1398745,-106875,-318689,-112200,-8121,48354,43576,-984,-16428,-5273,2306,1303,-185,-147,9,10,1 # cft deg4 r=12
-44425,-297165,479089,-491454,261258,235947,-255987,-130466,435879,8741,-299224,89946,163038,-68623,-76297,37548,21329,-11291,-3451,1893,350,-171,-23,7,1 # cft deg4 r=6
8975,-553140,4887868,-13331567,21688621,-26684670,23107237,-12037003,2019369,2778705,-2249824,-1065961,2478720,-804658,-677405,435028,70170,-85849,-3471,8997,337,-482,-33,10,1 # cft deg4 r=12
-6881,57680,-137011,42880,74843,37447,128986,-528683,139277,592543,-355127,-304009,268429,85434,-112099,-12494,29454,427,-5035,146,549,-22,-35,1,1 # cft deg4 r=6
397,1675,-6586,-28513,7320,62441,50530,19269,-353994,262049,282848,-419822,-24754,262367,-67875,-81018,37910,10964,-7962,-599,851,-3,-46,1,1 # cft deg4 r=12
3325,-28805,10311,85236,-159533,-221849,138167,85651,-50800,-8212,-245020,114816,229761,-163425,-77439,82845,14443,-20948,-1976,2988,274,-219,-24,7,1 # cft deg4 r=6
-1317671,-20053896,83440215,15956223,-182610999,-62368936,52536828,55727556,10174112,-7629531,1208910,2606985,-272787,-1090201,-398774,-29586,1462,6825,4759,1753,98,-147,-29,1,1 # cft deg4 r=12
-1976753,-1006060,7391188,5382871,-6946576,-5779953,6919795,6512395,-6098326,-6628618,312761,2609335,586796,-973820,-273053,313699,89716,-52207,-14998,4557,1276,-211,-56,4,1 # cft deg4 r=12
64729,2044,-166314,79773,-579657,512370,1482329,-1511224,-1195845,1579287,575090,-1031909,-167580,452289,18240,-131151,5503,24531,-2479,-2826,407,182,-32,-5,1 # cft deg4 r=12
-3457,31986,-74357,26700,16927,-98959,137056,-109181,-33051,119801,-65881,-45783,59903,1034,-27145,5030,7776,-2179,-1571,464,221,-56,-21,3,1 # cft deg4 r=6
2291,-36979,97233,-52455,-160490,168253,81988,81055,-553028,267446,526183,-509568,-143857,312383,-20032,-99593,21118,18490,-5360,-2017,664,121,-41,-3,1 # cft deg4 r=6
-953,-5287,-3591,17150,19406,-7935,-40731,-5812,34291,-3639,36190,-28048,-65744,60273,27939,-40824,-1247,12649,-1721,-1957,438,133,-37,-3,1 # cft deg4 r=12
-1489,19851,-16094,-224661,598167,-384931,-167315,-25676,268017,312401,-479664,-168816,347834,32730,-142058,2071,36787,-2224,-6211,433,665,-35,-40,1,1 # cft deg4 r=12
-478411,-4912198,-6782348,37181735,60797328,-131536850,-149232610,315147271,189565538,-377934287,-146234609,189587071,71424865,-42067380,-17113286,4714339,2160817,-277601,-151841,8130,5943,-93,-121,0,1 # cft deg4 r=18
-270623,-1504757,-1046905,5008864,5145195,-6985474,-6343228,9141054,6867353,-9416905,-7674295,4764784,4912746,-1202970,-1756620,157391,365780,-11259,-44113,512,2920,-15,-93,0,1 # cft deg4 r=18
-4811,-505426,1671693,3314580,-9135023,-2592484,15777511,-3949010,-12173748,6696999,4776194,-4191163,-872361,1460017,-13181,-311446,40116,41558,-8499,-3385,872,154,-46,-3,1 # cft deg4 r=12
-163993,-1769037,-4163686,3371561,15695037,-1682377,-22576463,344183,17656731,1911843,-10651678,-2168227,4540677,1060094,-1279411,-270337,237830,34501,-27133,-2312,1816,78,-66,-1,1 # cft deg4 r=12
459671,-8880726,45322540,-20459780,-108576959,15538312,51111925,-9267053,-11204859,2401448,5511023,1750252,-1669224,-789414,372348,156654,-82763,-30655,10357,4683,-364,-341,-21,8,1 # cft deg4 r=12
-1297,25153,-150526,187818,706920,-790019,-1722588,1100732,2411229,-731139,-1984787,208739,1017042,4843,-340984,-17636,75983,4772,-10955,-628,975,40,-48,-1,1 # cft deg4 r=12
74557,2321970,13933381,17317289,-34259848,-71290674,19324997,93335751,15493242,-56369985,-23129693,16896909,11058089,-2476363,-2754468,117710,409185,14639,-38522,-2536,2263,146,-74,-3,1 # cft deg4 r=18
-155333,1811353,-6732277,6711630,10086471,-17371356,-510568,-9593389,31523121,-16246123,-7683469,5574098,2191809,-339037,-321384,-165164,-31918,-23192,-4740,1934,973,43,-53,-3,1 # cft deg4 r=12
189941,702036,1327639,2239880,3053549,3450418,3016500,2025891,815821,-252188,-897561,-946032,-476712,43829,180945,35474,-56628,-32518,138,4182,691,-190,-48,3,1 # cft deg4 r=6
-16847,457216,-2124448,-5455022,5072048,21892275,21225281,6763284,-2572472,-1716061,1553375,787847,-1471632,-1248284,122422,396163,42136,-63411,-11414,5798,1137,-294,-53,6,1 # cft deg4 r=12
-13901,-6194,51760,159497,-88654,-332195,138356,748138,92653,-1029512,-30841,1267307,307826,-716390,-114337,447334,211938,-33026,-33855,-729,2253,129,-74,-3,1 # cft deg4 r=6
8741,31001,6487,-93650,-331227,-692667,-579865,125240,631600,854316,1030871,697482,-146346,-543685,-216923,106350,86767,-4113,-13944,-890,1157,100,-51,-3,1 # cft deg4 r=12
10712057,74742471,-31816148,-382448156,-457430649,-56125855,361678252,351831898,91944927,-67600694,-61087345,-12893702,6504933,4622439,652715,-407261,-193242,-7568,15723,3705,-352,-255,-17,6,1 # cft deg4 r=6
3361,-1144313,-3600806,22305840,2514386,-71484208,48682037,29134285,-46116037,16096584,4552718,-7901097,3240831,925458,-1103291,18016,192524,-22304,-21452,3892,1300,-265,-46,7,1 # cft deg4 r=12
2666933,14038617,-102464572,126073527,143051515,-294352185,-73625313,264109905,988850,-140456112,23758003,60758373,-9264553,-18681815,804757,3369390,118876,-343659,-28335,19575,2189,-581,-76,7,1 # cft deg4 r=12
39869,-469233,1919009,-4580465,6532937,-4250088,-2826181,8961013,-7805158,986460,3873691,-2947112,-164633,1117106,-293493,-203080,95752,19143,-14453,-754,1197,-7,-53,1,1 # cft deg4 r=12
-23491,337103,-464186,-1373470,2067680,1423699,-2854271,-481129,1942633,146232,-896980,-80623,340012,27655,-114400,-4943,30751,592,-5674,-147,664,25,-43,-1,1 # cft deg4 r=12
-323,967,12477,-5564,-49707,41811,-130713,325126,-53002,-459674,339741,236354,-343420,-16001,163439,-36852,-37837,14963,4424,-2744,-115,234,-19,-7,1 # cft deg4 r=12
170816593,54489618,350334882,168460310,332042836,93902433,171831936,9933551,52688785,-5726869,12058251,-2626730,2217533,-506984,284430,-52384,22272,-5133,1430,-571,117,-17,9,2,1 # cft deg4 r=0
367,5647,-27597,-48229,60276,89049,-522,-35330,-51120,-2054,63396,35781,-43227,-52414,11835,29525,-3366,-13235,-2055,2380,829,-62,-51,-1,1 # cft deg4 r=12
8501,-719,-33252,-24733,-22030,20107,126493,115271,27231,-80485,-167180,-126628,-4192,103168,101371,9166,-37257,-16534,2679,2886,187,-194,-29,5,1 # cft deg4 r=12
49,-343,-16905,68803,189217,-1385475,2010220,2059398,-9430806,9310279,3005658,-15007712,14153479,-4906636,-1459149,2073636,-721530,10446,61792,-14338,-683,638,-48,-8,1 # cft deg4 r=18
-1241,-61111,-690630,-920517,11130835,-5119063,-30270897,27537905,25024529,-36901953,-1064033,19255972,-6934249,-3425371,2842667,-227659,-360706,111273,10224,-9016,404,393,-53,-5,1 # cft deg4 r=18
716737,777931,-11579162,-25743073,19735818,80350042,3573904,-95235000,-21338934,58388465,11965811,-22447950,-1920495,6024242,-232194,-1081096,127911,118460,-20002,-7669,1499,291,-59,-5,1 # cft deg4 r=12
-256,9984,-35584,40448,293872,-1594144,-822320,5212108,-2017,-6988898,1922451,4553048,-2173008,-1435748,1021810,173032,-239721,12224,28110,-5172,-1386,446,5,-12,1 # cft deg4 r=18
321485056,1416076416,-8937103488,-11551620384,42299135312,31325487112,-69654126392,-27122706146,55525322205,5901018384,-22399370311,2303871476,4094641296,-1045807538,-224919832,106465518,-9571473,-705648,484090,-140348,19942,-2358,243,-12,1 # cft deg4 r=18
9857,1014599,-853593,-8575114,7848276,8719771,-6687259,730406,-1557260,-975736,557060,-13226,73551,72854,31302,9904,1917,-161,-821,-208,-65,-34,-12,0,1 # cft deg4 r=12
-8271925,199291520,-1314704424,3061822971,-1907264232,-2102519571,2873609942,108545132,-1437123379,322353860,384386365,-147226632,-61024128,33214094,5578616,-4550143,-206247,393724,-11497,-20886,1673,607,-71,-7,1 # cft deg4 r=12
1050742975,-1146222890,-2390107667,1177067068,2233596660,234064159,-938160171,-457491045,109278819,140835007,17717664,-20906234,-6827640,2098275,1556854,78634,-146136,-31258,8250,3583,10,-182,-16,5,1 # cft deg4 r=6
-479408,-177840,14965992,-70520422,181275527,-290647101,293850097,-144606602,-74250002,180869927,-95259828,-40328684,63525292,-7981129,-17390246,5464740,2495052,-1021130,-196663,77863,8829,-1767,-170,11,1 # cft deg4 r=12
-17129,-372755,-1577537,281458,8795808,-60640,-27185904,4552150,46368047,-15679110,-39680655,17760714,16460403,-7880126,-3901895,1737765,578067,-206547,-53770,13260,2991,-422,-88,5,1 # cft deg4 r=18
17626177,-181685543,-101874984,879211418,95790267,-1364032667,-79224999,1085165093,83004815,-514374443,-56626934,154382538,22005689,-30038902,-5058420,3799728,708518,-307719,-60724,15303,3096,-424,-86,5,1 # cft deg4 r=18
925799,-5508792,-5323399,36441650,-58243297,-15659456,95744357,24068610,-93138366,-33352467,49411039,25384169,-14467387,-10367473,2082154,2345779,-50841,-291472,-22715,18617,2546,-529,-91,5,1 # cft deg4 r=12
-7326669143,808275114,11648527540,2004741341,-9666947716,-2674346488,3992424387,1760962014,-881713062,-536836602,14690456,107919861,24343320,-10786501,-4926533,73384,517192,79423,-28652,-7814,523,440,-5,-13,1 # cft deg4 r=6
-8933,15010,-9467,3574,-14018,30844,10856,-41399,35230,-15450,-16808,33924,-4032,-21020,11092,9952,-6502,-3637,1844,931,-236,-138,6,9,1 # cft deg4 r=6
-530501,-7193506,-18907603,8416212,82150313,70797201,-93984771,-166721812,19881822,132014020,22496187,-46492684,-15111114,7055977,3946245,-182189,-531548,-75377,35872,9765,-817,-493,-20,9,1 # cft deg4 r=12
-29999187,232450047,473296311,64514637,-101875563,-109955610,-107537642,-37150091,-4919556,1517194,1577670,561627,496778,188569,95115,28316,-16238,-7096,2022,1288,-341,-224,0,10,1 # cft deg4 r=12
27,378,-6588,-35991,18513,166815,-58766,-313450,192598,284727,-313042,-109260,255456,-5722,-115306,19483,31387,-7129,-5442,1263,596,-114,-37,4,1 # cft deg4 r=18
-28701,-189810,-208116,440883,413892,267120,-240970,-590665,-386835,104938,471357,241615,-174335,-209879,21525,85451,6695,-20860,-3690,2839,627,-182,-43,4,1 # cft deg4 r=12
76831,-83969,-743182,-352385,-1674856,1204173,-213441,-368209,-164714,-682923,165710,130107,-10889,33084,-14271,5348,14592,-1051,-3557,222,510,-17,-34,1,1 # cft deg4 r=6
-179317,567043,5882767,-26996144,44350586,-30738187,-7560209,34508809,-23375010,-7773390,18128183,-2779019,-8885430,4601670,1928107,-2124005,202068,320495,-105385,-4219,5677,-295,-115,6,1 # cft deg4 r=18
-16969,-186020,-492326,416832,2424992,2616530,2010690,1286420,1132998,1742293,1440379,130286,-360034,135944,312491,42824,-85640,-32512,6495,4996,175,-294,-36,6,1 # cft deg4 r=12
33977,-690768,4396087,-8939014,713938,18154575,-15267067,-13010814,19699581,3622619,-12411757,342944,4755240,-522397,-1191389,158942,198998,-25016,-21843,2215,1506,-104,-59,2,1 # cft deg4 r=12
15013,-1327191,-8174872,44163226,-29817175,-59091691,72972864,3595297,-41074232,21249708,1431276,-7382745,3882974,-259060,-642811,324988,-42793,-25697,14033,-1860,-639,266,-16,-7,1 # cft deg4 r=18
440772649,-2994779558,8933278473,-15382915025,15977803380,-7863569774,-3627945174,10146885684,-9102136033,4615293180,-1249898115,41586454,93454574,-34949250,6356967,-72196,-389879,103897,-3175,-3751,727,127,-43,-3,1 # cft deg4 r=6
-933159169,-5840288758,-1924124797,6566066474,-1432512169,59874300,631235767,-1444895053,602531839,-10455657,-5530400,104091881,-118163791,19009974,22035547,-9090309,-593675,860743,-77196,-31902,5156,526,-120,-3,1 # cft deg4 r=12
34636471,-213502326,566521622,-962097757,1217930963,-1222197069,1025014458,-745071891,445403861,-152542270,-58564033,115693457,-60936340,2147683,12466740,-4837617,-235959,499055,-56579,-21068,4031,406,-105,-3,1 # cft deg4 r=6
-229,794,18349,-65893,-129788,315448,441207,-431106,-600429,131551,206855,-30334,15778,23115,-13482,-5052,356,179,-113,-139,191,30,-32,0,1 # cft deg4 r=18
7871,-1031531,-7324388,-16555580,-19741435,-13829972,2773672,16408613,15657135,5584829,-4134599,-6490870,-2377066,1149959,1150292,112975,-177218,-55375,9836,6486,172,-325,-37,6,1 # cft deg4 r=12
-14093693,361952616,1506389640,1441134779,-1377910151,-3188215785,-866015455,1914024537,1492569341,-231183292,-655974017,-164271429,109435280,65362202,-321170,-8722039,-1920497,344237,189168,12916,-5477,-1026,8,15,1 # cft deg4 r=18
-3769,7904,34068,-15046,-127633,-48242,257385,173034,-318751,-269524,264194,251582,-147674,-152336,56453,60513,-14588,-15434,2274,2440,-149,-222,-6,9,1 # cft deg4 r=12
27,972,8100,-19926,-156339,176121,652891,-1082646,-166054,1388666,-783811,-617380,786464,43989,-331162,45973,77698,-15551,-11506,2054,1078,-111,-53,2,1 # cft deg4 r=18
155075,865716,1670148,1015183,-324878,-417820,-993609,-1040711,-16977,453695,442028,114826,44404,-92799,-97454,5156,28981,9501,-7744,-1213,874,67,-49,-1,1 # cft deg4 r=6
2647,-8594,-120608,-195252,200794,602185,449212,101264,-248046,-530819,-638622,-351594,265896,458344,100606,-137534,-73184,11050,14804,1454,-1175,-282,20,12,1 # cft deg4 r=18
-2833,-18344,1073,101659,149867,198662,58467,-288045,-254354,128605,209620,-1776,-71821,-28311,4007,13839,2533,-2144,-572,-71,143,27,-23,0,1 # cft deg4 r=12
-331319,-1887340,-2189080,3779242,6939770,-1185348,-5613085,-2492371,1720606,1046455,260871,250983,-181772,-92165,-50551,-6473,32517,6723,-6467,-1234,653,107,-36,-4,1 # cft deg4 r=12
145487,-91517,-1222681,-1103315,2681418,-1250117,-4816929,7636744,8328177,-18367331,4081968,6756620,-3757688,166172,257384,-101262,31205,1135,-1142,-106,-134,24,-6,2,1 # cft deg4 r=6
-128887069,-678671246,-473894225,-29712853,-1176920604,-160296213,1478950932,-5710692,-1036089526,-21736095,356765057,-13281571,-58554756,13584001,3733884,-2950360,180428,243126,-47435,-8582,2965,90,-78,2,1 # cft deg4 r=12
137273,-1716785,-785922,-941364,84098,-884245,398410,827680,359599,-389844,-41217,346454,-20063,-276396,-84682,104755,56207,-17166,-12652,1034,1273,-2,-58,-1,1 # cft deg4 r=6
2005109,-1096109,-22566747,11040295,89519753,-33974158,-166717350,45594509,167911622,-32133017,-99068920,12870730,35934223,-2892400,-8200392,309315,1174050,-74,-101776,-3109,4903,234,-111,-4,1 # cft deg4 r=24
-802487,-64330,74330676,-180724457,-13088947,293783383,-172057911,-94088913,95000152,27493925,-47344789,2307782,17287588,-9211248,565519,1186367,-427403,-11211,40342,-7885,-765,448,-31,-7,1 # cft deg4 r=6
15137,-135538,111116,974744,124971,-1103047,492941,-2452770,-4272247,6107055,6568954,-4501080,-4332450,1074162,997342,-162272,-45803,43722,-3275,-3374,722,-36,-24,2,1 # cft deg4 r=6
