# IGP24 class field sweep: deg6.
-46860327,-500822748,-2032910208,-3570626925,-810953223,7195848027,12335346636,8768400921,2376681841,-299851671,-234083372,-28561779,-49437911,-27814275,3897549,5032980,99228,-476094,-37312,28164,3437,-756,-112,6,1 # cft deg6 r=16
-5866169836,40068464532,-25725360675,-16360774112,26646851429,-8496352290,-5225403385,6227773358,-816090410,-885116820,623663052,690574,-84748413,24057940,4911435,-3575816,44988,240248,-30418,-9572,1722,120,-54,2,1 # cft deg6 r=4
-3186452,11205972,390979831,1170286494,45336590,-831706978,709660914,1634586282,-345365633,-1502805033,-479739740,374083866,296450710,35785904,-37414156,-17824508,-1870183,839255,312768,29246,-4714,-1298,-60,10,1 # cft deg6 r=12
2512156,16896852,62694437,133000461,195002066,193069756,131516495,58771207,25470270,31161070,40566980,33259078,16059196,3054815,-1107796,-889890,-210791,2262,15681,4316,317,-95,-42,-2,1 # cft deg6 r=4
35403707776,102642615552,50990674144,-107858440720,-60796307328,75526141880,20114522590,-36126011587,1493341374,8142689224,-1970831259,-645397807,277995639,-7530395,389787,-116776,-558840,214969,41026,2108,-794,-570,-36,10,1 # cft deg6 r=4
-5119612812,-38046738060,-77276029788,-54090732672,7805539125,29723126481,12559535568,-1492571637,-2645198610,-662264310,22944165,18096300,-415452,9024579,6233202,609990,-670990,-230837,3809,14736,2025,-284,-82,0,1 # cft deg6 r=12
-235287863,-1485994802,-3204592004,-3794972005,-4491834261,-3431341636,949240367,2442624361,-668454558,-2247301820,-773260670,395155919,272902139,-19022846,-42154523,-1701195,3736840,198483,-214638,-5016,7210,-33,-128,2,1 # cft deg6 r=8
-60957747,1321757145,-1569520710,-610422561,1914335550,-1092081492,-69147234,597862827,-487899789,134888805,59753586,-68398275,26331939,-1007910,-4210044,1985655,-182737,-153223,57416,-3546,-2273,557,-14,-10,1 # cft deg6 r=8
-63840897,-86530977,101523735,575796060,74305737,-741478851,-933238548,729466119,372057594,213049761,-269725290,-158466207,72091704,39219504,-8008407,-5612619,635251,433175,-30026,-23693,1894,642,-52,-10,1 # cft deg6 r=4
-5285260625,9580593000,23922956190,-1909278080,-15720070147,4213088639,11146577223,62680464,-4454064338,-934359993,1062779241,432420823,-102441069,-74574025,-1105473,5825015,1080102,-186958,-102142,-300,4706,137,-109,-2,1 # cft deg6 r=4
-17249047,-94127044,-81681669,-178999326,-362196631,-56790350,85250892,122274146,111962133,42560532,10400034,-1764860,-3054120,-722536,-18450,113414,24553,-11512,-4658,-960,713,190,-47,-6,1 # cft deg6 r=12
-11017967,-4173350,581474805,3059051071,-1954258716,-5957989913,7926645890,187940064,-6605927010,4434449891,149394746,-1485739605,606867551,49509417,-86145967,8081311,5694027,-747348,-253996,27437,7665,-451,-132,2,1 # cft deg6 r=12
18907911,51799446,-166522428,-850831020,-1107893709,157878648,1807352919,1827278424,572528205,-320085774,-426832512,-227828796,-75536550,-15645312,-748992,686898,226686,10404,-8008,-1790,430,270,-16,-8,1 # cft deg6 r=8
-83975977,139938748,-513264041,1625007688,-942659412,-1347764828,857378439,1185710206,-901040772,-281069126,260908151,66454822,-40878156,-15539966,4552102,1844546,-277288,-84582,1293,-1194,634,254,-34,-8,1 # cft deg6 r=8
7418011,-127940674,718312315,-1219938634,-679583177,758945106,403384140,136834450,-64393762,-17321272,-9183657,2502472,3441662,682472,165274,-150314,24466,-3362,7645,232,301,-126,9,-6,1 # cft deg6 r=4
4901796,0,268378596,0,1742384241,0,2147835708,0,872850978,0,88044678,0,-12504345,0,-1648164,0,66111,0,6864,0,-301,0,-14,0,1 # cft deg6 r=4
-4834886405,-8736696210,-6827560517,-4845283462,-3652539078,-1969016662,-936762899,-467640550,-135048084,-5425544,13486839,17735570,11988279,4793932,1800834,586796,62835,-27902,-17558,-9640,-3734,-690,-21,10,1 # cft deg6 r=4
-457024,-3068096,-370352,31525136,36056251,-107560623,-226415790,71496524,572426482,542329462,-4918903,-294067336,-151473797,3539875,11156474,6666623,1580536,-927971,-150488,32967,7196,-546,-132,2,1 # cft deg6 r=4
210156559,157169340,-56244490,74938798,1043023644,1153624358,-130021841,-628890508,-12560261,326504272,187866755,57169230,17529010,-3291712,-8726508,-3514802,-276287,40094,-32642,-5522,3460,580,-80,-8,1 # cft deg6 r=4
-282709823,2036665749,-3505903568,-5427856883,16534385175,12592553491,-27506189636,-38903637455,-10361437305,11575181483,9984481059,2148071029,-719041590,-430668931,-26620491,25608235,4536516,-795400,-225827,16123,6709,-177,-111,2,1 # cft deg6 r=4
146935505900,-421235610000,639689296760,-705834562400,649111851599,-529724178820,392157203759,-264116209356,161065717466,-88382398068,43434186558,-19017123722,7334023697,-2436708484,673808332,-147181722,22989774,-1815212,-183284,81408,-11292,408,107,-18,1 # cft deg6 r=0
6733721768,17954556616,18796410975,15355137249,26716729509,42381352123,42185481776,31156777382,20816498065,11853715755,4149000670,109529056,-567222892,-194144068,6791110,17268676,2547714,-532111,-154777,5952,3999,-80,-64,4,1 # cft deg6 r=0
1722653,4349170,70598278,190171670,294506495,319758700,228467376,134664178,72068013,33320440,30635753,12041536,3980635,-2279358,457207,166754,23111,-93498,8670,5298,-254,-90,22,-8,1 # cft deg6 r=0
2238016,0,70621288,0,440278657,0,625606372,0,384460964,0,121916618,0,20882888,0,1756010,0,33257,0,-3512,0,58,0,28,0,1 # cft deg6 r=0
11046800,27414240,37178664,26356184,35906241,-8117928,-72400872,-38545701,49570561,38100709,-17102116,-15970764,3715939,3863350,-584903,-566070,96637,60084,-9955,-3223,989,106,-52,-2,1 # cft deg6 r=0
158542200,539246448,1095642756,1713625236,1892041101,1611290358,1258367976,725293332,251212749,79460106,103524618,116859336,68690730,18194022,-1573443,-2671164,-698672,15354,47718,8622,-628,-408,-33,6,1 # cft deg6 r=0
163265807,-255671598,362830299,337277064,-197124293,579216514,469573880,269641862,471910002,237825858,152869802,96286698,40247296,17168826,6766792,2189850,540139,140244,33667,1666,762,344,-34,-8,1 # cft deg6 r=0
29137320,111148038,108636471,-108576774,-168096816,43617420,34315326,-40365837,18162927,39682602,1522863,-17500995,-13404963,281523,5711691,2584038,-36394,-133183,37902,5696,-3006,32,48,-10,1 # cft deg6 r=4
2645100,-3552660,-74584071,-227627757,-246547794,161125398,744077538,877721775,527957558,163101942,-516399,-31745439,-17352225,-2891723,926945,601910,137258,-29984,-24275,76,1860,62,-70,-2,1 # cft deg6 r=16
-1510616,26770300,275349077,1248211664,3646406070,7693120304,12321719753,15323305948,14882508525,11209320076,6407654371,2643961894,680134772,32278954,-55345613,-24261408,-4141094,242772,251868,39270,-1498,-1110,-80,8,1 # cft deg6 r=8
-166206157568,-777854428032,-1328264339292,-1063382307944,-375507209767,-71294989210,4236327012,1659153732,-3590488559,-1381229802,-406253985,-23073956,-10739520,3472232,-2669451,-102262,-310092,24374,-7057,3312,-685,-76,-28,4,1 # cft deg6 r=4
121309228,-307778244,355602136,-190422764,-18135429,103374589,-45658242,-35324200,48761745,-13578479,-9274561,7415949,-654634,-1375208,799935,-57496,-148322,51116,11375,-8002,355,387,-48,-6,1 # cft deg6 r=0
80221233152,71575408640,-45177461760,-42081494016,23710131456,12083193472,-11686535744,-2860708352,4439192048,644412104,-1195793532,-109366798,228462075,8753320,-29656845,76528,2565074,-67610,-145777,5062,5251,-162,-109,2,1 # cft deg6 r=0
1888739388850,2310239861910,2297118388531,1385607493584,670641110775,207269009566,47364171012,5644034544,1921186987,1513017468,928510869,281003614,53909363,9735966,4810404,1775056,367533,36424,12737,6522,1206,14,6,8,1 # cft deg6 r=0
110470104,-164965410,-2803158783,3177137997,7070918400,-13497305400,5340362121,1675482390,252086424,-2407338093,948337764,337037952,-25814571,-175338,15248949,8664849,198862,-940225,-139987,35549,6910,-623,-142,4,1 # cft deg6 r=8
-3057365,-213928644,-686831080,-1266480506,-1559972010,-1491622426,-1222462791,-821530578,-490152434,-249881160,-120932617,-53903810,-23718644,-9236764,-3347254,-1106700,-353804,-101412,-25290,-4208,-159,176,62,12,1 # cft deg6 r=4
1394831644,-6896186646,6479979243,9830347431,-2727324451,-12174495583,-9273692553,-1408339136,2263258130,1650967661,343524620,-108166408,-63689738,6805456,13968296,4356274,177628,-206675,-35834,6120,2084,-40,-40,4,1 # cft deg6 r=4
43099024,217391184,855525187,2500864631,5748735776,10186753748,13956681703,14890912291,12393107957,8076557293,4171034770,1749438978,622302521,197635041,55720249,11870893,949631,-394547,-142340,-10801,2753,407,-44,-6,1 # cft deg6 r=0
587279211300,1072404470700,814153562145,278639592300,-9425081007,-60524140446,-35722303110,-11611320606,906680253,3517190394,1713428010,172177626,-157698741,-54338628,6708552,6689022,639760,-368544,-72996,12972,4085,-192,-102,0,1 # cft deg6 r=0
-9200499200,-8870112000,-5222588544,-5913435200,4705349984,9614832992,5626046888,1933130108,-1171272596,-1633339285,-112744824,421546885,131322492,-12290594,-8968843,-1103381,1914504,2211263,879888,132379,-2517,-2595,-150,12,1 # cft deg6 r=8
-368462925,1382992866,-2251074969,2018509146,-981419274,193659066,-53552745,218303964,-300323943,205396884,-57021372,-22739724,27190365,-8739750,-1093953,1833426,-524626,-37612,60541,-12142,-1050,672,-41,-10,1 # cft deg6 r=4
-1913781319,-7813949854,-15715208598,-21531344026,-24504191839,-25338523362,-21890305367,-12897654178,-2620859345,3290219050,3865962776,2086546630,602458176,30966226,-48911650,-20169656,-2843989,408506,234422,31792,-1880,-1054,-87,6,1 # cft deg6 r=4
59071513,201389987,446155739,824016320,1544380661,2670074694,3857679388,4484836053,4201692576,3212371911,2005655001,988478556,340419186,45879825,-25818492,-16753851,-3167409,606846,433228,80060,1286,-1471,-142,6,1 # cft deg6 r=0
13552187,-38131879,78232142,-129076753,141984572,-69447707,-11254972,38833657,-24786934,1822246,11162042,-7186106,568704,797715,307543,-467097,121347,34966,-19662,396,1417,-147,-43,6,1 # cft deg6 r=0
-234828260,-624028014,884274467,4658135994,4240994782,-3976169601,-11145796351,-9073882374,-2376156355,1145639913,927262420,130375158,-34542388,15509736,19639624,6231636,700013,-164550,-75313,-9138,286,264,44,6,1 # cft deg6 r=12
53547721,281137654,236472503,-371566118,-222268814,207140002,28887163,-24095934,3212320,-6490602,1204394,-6694,-46411,364894,-29002,-62804,3835,-5060,6523,-1764,514,-252,65,-10,1 # cft deg6 r=8
1064536,-18915344,-42720452,248741156,80354119,-382309956,-105752031,117805816,220110713,218230822,-2278792,-45385302,-2353536,-1987006,227481,941382,-54425,-42002,2303,-3826,464,364,-42,-8,1 # cft deg6 r=12
23474025,0,-95338656,0,209916294,0,-192954006,0,93915325,0,-29391018,0,2343783,0,886888,0,-213110,0,12338,0,1684,0,92,0,1 # cft deg6 r=4
17993825912,-64432124240,128680842500,-178116427916,176033943579,-123003045986,63036983903,-35093260086,32544836963,-29360446074,18750076998,-8389686034,2700349893,-620933318,92851733,-4365368,-2253582,833590,-152269,15282,-19,-414,87,-10,1 # cft deg6 r=4
1119928375,2149957600,606461790,-495836554,-634680288,-96164412,155329767,211176838,-101378489,-65237526,43571824,2934344,-3625808,-3957585,3507296,-1240452,339095,-137490,54099,-11986,624,289,-50,-2,1 # cft deg6 r=4
-6342777212,-48216025308,-158929127951,-290037030260,-299447517098,-129424568209,74471267042,140544851017,76958163602,3706235961,-18310566329,-10002440448,-1450133941,664506252,330739471,32857865,-12734852,-3770448,-67742,102007,10888,-973,-185,2,1 # cft deg6 r=12
549232326,1235967336,520308711,-2234417472,-2977199124,-1804896636,143630379,685144386,184494352,-55981792,-64197682,-7152376,28010601,27046180,15785824,7024584,2490115,744174,188877,40222,7518,1100,146,12,1 # cft deg6 r=4
261416768,6268672,86372560,12082240,38015029,-175479356,-382907385,-432498233,-266472292,-71248199,28864935,38463374,18741227,4296688,-73617,-368222,-65150,18720,11495,922,-571,-211,-12,4,1 # cft deg6 r=4
69052690764,-199127561832,218203796565,-90197733267,-16063300698,23790901302,-2041059588,-2873155992,1164001,716013551,-120199265,-97556989,28590018,7203467,-2425185,-753987,188464,83737,-20600,-3661,1709,43,-60,2,1 # cft deg6 r=4
-1115136,6420480,32926400,-52750144,-327964617,-416985360,-38257607,323652385,212568306,-31599198,-53204378,6143790,10953371,-617937,-2515496,-1062625,-118613,72721,26984,2264,-807,-257,-6,4,1 # cft deg6 r=12
3733026617,9361245220,16129289139,17565887240,13375338600,4490696792,-1143720959,-1930160310,-235345102,593079852,439511333,111042036,-33818788,-32783490,-9827686,-265056,841061,274848,27066,-7228,-2923,-338,17,10,1 # cft deg6 r=8
-16722,143208,-731781,3060774,-8982348,15251862,-10726509,-4744848,7913312,8802370,-15417116,1254646,5744802,1079804,-3597153,373238,715295,-98874,-72950,7658,3985,-230,-104,2,1 # cft deg6 r=8
-717542680,225080368,886255796,-174279916,-167558143,-13091948,-240454939,28501710,166885362,10658978,-52347539,-10889428,11727098,2876060,-2248274,-353266,307590,16272,-25190,1670,1549,-122,-32,8,1 # cft deg6 r=4
9215722496,-32646776832,32455263744,-6400362240,379770496,3189319680,-4552655408,1853493192,-816018512,164273354,59261507,-79643262,47092419,-23812310,9829037,-3068352,873728,-172850,11431,6228,-1714,302,-21,-6,1 # cft deg6 r=4
-17172252,-2567808,39156660,34983684,15298185,-33109602,7577691,-85524,-4070038,-27956996,-10290756,-2590172,4360645,1301220,-141790,-715712,-249414,-31754,35536,17262,6086,934,171,10,1 # cft deg6 r=4
1030119529,2539629502,-713543620,-8401224878,-9262964961,222532190,9519303310,11686519388,8577225885,4462707484,1860784595,665518762,225995801,71341294,17386082,2021404,-586515,-380050,-109862,-16150,-810,268,89,10,1 # cft deg6 r=4
14440000,0,24981200,0,30222521,0,29862775,0,21798080,0,11169668,0,3993554,0,1001792,0,176048,0,21223,0,1646,0,71,0,1 # cft deg6 r=0
203431275,-137154960,1083084444,-176977926,642059166,478878696,210101028,266190096,166497635,72747832,50029862,18168946,9093868,1989946,1219841,-18674,136808,-24132,4720,-28,209,-170,59,-10,1 # cft deg6 r=0
1122949,5269962,9914966,8452866,2947631,3062994,6935373,3997784,-3246319,-4400916,-202955,1660370,447659,-354510,-120328,48786,11936,-4908,999,140,-331,42,31,-10,1 # cft deg6 r=0
17334543914,36959661472,60898518831,68983646974,63283182883,47267638798,30127994305,16602522424,8164453568,3597854016,1451738584,539596298,190650903,58724968,15440376,3317010,617704,46268,3929,-4538,-182,-206,16,-2,1 # cft deg6 r=0
1001500562500,0,1062893008700,0,253744465373,0,6229508562,0,-4915825253,0,-319902256,0,55341787,0,1524080,0,-401129,0,13782,0,450,0,-44,0,1 # cft deg6 r=0
1028636590518,-1434745416996,676804651569,-160498988496,-132158812335,112980782658,-8437421181,-3907107636,9753472508,-285550652,-594662661,340883858,-5375036,-35567828,10131867,1633640,-1140739,85794,56561,-12128,-716,472,-28,-8,1 # cft deg6 r=0
-19731808,-329803238,1636033813,1015404510,-7145800374,5250452628,2222159928,-3386162828,260288489,654297301,-64151318,-77416784,-18329426,15679824,4813396,-2890994,-444821,355105,-816,-21982,1990,608,-86,-6,1 # cft deg6 r=12
107584,0,-255020,0,-2549631,0,-1548712,0,9430752,0,-12560051,0,-777676,0,1303021,0,-41481,0,-19552,0,387,0,61,0,1 # cft deg6 r=8
-21810132875,-29376208780,8339650809,33979357340,20091518696,-19449840578,-21772134828,8281403718,10098860338,-2694479820,-2739221139,619158144,480447492,-95599032,-56703111,9632202,4536502,-609582,-239475,22856,7784,-464,-138,4,1 # cft deg6 r=8
271355509,-116626222,-2475585673,-3381278118,-349319632,3539013944,3303193983,-661872054,-2465026304,-609955002,818672821,378986340,-136961573,-94150170,10474900,12897954,63094,-1038252,-75837,47218,5639,-1002,-160,4,1 # cft deg6 r=8
19881,0,126873,0,401109,0,1217082,0,1456708,0,-185869,0,-1399142,0,-721452,0,-44230,0,11495,0,1583,0,69,0,1 # cft deg6 r=4
-24084325,104953035,-661951332,1585638399,-2224366971,1628483346,322153822,-1234492752,441723698,164825025,-36485244,-82668481,22456253,15713580,-5675049,-1917248,818892,170141,-67508,-10746,3124,391,-81,-6,1 # cft deg6 r=4
617400747,-14855220198,3944607246,29937181734,-16033740696,-21807805878,17481017889,6277946292,-8783735646,89865714,2319615063,-502881783,-321181677,130985949,18640413,-15969108,500662,1030725,-130822,-33897,6971,450,-151,0,1 # cft deg6 r=12
-78576,400284,-1411347,9105600,76958526,3090582,-373889592,-568775376,-277552106,19483192,18434355,-49419146,-26567333,11268242,11575946,1038372,-1459925,-393336,55827,31054,960,-882,-82,8,1 # cft deg6 r=12
-40710452,-3100839484,-8993354029,20716642712,62120858903,-15596716434,-57084653741,13444342713,24594039743,-7599275549,-6216111460,2156686390,993834371,-325289155,-104396038,27892919,7258772,-1410885,-326507,41157,9152,-638,-145,4,1 # cft deg6 r=12
-1095177500,3089140404,-1425674375,-3691728416,4118105855,1204042911,-3349569479,279888445,1513032831,-370508500,-427066482,139100101,79296687,-28226275,-10494615,3391768,1075281,-224623,-79922,6436,3649,-9,-91,-2,1 # cft deg6 r=8
-20263375,-833455370,1108941358,-1012729210,-131777338,-187091266,1316600045,-4535084,-811712079,-335182472,531796428,188426830,-268303821,7199212,50204064,-9442754,-3756852,1177462,92563,-58932,1478,1292,-95,-10,1 # cft deg6 r=8
228084580,1234919100,2125719597,1089641552,-1564926034,-3953508170,-4439895768,-3129565680,-1364405918,-209116752,187350027,177246662,79494483,18995266,222570,-1346396,-285897,68416,44675,6270,-1288,-530,-34,8,1 # cft deg6 r=8
-194152331,516079995,1522911178,-4617671351,-1745130679,9557385004,-755512643,-6031567309,1172773700,1974300848,-501204683,-409308942,112334582,57708048,-15004085,-5393506,1296233,311477,-78575,-10595,3221,184,-77,0,1 # cft deg6 r=8
-5635913,6148058,-21055066,-228301026,214483373,309373771,-204252716,-174920646,199249832,-44371396,63433794,-41377975,16661395,-9250622,-2046807,4885330,-1170895,-534015,302653,-38707,-4771,1467,-40,-14,1 # cft deg6 r=4
810288925,-2824531522,3705386152,-736694736,-2560873625,4617257862,-3608624059,2258575678,-1215655242,506845300,-178709271,47510846,-11620232,684720,957426,-764724,356821,-133410,40296,-10112,2197,-440,86,-12,1 # cft deg6 r=4
-88326848,202229562,799802993,-3675961080,7319120940,-12777875658,19508580235,-19538491296,10592397123,-1833522288,-1044147235,613979568,-35384386,-54281406,8973152,2357808,-894084,43614,67780,-8220,-591,468,-46,-6,1 # cft deg6 r=8
1553612695,-10429620178,-26556941622,160354056766,-99491656577,-29823563566,66938598555,-19536732807,-13210205792,8055796752,289003972,-1246658880,269719909,91535052,-48486227,-1992753,4229110,-167724,-219027,13705,6934,-391,-126,4,1 # cft deg6 r=12
1113175363,-1800548604,1289778254,-293819914,-693876735,1292203913,-681507990,-115279075,262309962,-179099198,45298458,23621741,-21030562,6071953,998167,-1011336,130928,83284,-28099,-1586,1698,-114,-60,4,1 # cft deg6 r=8
40827966849,12459749661,66053476347,33517526382,41579215132,12492992183,10431187707,2815507905,1549610357,696140211,215373933,89273939,20248684,2844085,4993033,449490,20419,87721,13801,-238,801,90,22,-2,1 # cft deg6 r=0
22671433909,-44382736127,44443767116,-26612526781,10763500955,1448156113,-3589826381,1925877315,-739418032,105772891,126045165,-98676026,28458857,608309,-3529655,1324427,-149707,-65457,31081,-3725,-874,331,-22,-6,1 # cft deg6 r=0
6129660625,-5234547625,14659242625,-11490098510,8127657282,-4376802505,2513370507,-40103799,-394637441,75490629,119543223,-65745859,1943488,9087635,-1792453,-857982,411151,5199,-36573,4256,1759,-262,-52,6,1 # cft deg6 r=0
-635704,3282542,7982385,-7731992,-18540351,6661304,-3561232,6248016,12201678,-7732657,2721851,-3773394,-1148615,929136,455048,-205054,108993,-83169,12637,6982,-309,-76,-42,-2,1 # cft deg6 r=8
657167580,1772085924,-14957603100,18235514988,8512834851,-23297824809,4088572365,11171073660,-5115432206,-2465850884,1943345790,160819259,-378043017,37877934,40075552,-9404254,-2052750,880834,12745,-39717,3219,778,-114,-4,1 # cft deg6 r=16
5635926783,-4518512424,-33083179056,67964076810,-55731223845,36068609340,-55658181630,80799905748,-51327823709,9245066538,-7326633535,13349460052,-5344461757,-1393321422,1568567735,-417175926,29017798,6011214,-1284491,98246,-3297,-982,187,-10,1 # cft deg6 r=8
-137081166,-1640775030,5610166023,51901800174,110293124311,94206274482,25479640058,-7400978399,-4411700283,5151332,581469635,266342331,20557555,-5341647,-149601,437802,249001,-10371,-3610,1160,738,88,-4,-6,1 # cft deg6 r=8
23932894576,-44921573904,41637701775,-19753995881,393497389,6500292919,-6505395739,4023452670,-1880553312,660750868,-171662202,-11616870,59843669,-36580814,15287284,-5598758,1644664,-388304,75524,-10718,1339,-32,-46,2,1 # cft deg6 r=4
-635194391589,-440708664186,4146340093524,8131347674568,5918849336466,1315529094492,-504766070307,-147161332152,118618523785,20427047034,-25399639725,-3655502430,3467325586,409933122,-312859809,-23537076,20645799,1677774,-537408,-48792,-854,192,183,6,1 # cft deg6 r=4
53990815,33503874,-805919645,-817967290,1705754231,1720203218,-1559431590,-1455902322,684120019,670083798,-130382009,-183536406,-2173190,29541018,5444221,-2419146,-948266,32598,67632,8934,-1680,-566,-19,10,1 # cft deg6 r=16
-2228480,19130880,-56280288,47546560,97089279,-292063158,233916776,213482430,-536749635,204380041,297883644,-285008313,-1898843,95512179,-33304134,-5884177,5112186,-447687,-210925,30474,5037,-685,-93,6,1 # cft deg6 r=16
-2325917735,-10056625787,-16498939013,-6878551588,15712680207,21668590078,1158665376,-13652112201,-5057417342,4740921123,2285035527,-1200231332,-504372728,227387890,57533984,-29079885,-2741312,2211819,-34950,-85874,7273,1291,-160,-6,1 # cft deg6 r=12
-83668464,-128039616,1251554760,72138888,-3107702571,-2788581450,-891842739,-283954146,25875763,367092730,265235769,3739338,-67608902,-22842762,4555308,4040538,309943,-301266,-61858,10730,3580,-186,-95,2,1 # cft deg6 r=12
148681477557,233978672142,164022152526,7919938620,-32286823047,-23483380572,-8765904753,-152170218,1307875059,694432980,166479570,-30366594,-51356094,-27050166,-11697453,-3473478,-1038059,-206234,-41089,-3108,353,306,77,10,1 # cft deg6 r=4
313885405,1033645290,1604419184,542502166,-1612456104,-3351607630,-2959754085,-1612695486,-430756526,-45514962,-134306893,-213104702,-187441958,-105932632,-43518466,-14005044,-3441782,-620190,-76776,1432,2253,704,110,12,1 # cft deg6 r=4
41873841,0,-34341462,0,15761457,0,-4725309,0,3063586,0,-517033,0,128614,0,-220969,0,-66242,0,-4942,0,-59,0,17,0,1 # cft deg6 r=4
-57269375,-269541375,111885975,-354150440,-145860272,35241331,-170681809,-2001231,28996815,-41663711,10966167,-5984979,-2306290,400891,-720683,163480,-119615,20143,-4981,898,-5,70,8,2,1 # cft deg6 r=4
10126240876,-32359310372,55254160551,-58420959913,44245748134,-27553294922,16745081604,-10018596960,5430153418,-2390745957,848771284,-268200168,97421788,-44430336,20178922,-7551612,2209987,-492846,83115,-10654,1408,-272,66,-10,1 # cft deg6 r=0
109989533737,-77792743222,34043396008,8466040074,-682517453,6377205192,1127639862,-599402358,2038374019,-305487036,482389648,7010662,33027281,8896556,-1566923,628462,-284697,-28142,-1612,-4234,1215,-148,61,-2,1 # cft deg6 r=0
415933636,-898804576,1847063812,-1421679176,-98512383,1075052534,-954557355,-44925273,925935028,-654104166,52046193,115417598,-15864152,-21027310,8872709,301113,-994730,324042,23850,-17584,4135,179,-124,0,1 # cft deg6 r=0
34846580871,-61336897254,-25834011984,122449767858,-64114386576,-47680884450,80818541805,-63078362322,41875472650,-22508742404,9476046489,-3000167080,601856508,-22549674,-28620461,11442878,-1046796,-845378,420262,-127548,23808,-2216,291,-10,1 # cft deg6 r=0
-229444,-11882486,-14420251,-78286220,-229425974,-304452073,-426312655,-514585575,-383144068,-216730068,-118291520,-45001481,-10695730,-2173037,913159,1067688,410565,110830,27034,5146,117,168,52,-6,1 # cft deg6 r=4
4189343435,-10720501538,15003666387,-9545674256,7304444366,-3218091906,1198684832,292319488,-699881709,639807348,-397533296,211611636,-94397727,31905032,-6255162,-1065276,1516543,-742644,236872,-58512,10887,-1540,186,-12,1 # cft deg6 r=4
409588372,9907414668,-11470821289,-74421944855,-53823449576,40821998299,62174143406,15886385449,-10045844326,-6583152147,-660507416,558944355,303816687,89153957,-679056,-15979982,-6343917,-393218,394017,119131,9276,-1243,-207,2,1 # cft deg6 r=12
34618111256,1496107342626,4414547746361,5340266563008,3326259619477,1237803017383,411870089151,152788141905,24053706307,-11995522585,-8324814043,-3228299564,-1000856218,-192406121,-15542175,1931121,1599886,475260,52451,-221,-989,-398,-45,6,1 # cft deg6 r=8
43259845,93017334,-46012038,-290002070,-136140866,297632706,147278117,-207316060,-67930647,126881240,54781440,-19171150,-5327037,4569260,-464400,-1137178,110736,159338,-9853,-12736,750,556,-43,-10,1 # cft deg6 r=8
-45463514400,174850503120,-201121481808,-5577310476,227402239062,-288661299363,221631859251,-116683087767,44582985196,-14763044385,4832192072,-1111275128,-159137412,250213596,-62482797,-11621378,6844497,29346,-334628,11430,9437,-296,-149,2,1 # cft deg6 r=8
7721681920,-2290166272,-21473495296,-12072932992,4788532544,6769352256,3307118704,240117704,-1214088556,-595395680,132775083,103153188,-40496521,-20258394,10208819,5065474,-694555,-566436,-8619,29094,2510,-688,-89,6,1 # cft deg6 r=4
24143125,4416000,-57732700,52778640,-192509332,14193672,332357283,593444232,587917966,458407860,260078255,102936483,30957061,4961721,-106207,-381222,-113666,-10941,-2394,-2691,-69,150,-11,0,1 # cft deg6 r=4
-15877027459,-35318100235,-30797235345,-2112653922,19280483402,18553337986,10102656968,5601757205,3421716546,602337643,-1058283150,-967271207,-350219955,-57302339,1836021,4457515,1619651,308803,14449,-11741,-2580,-288,43,4,1 # cft deg6 r=4
-14654604200,132714636314,-382266077325,391929875568,-46271499101,-71050687160,2672409104,2340344012,10829944627,-4638621355,-628431550,465109952,83304188,-25661944,-16456176,2566140,896620,-85133,-22624,-2146,1498,38,-70,2,1 # cft deg6 r=8
-30561509224,-656058195756,-1454769355281,-1164632092506,385226051181,1494682496204,1097592754622,202199476904,-143815459822,-73108985678,3308709946,8292473414,610989380,-573938732,-58530611,34445732,3890411,-1516622,-170574,46070,4670,-950,-89,10,1 # cft deg6 r=4
25617600,17098560,-22321728,49829976,109143591,2256624,-37898229,70367106,89892650,7030558,-14325359,18762408,24554113,7143134,-1699841,-1019240,101879,53292,-26861,-1832,2690,-2,-75,-2,1 # cft deg6 r=4
-304175,-8921999,-44279648,-103942362,-141345304,-126328868,-113676360,-172704040,-265471522,-283497748,-192682026,-67824188,8754339,24338353,13012191,2849704,-300048,-324499,-54352,7938,3437,65,-85,-4,1 # cft deg6 r=4
3525308,-3717424,-7953792,7454436,13347683,-3893146,-15104958,-2653588,10676925,4311363,-5283196,-2441334,2226496,1046852,-636427,-305849,112779,55394,-11223,-5591,692,310,-32,-8,1 # cft deg6 r=0
381483030394,1634964117660,3516686986105,4824025755257,4518019121391,2905387498807,1204891131625,235563324213,-41933169510,-33106706732,-1275201039,3276724789,475504391,-273153864,-73356791,9152780,3888423,-279404,-111776,21843,4737,-545,-117,4,1 # cft deg6 r=0
1103302597,-7896220616,17284807269,-14115206892,-2068728831,12811702988,-10400701925,2715570795,2216801823,-2610153543,897104856,242410740,-305220192,67090890,24116331,-14027595,716496,923361,-174635,-21944,7755,93,-141,2,1 # cft deg6 r=8
-33302738176,-20896715854,95004287697,-60047364976,3665823981,6205830451,-1215843135,-890629884,1022834071,-452992562,90436864,2150547,-2258543,-7835648,4115798,-1314639,188431,11883,-3754,2619,773,91,32,12,1 # cft deg6 r=4
-871894253260,2924825444392,-2742779776828,870797714996,589909188225,-861680342496,556483231937,-237803352690,66510221921,-6121602612,-4885199774,3239148838,-1140471645,246206664,-18988519,-9012726,4084656,-827006,54355,15406,-4992,574,0,-8,1 # cft deg6 r=8
48496177,-473823560,-245580905,248160432,-314099309,-294794778,279404507,290625488,-5327916,-97861948,-46478424,7417534,16493815,3528726,-2105562,-1067064,-73730,75774,32619,3242,-1724,-484,2,12,1 # cft deg6 r=12
52394761,-29914607,26724496,56853992,-110721167,153652080,-96166928,-8750318,12822861,55623954,-80419227,44797087,-6066104,-6387998,3798620,-511998,-284875,132037,-8347,-7485,1755,102,-70,2,1 # cft deg6 r=4
-2283253015,13759551012,-27572932928,12578264966,34096540088,-61316606556,38759395271,-437144032,-14136417597,7379950872,259169114,-1556496014,416268597,112892686,-69762636,-89136,5519446,-453510,-256601,26902,7474,-656,-129,6,1 # cft deg6 r=4
-4562275475,802827027980,-1032600801773,473292575916,-266461342064,21815227788,19847329937,-31450635164,19310499570,-9590030834,4073003262,-1438541512,478275295,-131648004,35254800,-7578060,1597261,-251130,40665,-4712,964,-242,68,-12,1 # cft deg6 r=4
2073312,24146352,127120644,383331672,678488499,608040396,-4274460,-568345122,-437397753,72890574,247476984,66146322,-59648007,-32027052,6253788,6421404,24787,-663398,-66261,33548,5309,-643,-129,4,1 # cft deg6 r=12
-1737633960,126361332,6985598247,-6980598414,-2675173158,3984184890,3037243896,-3710292408,-154113531,1254773526,-322576977,-132676548,92573376,-4997478,-12448680,2301888,951608,-243332,-43143,15312,1571,-550,-56,8,1 # cft deg6 r=8
7058171336,26924514460,21302147085,-14396266070,-13244037210,-2448059214,6226104431,4120143044,-1298076384,-1414124268,-88282722,169172994,67639775,4690202,-8188842,-2767272,173917,206496,30373,-1438,-1884,-396,10,12,1 # cft deg6 r=8
121284288079,-161630157273,8583090844,-11365708103,122896563521,-59649462366,-23220597158,-22344283832,57189109545,-20393846578,-11272704798,9520008283,-865387065,-1284879961,505709025,-28415864,-22775202,4707551,189328,-141764,7111,1755,-163,-8,1 # cft deg6 r=4
-25681014,171934938,-445604679,579120048,-427064634,370978776,-500442327,397114587,-88335975,45621291,11574264,-52555068,7632558,11902368,-2374773,-1439238,366325,96794,-31405,-4423,1720,169,-67,-2,1 # cft deg6 r=4
4765505,-91896702,280462272,-82439604,-1178291370,881693470,1447429246,-1456902798,-664018300,1026169912,48022748,-367051230,54655716,71735648,-19831764,-7540448,3036891,353130,-230692,-844,8167,-258,-140,4,1 # cft deg6 r=12
21597952,63662688,241444996,522891312,-484245155,-2778467901,-3856907101,-3324351972,-1062636776,1741787487,2540276725,754749390,-562846288,-369953514,2701444,43658562,5655949,-2118426,-425596,45786,12991,-372,-182,0,1 # cft deg6 r=12
4646604800,-6108088320,-4026477568,4075409408,1808409344,-309442816,-179689792,-99928384,-58050384,-7311040,12214164,6005730,-389693,-854910,-283604,-50160,25843,26724,8036,-798,-1127,-198,28,12,1 # cft deg6 r=8
-80750625,1045143870,-168897237,-1492817256,524590942,908603486,-514661120,-333993512,259372324,78517430,-88701188,-13382268,21819169,1131716,-4292276,-18620,637106,7266,-60222,-1632,3262,102,-91,-2,1 # cft deg6 r=8
-4872640625,49833145375,-130139208450,149877635509,-58829362578,-45374891553,59311341090,-13503086607,-13110549312,8069022254,507055788,-1554716518,228270482,155800987,-44626407,-8587505,4028271,220842,-214308,588,6975,-151,-129,2,1 # cft deg6 r=8
4117475636608,5493551396608,-3416121379552,-4223266258448,1806084763088,1467565620912,-613253125242,-281235201997,126631717989,29308763383,-15276617358,-1283658433,902238937,-36951815,243723,6742712,-2726943,-216272,92241,-3930,1076,308,-88,-4,1 # cft deg6 r=12
-103737689656,209967605510,78445064541,-317961781613,11206725393,229153384618,-53617353071,-84452625332,29980854911,17089505963,-7823137275,-2041097007,1156148577,154998930,-106668738,-8213527,6528947,328173,-270865,-10067,7492,208,-127,-2,1 # cft deg6 r=8
17814267,-47428902,-455912125,-1019326288,-960046737,-47820182,974289468,1309811178,751750922,-177723482,-638728194,-414341196,-25853853,113227788,63774933,8050044,-4487208,-1551176,26152,68838,4842,-1238,-132,8,1 # cft deg6 r=12
506271925,-444342450,-2690769605,10372844400,-21177679957,26052195736,-12698259868,-15655509226,37671205347,-38187512500,23469328681,-8702073134,1293574996,465069498,-310844521,64583858,3076311,-4591156,939635,-36152,-15636,2434,-42,-16,1 # cft deg6 r=8
655959375,-2620957500,5589145125,-1113907950,-10308370830,11876861019,11166255534,-14431472901,-13736242978,476330692,3271458439,674878803,-253047975,-116561941,2800093,8422292,524228,-271614,-60630,7232,2381,76,-74,-4,1 # cft deg6 r=8
82190377,236586540,77655352,-377469096,-307461708,288501926,253438429,-36542562,-194763472,-30394228,123380287,-4685102,-44138924,16130888,711094,-1005692,58094,-21906,26260,-6512,297,0,46,-12,1 # cft deg6 r=4
-3147555703,21389870026,-67838234923,129908796109,-166385914895,151487487752,-105144533138,65746556870,-46141643835,32571484312,-16207517197,3142213663,1576602798,-1187595266,215411738,56981491,-30404531,2636786,943984,-224845,5106,2887,-229,-8,1 # cft deg6 r=4
-1386430004,9756305892,5247266345,-9511732839,-9702441128,1026835077,3484514363,101093154,-1028990047,-937187514,-594623768,-4562691,210330935,94780266,5028739,-6340359,-1657855,-124461,21638,14355,2638,-240,-97,0,1 # cft deg6 r=8
-133488543744,-163303748352,325643080176,680132880000,209085839091,-320956494786,-223086123054,43285962096,71012897880,4619951820,-11745596310,-2262568524,1161426903,342191064,-72366669,-29921916,2951401,1694448,-92090,-62544,3048,1356,-88,-12,1 # cft deg6 r=12
-112468456,1134460572,-3404768573,2448915724,-3682408039,629448108,3913534874,-2421582662,-5665386,337398426,-218482657,144032462,-50254083,9292694,-2475849,255876,355117,-116658,2923,44,457,254,-63,-6,1 # cft deg6 r=8
12442597,-5070908,29128927,-20043720,35139770,-10653114,3900192,-2752660,3227845,3599716,-4787470,121106,1934215,-1181000,147977,423548,-226256,-42200,55509,-10416,-1510,658,-29,-10,1 # cft deg6 r=0
82736769600,0,368589766464,0,315136160145,0,125929423440,0,28518646860,0,3783824586,0,287682960,0,14114898,0,727837,0,35852,0,994,0,32,0,1 # cft deg6 r=0
510167096,2674866076,9138924083,22984570695,40403421499,48854204032,40606625136,22765856226,7990885234,1324660267,-73878572,-2761977,58225244,28344523,6393473,932699,6300,-117274,-44580,-1097,2374,268,-56,-6,1 # cft deg6 r=0
-34570748,30646034,58022905,-153812478,125203246,-5746453,-86414033,91272723,-49802712,15672219,-3333762,2185479,-2328027,1530837,-654315,203706,-55533,17061,-4928,614,310,-198,58,-10,1 # cft deg6 r=4
1908352,24548352,18759200,-482686816,-599444352,2480835800,17409328,-3750586799,2047303117,1168088872,-971291474,-190594625,215047774,23412285,-27964127,-2305792,2307911,160909,-126351,-7218,4577,186,-100,-2,1 # cft deg6 r=12
-9960976,-281233600,-588938124,1496499164,-415860883,831406108,4408151375,-979160284,-4638652410,-257027338,1942378647,355051112,-407670684,-109716868,45551688,16319960,-2529048,-1313812,39478,57060,2160,-1230,-95,10,1 # cft deg6 r=12
14250853,-265344892,464895587,4839326989,-1142621440,-15443540764,-2876601293,15646406016,5004943646,-7433779168,-2814839637,1925529245,762723572,-295547393,-111136085,27930124,9067784,-1562472,-432173,50168,11930,-883,-169,6,1 # cft deg6 r=12
-1878249494020,-12346895267750,-36038877643783,-61720477173270,-68733165895974,-51841981722174,-26485150130013,-8672381702668,-1444464273580,65491567972,69722720407,2210539740,-3204561016,110233220,365166398,62302062,-6770029,-2597742,97343,91840,4049,-1624,-167,6,1 # cft deg6 r=8
-76531968,-187591680,379955280,506000520,-1204679875,432216072,321674552,-246306324,277912378,-389654966,144654379,97020672,-84566550,8513050,10312575,-3457568,-181477,295670,-42120,-9544,2867,136,-77,-2,1 # cft deg6 r=8
-27884592128,44070252544,126118033684,-177638358664,-151185944591,143857667982,132442630814,-78129778958,-59121090209,33023576821,11001477074,-7743068615,-717535704,1012657260,-49184523,-71520859,10098339,2523721,-545490,-47186,14351,453,-188,-2,1 # cft deg6 r=12
-818773677,3174563664,809232363,-6230967930,1133420418,5182223400,-1920534975,-2260265472,1082870208,578529414,-303857703,-113580018,51853212,23028612,-7864995,-3475248,1109327,267540,-91620,-11032,4231,238,-103,-2,1 # cft deg6 r=8
2073600,-10865664,20507904,-24406272,37278144,-41896224,18414000,-17901648,42193152,-33357582,7936173,-2586060,5788440,-2975406,-1372362,2280918,-1108667,213992,4056,-3320,-1836,580,-21,-10,1 # cft deg6 r=8
-65307029,-120019149,-56574635,55837570,89313769,24908404,-51019674,-41244593,17800860,25833953,-5260441,-9305298,2190088,1154001,-38794,-143465,-80633,46486,8072,-8348,1162,265,-70,-2,1 # cft deg6 r=4
-7479473,31769777,-71550502,65894953,63221630,-354940138,694716966,-892364248,818898115,-536312096,225745475,-30601252,-29203352,20138542,-3292762,-1760302,775651,38704,-64425,3025,2928,-205,-77,4,1 # cft deg6 r=4
-7155463853,-29052489882,-21209937630,35081791484,58076797058,29030489843,5719554964,150257507,-406248960,-308546426,-154350894,-40806289,-16920630,-5436809,-646377,-32086,158253,-998,961,776,612,-156,-10,-2,1 # cft deg6 r=8
-436981679,507733645,281561755,250522024,-646776360,589026135,1633860863,-494957302,-215554888,317926493,13222662,51824190,87788100,14293605,-5060697,521635,518260,-126890,-22353,17099,2648,-555,-104,4,1 # cft deg6 r=8
8274752,-103260000,-333251693,812913189,1032259082,-1274131691,-1309549942,345348358,727218218,101824166,-248482363,-64359624,55102802,13576406,-7937456,-1713542,785638,149220,-57732,-8264,3039,230,-92,-2,1 # cft deg6 r=16
5846572800,35018730180,95084705421,171900811152,226542400230,228862928307,181610963139,114011934933,56394457306,21507202356,5979152394,996889109,-36454703,-85186840,-28306362,-4678932,31588,230994,55435,5803,-748,-312,-25,-2,1 # cft deg6 r=4
-73551,-210162,-2503119,-10079220,7058919,63192624,42898473,-66253278,-56736796,53870104,55136754,-15405334,-26316843,-2008934,4877870,1021676,-413800,-106134,29013,8332,-1292,-506,0,12,1 # cft deg6 r=12
1511227,4014896,-9194033,-15680306,12766393,-32107354,24446413,149778600,-101601744,-132446604,105884820,11554854,-27371613,10732230,-2233578,-537678,462672,-35574,-36053,7154,1564,-404,-50,8,1 # cft deg6 r=12
184293248,1022437814,2348796443,2598140561,621552972,-1844776913,-2416347852,-1387551249,-268024679,275195913,275345615,79625127,-7408142,-13359663,-5123221,-640368,293806,133326,14395,-4036,-1956,-208,20,10,1 # cft deg6 r=8
-169724,3953812,-19074111,43119954,-50436387,13001951,32912136,-36040225,17199206,-657083,-10179804,10767568,-801419,-3943461,1411848,448916,-290927,2465,20821,-3082,-226,157,-32,-2,1 # cft deg6 r=8
-115425435,-21555660,730764147,2142650526,3971212881,4376631828,1472819616,-2235074190,-2727510775,-638183376,732877359,530261190,12654848,-109673186,-34612627,5809306,4386584,111000,-245215,-18688,7568,582,-131,-6,1 # cft deg6 r=8
121070421,-116432898,-21219719,142439660,-53793805,-160623096,-59502631,21989282,47871756,42098272,23420714,9675994,2843901,463882,-122322,-180372,-87716,-24198,-4747,-1508,-428,22,48,12,1 # cft deg6 r=8
-38972,-551774,-1597605,8509669,66458023,146309301,-41766809,-865641071,-2006170633,-2462494547,-1856499610,-888335575,-257794211,-31839751,6255911,2857600,23102,-147926,-1349,12378,1972,-206,-54,4,1 # cft deg6 r=8
-6803705763,-6154395507,2850194279,4522269112,3443834640,1026966538,-242672870,-1080902928,-1164958338,-413124942,111041349,162750781,46754567,-12002358,-9818695,-1113913,722796,227625,-28038,-14601,1259,397,-60,-2,1 # cft deg6 r=4
36912670065,-49991171916,29519187995,747216226,-11047263615,1462230228,9215127296,-10454802514,6016806261,-1749313544,-111166849,370005962,-168739588,26663786,8357037,-5278458,750748,200328,-83743,2224,3500,-318,-83,6,1 # cft deg6 r=4
772752080,-959980276,-341524933,-1036536466,978539773,-238542360,-2943924436,2067621502,377417274,-882756572,191462253,140834752,-63554928,-4993562,9103371,-1231328,-677973,192688,15418,-14182,868,542,-58,-8,1 # cft deg6 r=8
41055808,-9821480,-126378921,247522146,-216268944,-272717899,785538478,-418866618,-352803912,471817704,-107042961,-79189740,40608612,1500480,-1935120,-1747656,933153,-110391,-9293,-548,1431,-216,-42,8,1 # cft deg6 r=8
687241,0,-15960134,0,122417385,0,131568911,0,61198700,0,177123571,0,3705248,0,-14388734,0,-2045887,0,-83998,0,123,0,70,0,1 # cft deg6 r=4
-128309520,-1461303684,-6873423975,-16284096288,-17958015924,-1991828250,12931383726,6599197428,-3843946639,-2455270784,587197991,432391656,-45605822,-42054894,1780982,2295572,-139609,-85512,21057,5712,-1246,-418,8,12,1 # cft deg6 r=4
112934690675,-378439426360,-113343862105,334754374646,172300954735,-288587445070,-42730123661,70134509993,-2502905444,309489122,-1136165093,-429464631,96908147,4665093,8592681,978058,-433181,-43891,-31345,-330,637,146,68,4,1 # cft deg6 r=4
600331500,1058551740,547854435,-186599214,-230173731,-64474704,38481804,117555138,66879918,-20199780,-16687731,5146128,531252,-1330086,538011,-9504,-310893,-11256,21962,1398,-516,-190,-10,8,1 # cft deg6 r=4
-5405337,55355349,477589546,931218334,-120043846,-2768812023,-3612706720,-107433507,4827347378,6635686597,4956370452,2485324233,943048907,305545679,89949119,22727694,4581036,768661,122327,16392,635,-306,-46,4,1 # cft deg6 r=4
30511514324,-12426057700,-12617789143,774753456,3095509684,2704814166,-58987378,-902713612,-269826291,51228384,81830791,27212792,-5687270,-5000670,-781290,95316,83323,20472,-911,-1248,-94,110,56,12,1 # cft deg6 r=0
57018694480,-54718172580,30442315743,1811491802,8495281832,-6160913014,7094238346,-1679338786,1797398529,-764580218,528810417,-234879592,122304111,-48622250,17176566,-5163682,1358904,-304208,63787,-12112,2514,-426,68,-8,1 # cft deg6 r=0
2950,8260,-401141,-356478,1747928,2363939,-561930,-1385803,740711,903451,-377193,-335671,179416,97088,-63288,-23335,15331,3647,-3113,-475,442,49,-34,-2,1 # cft deg6 r=12
-11295436032,-51573123840,-27987253432,81008395952,88579459731,23983809722,-9668114522,-16336705476,-12277776003,-5878950303,-2617231080,-839732812,191450354,263357592,66663773,-1959239,-2982021,-422076,-52143,-3405,1832,62,-54,2,1 # cft deg6 r=8
6681650,-23200730,41834283,-45233129,20040033,14877789,-19878961,-11149219,35455359,-23347536,-3853215,13784517,-5931940,-2107336,3253584,-1400940,147661,113853,-45632,275,2691,-240,-74,6,1 # cft deg6 r=4
31712230,-57096688,37131847,26494614,-53852330,-5509014,42852240,-2884786,-22394460,5755651,5080581,354288,-2567391,94167,1428673,-363469,-231560,137219,13106,-17511,1339,667,-76,-8,1 # cft deg6 r=4
128183050,-455191668,16227281,1468323826,-1400967122,-507338177,1155498550,-173212899,-288537231,62097641,36689607,43746277,-9025222,-16164724,5806136,2282579,-924009,-30459,67093,-5697,-430,457,-8,-2,1 # cft deg6 r=4
361009492,435300360,-2098450491,-4055713109,-313491697,3982626667,2276569300,-1339875671,-1521636201,21142562,463832817,106138279,-72859461,-32065693,4952559,4557214,125865,-354253,-45005,14860,3015,-300,-88,2,1 # cft deg6 r=12
92853970,122706012,-386822757,335467360,-303669100,620598348,-362206214,-142686928,-273862985,-199734290,-71688133,-14459348,7937728,4730332,744139,-248246,-212747,-24382,12523,3772,296,-158,-45,2,1 # cft deg6 r=4
672380666,628718520,740616631,116073494,-275975374,-593754622,-553033833,-365227002,-150669119,-6781024,44906213,44816618,27659850,13851024,5695922,1954644,560284,132546,28154,5692,1447,352,78,12,1 # cft deg6 r=4
-623271200,-6301516560,-27457847736,-67918195444,-110173075144,-127304518267,-107368374503,-65469578555,-26443724930,-4100022617,2963976163,2692751942,1073066599,172666994,-53637062,-40771651,-10101853,-259805,506814,130998,10105,-1041,-210,-2,1 # cft deg6 r=4
1253338,-27496702,155822081,-350720411,-200893515,879482002,-195638014,-701956348,438366108,159749522,-236550428,47694131,38176124,-24516640,4106821,1705926,-1312892,308196,34458,-34143,5750,219,-134,4,1 # cft deg6 r=4
-1545958692,-449435556,11822850380,9000784164,-10632523769,-11492675137,2676454114,7133802972,900072474,-2698159098,-771066384,654785457,229902567,-101496360,-38461284,9844290,3898215,-580401,-237822,19413,8285,-318,-146,2,1 # cft deg6 r=12
-606862553,-3147452726,-5135146962,-714789064,6262873836,5572505532,-856798094,-3623517074,-1269512356,752431672,477848714,-23851864,-55379209,-5684102,1776608,138274,-46405,20818,9568,2364,-104,-250,-28,4,1 # cft deg6 r=8
-946060795,1212903562,-294937496,-504606418,779871212,228872070,-1019936237,51384056,693215423,-166822454,-246839412,87081072,53389306,-23074674,-7857316,3621146,831353,-347950,-62407,19964,3074,-622,-86,8,1 # cft deg6 r=8
-39960577,-2629565382,-3162761834,-1542251426,841504993,1183963482,768698690,181654506,32999273,-54270030,-72560670,-49231080,-17417161,-21620,2153534,639138,-19782,-42164,-5684,2826,779,-174,-50,4,1 # cft deg6 r=4
56196633132,6299499780,-16078056424,-21309983524,-20481325745,-1672260307,11835034997,7991570520,-217975590,-2351338917,-851328435,184032877,175697218,4214780,-15780230,-1354367,564306,90369,18666,-1236,-1391,-125,-10,4,1 # cft deg6 r=4
385083818136,-692996736528,651593855684,-462691271332,260191058151,-127026959626,48653171509,-16506313956,3576872229,-622945662,-118928280,38101456,-13814507,-5110692,644983,-158188,-213732,48246,-13695,186,548,-64,0,8,1 # cft deg6 r=4
22867219,347325442,2514341233,9528016694,19438494165,16011186866,2622796069,-1207247350,989830831,661718140,-118121085,-27026368,53514632,-16077604,-19782801,3038686,2822290,-307090,-185810,14810,6768,-382,-128,4,1 # cft deg6 r=0
13922820025,0,40630825364,0,42518905664,0,20000708050,0,4185988178,0,269618504,0,-26830885,0,-2917258,0,165893,0,6166,0,-714,0,12,0,1 # cft deg6 r=0
117714974200,-114316902880,30373302492,-2608201828,-14830918481,20901883336,-7996352138,4632932620,-69726267,-570553906,770062467,-439128014,234372261,-93342652,34370106,-10272500,2739021,-574150,97741,-10122,501,4,19,-10,1 # cft deg6 r=0
21710959,-38898798,59688907,-40891986,25620639,-5946660,6844606,2486290,1866855,-414892,1907226,1013956,520380,241184,139044,115894,67539,32990,14536,4924,1465,344,63,10,1 # cft deg6 r=0
7842716016,-35391486912,65907372912,-65239642656,40321815903,-22536408252,17068898877,-11939101950,5310822341,-1447839894,452513356,-248851162,55874607,41781184,-34914865,9817146,-215804,-662326,215902,-30990,-136,856,-102,-4,1 # cft deg6 r=0
5212251711,35529642252,122125457889,275880328200,450691500591,552872931264,512566771500,352430964378,169977138240,48830907612,1932486189,-4550995404,-1632136806,-76680630,85793562,18320016,-924094,-620714,-13255,10272,-353,-272,13,10,1 # cft deg6 r=0
-34245619,109047992,147691968,-585833856,1050870995,-1739345048,1990726079,-680848498,-1087763583,1331931070,-309956025,-359997804,253835570,4144878,-62468908,21622838,2145323,-3242270,829260,-54012,-12568,2380,-50,-16,1 # cft deg6 r=8
4685125,91775600,448630170,1266217475,2475689427,1309131258,-3240135791,-5175145133,-2151868302,585441425,710534115,161946529,-15567348,-11047039,2050545,2019286,288411,-21733,-10718,2538,1224,4,-12,-8,1 # cft deg6 r=8
620964124236,253265976396,-158793694515,-128055440121,59915889223,34170747785,-28921628721,-5374323851,8243106445,-52573018,-1433108366,201725099,150697746,-47436613,-9065881,6214084,269028,-519083,-5981,28396,1063,-838,-60,10,1 # cft deg6 r=4
2086840125,6762253950,1992721680,-11922068160,-6002916261,9168779454,4361376837,-4069907394,-1475080622,1124804156,251919705,-188775906,-20869056,17232992,1561810,-809460,-335675,104766,13376,-6272,-35,88,38,-12,1 # cft deg6 r=4
95735875,-1034288350,4976346735,-12475455600,18301957921,-10999220288,-11869982139,4600158068,40834693,-107852428,2252524878,322208960,-638916310,-116493112,82461414,15546966,-6374990,-1182494,352650,87644,-2813,-1966,-78,14,1 # cft deg6 r=4
-31744665,37694871,1091550771,4584108249,10941384186,18069751638,22199158728,20806230753,14823486597,7750065660,2673761520,366995919,-156643938,-84582708,4135275,19135161,9184226,2354020,381830,48524,5193,89,-44,4,1 # cft deg6 r=8
405220,-1921888,-3528103,6893550,20404735,378714,-24780037,-9424762,1298718,-15543328,-20914784,-7647952,2720485,3508848,762588,-646272,-426326,-27678,41847,8862,-1624,-616,-10,12,1 # cft deg6 r=8
191712672,-794216016,1302540588,-734084316,-1138290003,3060557244,-3069501534,1106026560,706830432,-946631256,273268665,152062572,-121664616,5697606,18619992,-4318296,-1375292,545818,40581,-32742,678,954,-69,-10,1 # cft deg6 r=8
121,0,18102,0,691165,0,1088147,0,-624766,0,-144473,0,287510,0,-166265,0,50318,0,-7726,0,257,0,53,0,1 # cft deg6 r=4
-20527316,5116488,1498604491,5091418736,8572994573,9277941986,6994989640,3544951252,866484914,-248428499,-255040169,-3058326,84154787,45127260,5335318,-4009460,-1732903,-71999,115885,28994,329,-784,-80,6,1 # cft deg6 r=4
-22778794800,-21446071200,-3059638020,7769663640,27159375393,-2917409049,3991328469,-322606782,-1611639507,1249468932,-478566216,-6888549,147872595,-65829702,-1470558,8164263,-1901897,-135400,130242,-18224,-1475,701,-51,-6,1 # cft deg6 r=4
-429524688,-1952279652,-3959285397,-4361733642,-2588423106,-783024576,-255862623,-47774328,357840284,316618422,-50060265,-96240990,10638350,17710276,-1789012,-2024876,229397,135624,-34279,-5290,2129,180,-65,-6,1 # cft deg6 r=4
97886507008,-193903260672,-40481535744,11491177984,70455100304,27556912516,-24079134176,-14012711867,5418844224,3044326889,-896619876,-404841668,118630353,34933472,-12489492,-1877057,1014276,56126,-60242,-620,2391,-39,-61,2,1 # cft deg6 r=4
8672993829495,-14677239765060,17064896729382,-12704845782054,7334115735271,-3237373908812,1185865046042,-328461591186,71813416155,-8822783412,725903673,204254046,-49632894,51911620,-16292723,5508236,-507327,13050,37194,-2922,513,90,26,-4,1 # cft deg6 r=0
1153458739,-5387638778,10355918010,-10053150448,3873736644,2196315152,-3725629219,1813426468,146972184,-629772554,297816615,-1625858,-64891710,24394978,3677625,-2657672,-84258,56968,56684,-13848,-1626,746,-33,-10,1 # cft deg6 r=0
-29647826532,12403950324,-17923691893,13485355286,-8204245494,5637687168,-2592937519,1477301320,-653997672,220247294,-106691113,33520162,-7713442,3162580,-734820,61332,-5159,192,4097,-1642,437,-84,-17,-6,1 # cft deg6 r=4
44123029929,-202927929465,-375571826012,276768846426,448793467373,-96016928480,-153600007038,-23293156574,20880324765,4916990507,-734687960,-98526986,8972261,-10367883,4353757,1405757,992285,290913,-69083,-19669,4336,463,-104,-2,1 # cft deg6 r=4
769840367899,-2179756134186,3700450888205,-4165356214884,3548839543217,-2380869454752,1310718627460,-592030464204,217158002568,-62228357550,13109496108,-1525246584,-84951549,85645740,-13600140,-521352,1029282,-202674,29920,1530,152,-30,53,-6,1 # cft deg6 r=0
133933680,556788432,9513595924,-7543117804,4806038383,12024698504,-3308985941,-8069835198,-1422940552,1838871840,907154675,-25387506,-108595837,-18520974,2334173,-297600,-450121,73968,80390,12684,-1475,-584,-17,10,1 # cft deg6 r=0
-326500,-26214700,-183520365,-389139310,-131199448,401583839,355114039,-43321387,-199796620,-51264767,51867062,28005517,-9063017,-9600369,-147645,1693376,336251,-176509,-56176,9636,4342,-184,-140,-2,1 # cft deg6 r=12
-140743852,-735529964,969500705,1042647996,-5128501574,7306206768,-5625986655,2107244644,515338279,-1261887514,861847349,-312557846,26786077,38328020,-24335881,7139626,-707144,-286774,129463,-17182,-1836,812,-54,-8,1 # cft deg6 r=8
2624776753,-12051306480,-55155517010,13749107880,78298718433,-868553904,-49564683679,-2401748754,18609063734,637607823,-4472847182,47957346,686074814,-36883086,-66139574,5020179,4114178,-292101,-179749,9141,5418,-141,-101,0,1 # cft deg6 r=8
1977960825,1802993850,-18238714830,26019542340,-7141767222,-17610750402,20911394895,-8208096486,-1183050674,2190469332,-581436825,-98953522,84723098,-23166376,9528346,-3938386,1123064,-219196,37202,-7070,1147,36,-8,2,1 # cft deg6 r=4
28831063973,-1708997128,525198631,3937846398,-5952746930,4930311882,-1850805745,86554774,105079662,-98318568,24207618,6656498,-5062373,-1504254,1874514,-91908,-240953,9582,36283,-6932,-1586,550,-4,-12,1 # cft deg6 r=4
124302788,-836682822,-2627689299,22282725348,91977563342,76012994014,-130090156045,-271603603390,-136361877974,47433570298,70116428418,18163059660,-4296352737,-2536242768,-16213278,145209058,10139595,-4992912,-476093,109552,11252,-1470,-148,10,1 # cft deg6 r=12
35275535,220492182,683431772,1371712436,1778881137,1622695488,1086862295,704229382,465408231,250610410,92164752,-8408408,-30060222,-12868616,-1306452,1664578,838017,-55502,-88124,-1802,4348,134,-105,-2,1 # cft deg6 r=8
-1878832640,691841280,6921689216,1322934784,-3646767744,41761376,-923513112,-3896599824,-1561967030,2054663769,1532512430,-100567463,-372857018,-97731781,19595219,14557746,1714996,-506646,-148461,958,5025,347,-97,-6,1 # cft deg6 r=8
834875000,4225473750,6593204775,-1325034495,-7439500361,-178267655,552951126,-855339485,366395481,-10471466,200669951,7863171,6360829,-3459723,564679,598800,191289,29005,-5699,-3298,-323,-78,36,2,1 # cft deg6 r=4
625,20035,19781,34491,-152201,-186944,-345967,98517,139701,221666,-248836,-86117,14109,-26359,20432,-5957,-5430,-3102,974,1214,334,-51,-25,2,1 # cft deg6 r=4
714438577600,-87753301200,-385306581204,62434120492,95113984173,17268094714,-68597986402,38745344406,-10205948106,1170846934,-30559699,16128482,-5204503,-282510,559824,-579218,315396,-81770,11462,-2700,780,-158,41,-10,1 # cft deg6 r=4
5960734025,9437059210,-34420913863,-10971807716,40337513106,-14003955276,9954867661,-5090383068,-16512905530,16246870502,-1251719647,-4036886550,1656152487,64084318,-190042108,42083462,1416356,-2058060,309941,8252,-8311,898,18,-12,1 # cft deg6 r=12
-101035,-3007719,-25706739,-111839117,-296614299,-520499915,-624667956,-517611352,-304914272,-153693170,-93388564,-57627541,-22552937,-5188250,-2208793,-1370512,-399767,-34670,26836,16841,2743,-367,-115,0,1 # cft deg6 r=8
13272643,-36377219,13674460,7830086,46391927,-73117631,45019349,-20930176,-4408275,12592738,-934260,-3182627,1519488,-757118,-128722,282638,-1929,-31894,1932,-1067,540,174,-49,-4,1 # cft deg6 r=8
-3047571125,15363724895,-28555815843,18314847154,9330524949,-16882429959,5622727944,-3090382530,4794545530,-1743505944,-433888512,7375155,194232245,11977328,-32959918,-6255400,4400183,651224,-291977,-29947,9587,686,-152,-6,1 # cft deg6 r=4
-89885375,-63339010,290345602,1382261216,1874971060,1027374142,558865609,597594492,336366296,6095868,-84387688,-35085318,15927425,10681386,-2809234,-1273686,416858,-6090,-25901,10306,-875,-266,67,-10,1 # cft deg6 r=4
-25594034436,-75328443252,-83025792576,-5460488784,110995181823,172802760795,137944151361,48496078227,-24845244193,-45905464186,-29626689114,-9165124310,-61382586,1015879281,318337213,6854049,-17002484,-3211496,177574,113304,6380,-1469,-161,6,1 # cft deg6 r=12
-359086817,594154784,1440217025,-1688488306,-1524889363,1266392006,50085584,-900453284,93013050,425301380,-32903763,-127656682,9725540,24546598,-836780,-2882020,141556,78654,-3799,6974,-885,-178,15,-6,1 # cft deg6 r=12
193112100,-31842720,-1049447988,-2193248016,-1306410687,1798502292,5056759260,6611730678,6671506068,6294488148,5696566074,4564180242,3014651841,1585023732,651991257,206279580,48655657,7950658,697752,-29352,-17694,-2012,-12,16,1 # cft deg6 r=8
25464941,68731992,-46473110,-358663682,-406204745,59721989,479575816,429744462,241144188,181766374,132539712,54918939,12961540,2220508,-1640253,-2515024,-1183232,-99083,98218,29935,387,-886,-79,8,1 # cft deg6 r=8
-911981975,-609323910,15862098714,77140919612,183540366341,283153792651,318679970271,276376620390,189850267945,105282239616,47574799094,17699250186,5471846961,1430482977,325688805,66727239,12451471,1946496,183834,-11387,-8116,-1412,-66,10,1 # cft deg6 r=4
-790054907,-2339882754,-4482402936,-6063506996,-6631789633,-6014770228,-4497717082,-2390594920,-744400940,-471727750,-669995280,-369516908,46393899,125034034,36403436,-7442258,-5623419,-447544,281382,58078,-3363,-1782,-90,12,1 # cft deg6 r=4
190692549,3132776574,-2361447952,6328145543,2887668895,-1627194874,-928102294,1058196948,584456802,-279825573,-143168562,69532717,36720070,-13339300,-7377029,1922470,970194,-178596,-77448,9861,3607,-299,-91,4,1 # cft deg6 r=4
-3188510144,-1584353408,11311300176,-11415314784,7190876561,-6999591562,7991234652,-1644149940,1402875835,1417481496,-743231370,497977932,-82252783,5393370,16252596,-4717722,1542415,-28518,-7668,14740,-940,204,48,-4,1 # cft deg6 r=4
74102639524,0,-98606542388,0,71535043501,0,-31941822758,0,9670284443,0,-1932686860,0,249137051,0,-17396464,0,387671,0,22258,0,-1226,0,-8,0,1 # cft deg6 r=4
349074325,-277432155,-1651491456,-1176816210,236237163,166263525,-140403170,138667026,237210636,15822796,-83828880,-46605621,-18852352,-8932650,157602,2298689,512025,-195462,-62331,8547,3561,-163,-99,0,1 # cft deg6 r=4
337009015937,1135961305946,2227439734969,3021371370672,3121394316531,2547569236932,1678842645975,900164894600,388556466488,128247508736,28016940958,1648408748,-1405812167,-596490558,-111980945,-3060622,4906039,1642892,270033,19186,-923,-128,52,12,1 # cft deg6 r=0
60938132,-75333880,191939376,68699528,-30175655,-294857006,474865425,-328032068,157618134,-130758216,65830672,2727654,-2540599,-7239438,3067381,150332,-236911,26344,10514,-5822,529,292,-52,-4,1 # cft deg6 r=0
4454099252,10437563660,20641514723,25772092312,28114448405,23810282806,18574268311,12171814416,7400969939,3786091068,1708586405,606513244,170453286,27845450,695584,-1524652,-236779,62070,58032,21912,5225,968,134,12,1 # cft deg6 r=0
94958464,456944768,972948320,1261376000,1163790640,897925764,714870844,583890952,422848136,245817789,121878861,57827209,26795614,10139834,2989566,780125,227919,64046,12912,2456,940,157,4,4,1 # cft deg6 r=0
6718464,-41679360,160674048,-353620608,547585408,-564992928,434322768,-159295328,86627804,6660786,13850291,2537126,13282309,-563002,1013983,885682,235522,-26870,16715,3810,-382,50,21,-6,1 # cft deg6 r=0
1235522500,0,5911526924,0,7773780129,0,4649742472,0,1609878194,0,398294372,0,68143577,0,5096366,0,-110272,0,-11114,0,948,0,68,0,1 # cft deg6 r=0
5565043845,1053447282,4687450722,12129661224,11481364116,-648145314,1027276155,612766890,1139459535,30587760,-21949272,-104779656,2536911,261342,5619642,2280,65640,-151182,-10045,-2234,1864,438,101,10,1 # cft deg6 r=0
