# IGP24 class field sweep: deg6.
31159,-137435,390331,475318,1839245,1632510,1581732,596924,-145401,-208282,-213718,-38596,63734,22824,-4004,-2088,2137,749,-1133,-322,261,66,-24,-4,1 # cft deg6 r=0
542912,4166784,13934784,26236928,30351360,22493312,11685440,5431040,2777616,734496,-506160,-364512,183920,152336,-42408,-26208,14675,3994,-2581,-228,340,0,-28,0,1 # cft deg6 r=0
256,0,3840,0,24864,0,81212,0,111089,0,-2856,0,-60980,0,35648,0,-4202,0,-696,0,268,0,-28,0,1 # cft deg6 r=0
32,0,192,128,-744,736,-3176,-416,6842,-3640,-1488,2708,-1654,840,-528,-508,663,-224,100,-4,-26,20,-12,0,1 # cft deg6 r=8
2809,0,9626,0,21715,0,38134,0,44003,0,30852,0,14662,0,5196,0,1419,0,314,0,51,0,6,0,1 # cft deg6 r=0
1114,8744,45172,13580,61276,-63200,38172,-43040,93011,7048,29390,-40428,-6967,-8916,11974,-1288,1446,-1948,1174,-524,153,-36,14,0,1 # cft deg6 r=0
162,-648,-756,-756,18972,-8136,21528,-147312,175163,-215792,407826,-266344,52589,27352,-43186,14740,4122,-2868,678,136,-119,-8,14,-4,1 # cft deg6 r=0
16496,-79040,270416,-635280,996676,-1058648,538420,184628,-737539,724648,-426742,82240,95421,-126568,84594,-32732,6532,1052,-1338,516,-199,68,-6,-4,1 # cft deg6 r=4
-12961,-20572,123070,395136,371745,-101200,-562018,-605732,-241164,253924,432134,183360,-78835,-95128,-16846,13196,7364,316,-1166,-352,137,56,-14,-4,1 # cft deg6 r=4
104788,-1006984,4330000,-9535544,13500542,-12607208,7739192,-2464824,-514437,1235584,-833264,240656,67106,-85328,31516,-6136,-2544,4392,-1368,-552,320,24,-28,0,1 # cft deg6 r=0
199,-1196,4824,-13008,27074,-43272,55184,-56608,48580,-38792,31780,-27628,22684,-16924,12696,-8408,3658,-648,-244,248,-116,32,0,-4,1 # cft deg6 r=0
1024,-768,6080,-6848,17616,-20672,33632,-32064,41840,-40512,48480,-40400,35172,-22544,15680,-8144,4528,-1480,568,-28,41,4,10,0,1 # cft deg6 r=0
229441,0,-179342,0,-52145,0,10174,0,9711,0,-4724,0,15462,0,-4068,0,1735,0,-358,0,-9,0,-2,0,1 # cft deg6 r=8
16384,0,41984,0,10432,0,-61648,0,74788,0,-93072,0,79936,0,-41344,0,13308,0,-2744,0,360,0,-28,0,1 # cft deg6 r=4
1444,0,-20032,0,317240,0,-155072,0,-126704,0,59688,0,14592,0,-5768,0,69,0,252,0,-90,0,-4,0,1 # cft deg6 r=4
29241,0,-126612,0,239930,0,-339020,0,179003,0,-22168,0,-7636,0,5096,0,-1197,0,60,0,50,0,-12,0,1 # cft deg6 r=4
3721,0,-36362,0,231947,0,-236386,0,-34969,0,10524,0,-3882,0,-1100,0,-265,0,-154,0,43,0,-10,0,1 # cft deg6 r=4
64,0,-256,0,-7168,0,-28736,0,-42928,0,-59392,0,-20928,0,-6056,0,2265,0,1116,0,222,0,20,0,1 # cft deg6 r=4
196,0,-760,0,1788,0,-7384,0,12048,0,-16064,0,33148,0,-26432,0,2229,0,-1570,0,39,0,-10,0,1 # cft deg6 r=4
1296,0,2304,0,2048,0,-416,0,1240,0,3600,0,520,0,-1464,0,-1063,0,-188,0,142,0,-20,0,1 # cft deg6 r=4
407552,-1269760,1333248,-28672,-1584128,2040832,-563712,-1527296,1453184,400640,-878016,1216,296656,-43968,-58112,12496,5895,488,-1813,234,93,2,-9,-2,1 # cft deg6 r=4
215536,-32192,-738928,-702240,555120,1015904,-210128,-563104,128168,182368,-107272,-5968,46928,-5072,-17624,784,4207,-108,-507,-50,97,-10,-5,-2,1 # cft deg6 r=4
178609,-280444,-813581,456282,1017083,-299866,-334197,158486,-146709,-1872,30718,-9500,19338,-11980,-3610,5868,-1077,220,1023,-62,-29,54,-1,-2,1 # cft deg6 r=4
78961,0,-96542,0,220379,0,-247550,0,254191,0,-209956,0,126542,0,-53244,0,15607,0,-3110,0,403,0,-30,0,1 # cft deg6 r=0
14884,0,-44704,0,92408,0,-100592,0,84296,0,-35096,0,14240,0,-3264,0,165,0,-36,0,46,0,-12,0,1 # cft deg6 r=0
31684,0,49936,0,124504,0,97168,0,142176,0,43112,0,49056,0,-4872,0,197,0,88,0,30,0,-8,0,1 # cft deg6 r=0
16,0,-208,0,1564,0,-1712,0,15017,0,10232,0,25180,0,-26752,0,11546,0,-2792,0,408,0,-32,0,1 # cft deg6 r=0
10816,0,-12928,0,8512,0,20928,0,-27984,0,28800,0,10608,0,-2472,0,-1599,0,-38,0,95,0,18,0,1 # cft deg6 r=0
16,0,160,0,464,0,3936,0,-1464,0,6992,0,23136,0,24736,0,12609,0,3298,0,463,0,34,0,1 # cft deg6 r=0
1296,0,-2304,0,2048,0,416,0,1240,0,-3600,0,520,0,1464,0,-1063,0,188,0,142,0,20,0,1 # cft deg6 r=0
26569,0,41120,0,27250,0,3336,0,20955,0,25824,0,19644,0,14592,0,6435,0,1696,0,266,0,24,0,1 # cft deg6 r=0
1,0,5320,0,-830,0,2176,0,4619,0,1360,0,-5988,0,-560,0,891,0,168,0,90,0,-16,0,1 # cft deg6 r=0
63232,117760,-251648,-625152,1328384,91648,-1844224,1058560,1219552,-1961728,808160,309312,-427072,125952,26448,-23952,3851,-652,1329,-682,21,86,-21,-2,1 # cft deg6 r=0
477481,0,1237610,0,1324735,0,815710,0,308055,0,80900,0,26302,0,12820,0,5095,0,1338,0,223,0,22,0,1 # cft deg6 r=0
3376,20096,48176,59616,58480,98656,141424,74912,-37528,-57024,-30744,-36560,-20560,28304,39656,7088,-12469,-6808,823,1326,177,-98,-25,2,1 # cft deg6 r=0
369664,0,583936,0,716800,0,606352,0,315428,0,164656,0,65184,0,18640,0,4164,0,888,0,168,0,20,0,1 # cft deg6 r=0
806404,0,-108160,0,-662504,0,60256,0,250208,0,3512,0,-22448,0,-3880,0,53,0,148,0,54,0,4,0,1 # cft deg6 r=0
1532644,0,934696,0,882044,0,528760,0,125560,0,54704,0,28244,0,10152,0,3157,0,478,0,103,0,6,0,1 # cft deg6 r=0
23248,-544800,3990784,-9662912,10603104,-6765504,5290896,-5036064,3360088,-1468304,807632,-555072,281496,-106128,42432,-22704,10845,-2722,836,-484,132,-32,7,-2,1 # cft deg6 r=0
2401,0,-20142,0,57799,0,-16654,0,-138285,0,-26780,0,52450,0,6884,0,-3709,0,-918,0,-33,0,10,0,1 # cft deg6 r=8
220032,1347072,4150784,7255808,7291392,2524032,-4078912,-7368192,-5386032,-822240,2441936,2972096,1851520,629904,-11816,-164304,-117031,-49868,-13792,-1884,310,252,72,12,1 # cft deg6 r=4
10816,0,11136,0,263488,0,8896,0,-130640,0,38752,0,4016,0,-5320,0,673,0,230,0,-41,0,-6,0,1 # cft deg6 r=4
12996,-176016,-50152,4749120,19209884,38915472,54127544,66117856,84454272,107019952,117196432,103329248,71741108,38744664,15888624,4654136,798789,-11956,-47382,-10608,299,688,170,20,1 # cft deg6 r=4
11216,329664,1327072,2076288,558224,-3157952,-6290752,-6789888,-5104968,-2785280,-1019632,-136704,115296,100912,51528,25712,16617,11812,7230,3512,1327,384,82,12,1 # cft deg6 r=4
16,0,-1184,0,40336,0,125152,0,140040,0,1712,0,-69104,0,-43200,0,-9967,0,-546,0,63,0,2,0,1 # cft deg6 r=4
65536,0,-360448,0,352256,0,-382976,0,145664,0,-47104,0,-18176,0,3072,0,672,0,-128,0,16,0,-8,0,1 # cft deg6 r=4
155684,4800816,32286968,115736000,272483004,466077168,617870680,661527840,583893840,427167888,258218384,127533728,49720308,13505448,923024,-1573480,-1137403,-469172,-130366,-22608,-1165,544,162,20,1 # cft deg6 r=4
44521,0,-107702,0,158399,0,-153566,0,71443,0,-2300,0,-15454,0,5556,0,187,0,-558,0,39,0,10,0,1 # cft deg6 r=4
150544,0,695840,0,650448,0,-367264,0,304360,0,57712,0,6016,0,-9200,0,3385,0,-478,0,63,0,-10,0,1 # cft deg6 r=0
262144,0,-393216,0,507904,0,180224,0,41984,0,6144,0,10240,0,1536,0,-576,0,320,0,-16,0,0,0,1 # cft deg6 r=0
1521,4716,13018,8084,-6297,-33484,-12422,44880,55951,15368,-40180,-34792,8762,30072,20092,656,-1073,3180,3098,1204,95,-76,-22,0,1 # cft deg6 r=0
425104,0,672320,0,703224,0,503824,0,-60823,0,-143408,0,-42012,0,3584,0,4046,0,976,0,156,0,16,0,1 # cft deg6 r=0
1296,0,18144,0,-17072,0,10848,0,-7416,0,18160,0,-23136,0,16256,0,-6687,0,1718,0,-201,0,10,0,1 # cft deg6 r=0
64,0,1920,0,6720,0,13248,0,5424,0,4544,0,2608,0,2648,0,-727,0,506,0,-57,0,14,0,1 # cft deg6 r=0
153664,0,1831040,0,1708352,0,1418048,0,826096,0,382208,0,145808,0,43752,0,10177,0,1902,0,279,0,26,0,1 # cft deg6 r=0
21904,0,176768,0,501560,0,663456,0,526617,0,293216,0,121908,0,34992,0,5406,0,192,0,12,0,16,0,1 # cft deg6 r=0
64,0,-384,0,-3008,0,21568,0,19152,0,-34816,0,11248,0,8728,0,7625,0,1350,0,207,0,26,0,1 # cft deg6 r=0
169,0,8718,0,-48345,0,66454,0,51539,0,-5012,0,-7566,0,2140,0,2043,0,-602,0,175,0,-18,0,1 # cft deg6 r=0
44521,0,107702,0,158399,0,153566,0,71443,0,2300,0,-15454,0,-5556,0,187,0,558,0,39,0,-10,0,1 # cft deg6 r=0
256,0,1104384,0,2561536,0,1573632,0,148256,0,62656,0,24752,0,-3792,0,1,0,282,0,-25,0,-2,0,1 # cft deg6 r=0
1105552,2060640,8809920,31442496,58059988,65332784,50885224,31714684,21858249,20679456,19859256,16229576,12145100,8682944,5255920,2271792,550170,-10976,-58232,-19096,-2064,368,152,20,1 # cft deg6 r=0
361,-8797,71013,-216096,273819,-35010,-245640,155172,83694,-80741,28761,7092,-18187,12322,4668,-4028,232,505,-181,116,45,-44,-10,4,1 # cft deg6 r=0
60869,103362,111042,147904,224376,245960,257373,280046,239594,167338,111778,65780,35490,15932,8231,4222,2464,998,652,216,74,20,15,2,1 # cft deg6 r=0
31329,0,61596,0,48522,0,-143796,0,-341921,0,-93096,0,181932,0,2136,0,-27009,0,6604,0,-758,0,28,0,1 # cft deg6 r=4
196,-2842,6685,-59472,92836,-169802,100080,49006,-180227,163134,11461,-97552,36856,15534,-6646,-2386,489,1382,-339,-44,26,10,0,-2,1 # cft deg6 r=4
9339136,0,2056192,0,1672960,0,2587136,0,459040,0,326976,0,129264,0,38400,0,8257,0,1228,0,150,0,12,0,1 # cft deg6 r=0
784,0,1137088,0,-3069620,0,-550408,0,3092353,0,3008952,0,1434036,0,427032,0,85270,0,11464,0,984,0,48,0,1 # cft deg6 r=0
114273,-514740,740738,297772,-133711,1464492,-337478,769800,978870,-460164,1352538,-508556,656525,-119484,153838,8472,23350,5940,3790,636,529,20,38,0,1 # cft deg6 r=0
82944,0,-182016,0,-44224,0,-74800,0,-1276,0,-4688,0,-224,0,-832,0,-148,0,136,0,-8,0,-4,0,1 # cft deg6 r=4
-14272,-22112,-152304,-355544,153436,112968,-786368,400272,257636,-785568,673264,-213368,-216708,389656,-348024,219584,-105364,38808,-10204,1386,247,-214,68,-12,1 # cft deg6 r=4
153148,1004960,3653020,8190928,12742180,13665464,10425780,6034152,3507376,2623600,1702404,742640,238820,91336,48556,15608,171,-1376,-277,36,-67,-42,-3,2,1 # cft deg6 r=0
1296,11232,48096,103584,100400,27680,-12288,9280,33912,-5232,-27664,-33376,-12584,-8800,2080,1280,3787,842,1206,154,215,10,20,0,1 # cft deg6 r=0
971728,405616,-1972008,-1048974,3600387,428218,-3358412,1208124,1326437,-1170440,110600,298964,-205326,55396,23376,-36800,17886,-808,-3376,1634,-185,-118,60,-12,1 # cft deg6 r=0
-16112,7712,31536,-51440,-85972,-72488,-158340,-7372,269033,78800,-124336,-26472,-21460,-22544,33232,10320,-11782,752,1840,-984,-8,152,-28,-4,1 # cft deg6 r=4
1691,-6636,4282,17432,-36241,19136,22414,-46024,24324,18028,-25618,-1200,11841,280,-3262,-2528,1578,1340,-674,-344,201,24,-22,0,1 # cft deg6 r=4
43744,-41216,141680,-103472,229528,-128080,231504,-77792,136216,-1408,53080,20264,24988,10592,11872,4800,3904,1864,1126,438,229,66,24,4,1 # cft deg6 r=0
10052,-86008,328272,-681464,798260,-361464,-182576,210240,-55152,46600,15304,3928,26436,-5872,4456,32,301,154,0,18,37,-2,8,0,1 # cft deg6 r=0
8321,41304,48722,-36444,-128041,-219204,-167250,276116,500451,89200,-173476,-15184,131938,95352,15524,-10800,627,5784,786,-948,111,108,-18,-4,1 # cft deg6 r=0
6388,71008,316104,640896,432740,-252032,-161712,727952,833364,141368,-92104,43192,18020,28512,25340,-13840,77,3116,-702,428,-153,-12,30,-8,1 # cft deg6 r=4
275728,1446848,4489888,9564928,14943600,17501184,15097632,8933760,3570456,2410528,4514320,6573088,6608728,4939584,2915424,1417232,580617,204396,62378,16440,3743,704,110,12,1 # cft deg6 r=0
207908,-484016,936464,-1620128,1346560,-1716112,2125744,-1372112,1450356,-888224,1114584,-13352,787012,194512,320856,85720,76577,18020,11136,2140,978,140,48,4,1 # cft deg6 r=0
26719232,4712448,38986752,-16187392,10691584,-692480,1173376,-3660160,3923216,-1691200,-576320,1226976,-708728,114640,170512,-206288,139481,-68884,27266,-8968,2435,-536,98,-12,1 # cft deg6 r=0
4352,0,-156672,0,1765568,0,-5237376,0,-11719932,0,-8167448,0,-2393078,0,-130724,0,77537,0,12708,0,40,0,-64,0,1 # cft deg6 r=8
272,0,-3808,0,21560,0,-66000,0,123504,0,-149864,0,121406,0,-64876,0,22357,0,-4588,0,588,0,-40,0,1 # cft deg6 r=8
68,0,-680,0,4370,0,-21052,0,-9935,0,-1912,0,35276,0,-34936,0,15930,0,-4064,0,594,0,-44,0,1 # cft deg6 r=8
272,0,544,0,1528,0,-4208,0,-11168,0,-64168,0,-72754,0,-116036,0,5925,0,3692,0,656,0,64,0,1 # cft deg6 r=4
68,0,-408,0,-1702,0,13108,0,5417,0,-34064,0,-7336,0,26040,0,458,0,-344,0,70,0,20,0,1 # cft deg6 r=4
3721,-36356,174666,-541080,1161807,-1759508,1788922,-942940,-364226,1338400,-1558534,1185440,-624867,186512,27146,-69360,41780,-12624,330,1444,-615,92,14,-8,1 # cft deg6 r=8
33489,0,315126,0,678351,0,403398,0,-80021,0,-50332,0,41062,0,-108,0,-677,0,1086,0,311,0,30,0,1 # cft deg6 r=0
627871,2957575,8979895,19135778,29899489,35257522,30562706,18051634,5346072,-1896411,-3305959,-1867194,-439019,112080,168412,96002,30176,3525,-1007,-886,-303,-26,6,2,1 # cft deg6 r=0
1709,0,17090,0,63717,0,139866,0,238622,0,165730,0,-13423,0,-54946,0,-20718,0,-7146,0,2993,0,534,0,1 # cft deg6 r=4
1709,0,17090,0,116489,0,397546,0,341482,0,-511494,0,-89151,0,141582,0,-45002,0,17710,0,-2419,0,78,0,1 # cft deg6 r=4
1570000,0,-1884000,0,1518800,0,1416160,0,-2567288,0,1360560,0,-349504,0,31536,0,3957,0,-774,0,-61,0,22,0,1 # cft deg6 r=4
3973,0,19865,0,-27631,0,90433,0,-135885,0,242562,0,-225690,0,182490,0,-67105,0,-17611,0,2017,0,53,0,1 # cft deg6 r=4
117413,12730,-228706,-16762,109569,-213434,49204,515312,332806,80962,-48038,-17678,61257,-38638,-28844,22152,1054,-2970,1134,-354,-71,74,-8,-4,1 # cft deg6 r=0
-532,5656,-6860,-23464,47054,4956,-1982,-84734,54263,29606,66621,-20330,6202,-20328,1286,-4054,2098,-212,541,-88,38,-30,2,-2,1 # cft deg6 r=4
2094181,-1611171,533975,-1252146,1569649,-1789814,1102750,-381704,470150,-545373,341977,-77430,-17075,4150,6494,-5740,938,-123,179,-22,5,28,0,0,1 # cft deg6 r=0
196,-196,2828,-13968,115276,-206064,223944,-205352,162700,-87240,41684,-29524,12992,2592,-5928,5152,-3423,-5,1693,-882,29,74,-4,-6,1 # cft deg6 r=0
571308,1219596,5530196,10856792,8798978,2657138,-2574078,-4684582,-3058297,-699397,640709,770984,441193,103490,-47864,-55286,-18146,1035,3281,934,-33,-102,-16,2,1 # cft deg6 r=0
-18508,22176,7028,53536,378,-46312,-57066,-132978,10661,-10802,59595,111072,42850,38562,19982,-2832,-36,2328,-225,-262,170,56,-10,0,1 # cft deg6 r=4
509,0,7635,0,8118,0,-12544,0,-57577,0,-57254,0,-26204,0,-4716,0,875,0,683,0,166,0,20,0,1 # cft deg6 r=4
1,0,-22,0,141,0,-210,0,-109,0,1068,0,-1156,0,-1604,0,1687,0,-362,0,25,0,2,0,1 # cft deg6 r=8
1,0,-1,0,10,0,53,0,29,0,1154,0,2712,0,5670,0,-1251,0,-527,0,-146,0,7,0,1 # cft deg6 r=4
4,0,-20,0,-24,0,196,0,-124,0,-216,0,804,0,-1052,0,825,0,-401,0,92,0,-21,0,1 # cft deg6 r=8
64,0,-112,0,260,0,-508,0,324,0,-240,0,184,0,-200,0,64,0,36,0,-31,0,1,0,1 # cft deg6 r=4
64,0,32,0,1188,0,196,0,644,0,-3792,0,-424,0,-1928,0,2576,0,1608,0,73,0,-47,0,1 # cft deg6 r=8
4,0,136,0,460,0,664,0,332,0,16,0,128,0,136,0,225,0,186,0,59,0,10,0,1 # cft deg6 r=0
64,0,-368,0,1332,0,-2828,0,4428,0,-5640,0,5240,0,-3824,0,2204,0,-664,0,-23,0,37,0,1 # cft deg6 r=4
16,0,-40,0,-95,0,14,0,19,0,52,0,94,0,-192,0,186,0,-124,0,47,0,-10,0,1 # cft deg6 r=8
16384,0,-189440,0,455744,0,-539664,0,408804,0,-218288,0,89440,0,-29048,0,7148,0,-1304,0,172,0,-16,0,1 # cft deg6 r=8
13372,-30948,-110022,672760,-1805773,3209832,-3887206,2940740,-792331,-1011656,1396452,-727504,22854,206480,-116716,6504,22094,-9844,-318,1656,-505,-24,50,-12,1 # cft deg6 r=4
1764,0,-2744,0,-14308,0,-8784,0,22176,0,12904,0,-13088,0,-4212,0,1177,0,338,0,-37,0,-6,0,1 # cft deg6 r=4
64,0,-1536,0,10880,0,-1536,0,-64016,0,-159056,0,-170768,0,-96416,0,-26431,0,-3362,0,-109,0,14,0,1 # cft deg6 r=4
42436,0,98328,0,-19540,0,-28112,0,-79456,0,4376,0,1112,0,-10148,0,-6439,0,-1762,0,-45,0,10,0,1 # cft deg6 r=4
92416,0,763392,0,889088,0,1077632,0,172128,0,-122848,0,-51088,0,-13816,0,-5015,0,-432,0,22,0,8,0,1 # cft deg6 r=4
-65668,144708,-16902,-78520,42531,-67816,129394,-74780,60933,-111864,112052,-82448,62806,-39888,24116,-18872,12734,-6572,3122,-1304,455,-168,58,-12,1 # cft deg6 r=4
36,0,1832,0,1324,0,-18624,0,-55424,0,-69544,0,-47592,0,-19500,0,-5119,0,-838,0,-61,0,2,0,1 # cft deg6 r=4
1827904,0,-4153344,0,2798720,0,-1681856,0,898864,0,-376016,0,139104,0,-35032,0,7569,0,-1018,0,131,0,-10,0,1 # cft deg6 r=4
1522756,0,-2351752,0,113212,0,526208,0,-32576,0,-69848,0,-20944,0,21444,0,-6623,0,934,0,-5,0,-14,0,1 # cft deg6 r=4
92416,0,-763392,0,889088,0,-1077632,0,172128,0,122848,0,-51088,0,13816,0,-5015,0,432,0,22,0,-8,0,1 # cft deg6 r=4
92416,0,352768,0,725344,0,100468,0,97713,0,14920,0,16620,0,-2736,0,342,0,-8,0,-20,0,-4,0,1 # cft deg6 r=0
9397,85672,350344,845624,1373610,1644408,1572788,1293056,952571,629352,378728,228168,149372,95528,48872,15880,855,-2016,-880,48,210,112,36,8,1 # cft deg6 r=0
3856,-30464,141024,-263648,228752,-77024,15648,36928,78972,29456,70752,50048,50704,32536,26620,16372,10593,5492,2948,1332,562,180,48,8,1 # cft deg6 r=0
1024,0,23552,0,137728,0,377088,0,304960,0,152448,0,68928,0,19072,0,1856,0,-320,0,-8,0,-4,0,1 # cft deg6 r=0
122500,0,-245000,0,783132,0,-595328,0,279200,0,-66072,0,61120,0,-29436,0,4097,0,-266,0,123,0,-14,0,1 # cft deg6 r=0
576,0,-4352,0,16000,0,-23104,0,-3216,0,22128,0,2688,0,-280,0,433,0,194,0,7,0,-6,0,1 # cft deg6 r=0
126736,0,259856,0,407480,0,262500,0,-1991,0,-56452,0,-25524,0,-3084,0,1362,0,684,0,148,0,16,0,1 # cft deg6 r=0
20736,0,-158464,0,312416,0,-13612,0,-90047,0,10404,0,17388,0,1108,0,-1014,0,-44,0,76,0,16,0,1 # cft deg6 r=0
4,0,-104,0,1660,0,-8320,0,20064,0,-23480,0,18680,0,-9724,0,3497,0,-746,0,79,0,2,0,1 # cft deg6 r=0
441,0,24794,0,-1813,0,17694,0,33295,0,10720,0,-4954,0,-2368,0,1879,0,854,0,163,0,18,0,1 # cft deg6 r=0
48331,155464,241216,377654,541782,594074,669783,651442,615075,526728,440344,319692,246212,154924,105934,58052,33185,15904,7536,3006,1078,298,67,10,1 # cft deg6 r=0
27217,-70672,-1406,51748,59043,49368,-66822,-76708,-48361,-20340,29708,48340,52290,42388,28728,17652,9583,4860,2338,1040,415,140,38,8,1 # cft deg6 r=0
293764,0,-2115688,0,3075340,0,3693616,0,1365888,0,124568,0,11496,0,12316,0,2361,0,46,0,19,0,10,0,1 # cft deg6 r=0
31326409,0,17916774,0,795683,0,295214,0,1074535,0,-226168,0,48214,0,5768,0,-1633,0,290,0,27,0,-6,0,1 # cft deg6 r=0
84934656,0,0,0,37519360,0,0,0,6213888,0,0,0,466176,0,0,0,15008,0,0,0,208,0,0,0,1 # cft deg6 r=0
50176,0,0,0,86016,0,171008,0,432064,0,107328,0,20688,0,4560,0,2473,0,-416,0,22,0,16,0,1 # cft deg6 r=0
16,0,-144688,0,1029420,0,-1495444,0,217873,0,-306344,0,-71900,0,-16624,0,-2874,0,-424,0,8,0,4,0,1 # cft deg6 r=8
59049,0,-430942,0,770591,0,-491726,0,112507,0,-75524,0,59482,0,-11092,0,2195,0,-126,0,15,0,2,0,1 # cft deg6 r=4
13456,0,-52128,0,-312848,0,-516064,0,-409000,0,-162992,0,-23960,0,4800,0,2369,0,366,0,11,0,-2,0,1 # cft deg6 r=4
784,0,2352,0,398412,0,-1894860,0,616441,0,48080,0,147172,0,35672,0,10302,0,1696,0,216,0,20,0,1 # cft deg6 r=4
199809,0,-392078,0,150623,0,46970,0,-31677,0,-29836,0,21714,0,-3084,0,-813,0,-102,0,119,0,18,0,1 # cft deg6 r=4
7921,0,-150874,0,-63241,0,-88322,0,143003,0,-152444,0,102970,0,-46204,0,15275,0,-3466,0,471,0,-34,0,1 # cft deg6 r=4
4096,0,-32768,0,47872,0,-69760,0,-84848,0,-173504,0,67584,0,-31584,0,6376,0,-1136,0,144,0,-16,0,1 # cft deg6 r=4
2401,0,3430,0,44443,0,29098,0,-80237,0,-226068,0,-185926,0,-77916,0,-16701,0,-1458,0,51,0,18,0,1 # cft deg6 r=4
16,0,-5168,0,-39428,0,-392012,0,-627239,0,-526992,0,-52348,0,-24040,0,-2530,0,-352,0,72,0,20,0,1 # cft deg6 r=4
16,512,4800,-39136,80928,-44320,-18224,-8512,63644,-95632,147440,-184864,169564,-131416,92264,-55588,28309,-12804,5394,-2068,687,-192,46,-8,1 # cft deg6 r=0
2016,1344,31360,55040,177376,255072,339732,440636,439633,333572,268206,170432,98961,69456,52626,32584,13740,4520,2078,1044,425,132,38,8,1 # cft deg6 r=0
4096,0,-12288,0,-92416,0,221312,0,301712,0,138944,0,37248,0,-5024,0,-664,0,-208,0,48,0,16,0,1 # cft deg6 r=0
4096,0,32768,0,47872,0,69760,0,-84848,0,173504,0,67584,0,31584,0,6376,0,1136,0,144,0,16,0,1 # cft deg6 r=0
36864,0,696320,0,-2215936,0,3249152,0,-2173312,0,622592,0,-78336,0,19856,0,-1615,0,-250,0,27,0,-2,0,1 # cft deg6 r=0
294912,-2162688,6897664,-12165120,12092416,-5106688,-2042112,2930688,341344,-2024064,927872,324320,-374272,-11408,111700,-23804,-18767,7244,2212,-1308,-122,132,0,-8,1 # cft deg6 r=0
16,0,5168,0,-39428,0,392012,0,-627239,0,526992,0,-52348,0,24040,0,-2530,0,352,0,72,0,-20,0,1 # cft deg6 r=0
463761,0,1687214,0,-1422093,0,-174526,0,480771,0,-228420,0,90842,0,-31884,0,8931,0,-1802,0,251,0,-22,0,1 # cft deg6 r=0
65536,0,0,0,958464,0,0,0,-239360,0,0,0,10496,0,0,0,992,0,0,0,48,0,0,0,1 # cft deg6 r=0
16,0,144688,0,1029420,0,1495444,0,217873,0,306344,0,-71900,0,16624,0,-2874,0,424,0,8,0,-4,0,1 # cft deg6 r=0
5177316,-9492536,10303204,-11439136,15515220,-6556064,8091812,-6111416,3330968,-2343040,1568812,-784560,438592,-255016,122876,-54296,26421,-11746,4505,-1624,573,-184,51,-10,1 # cft deg6 r=0
10756,119608,638804,2149632,5126452,9259616,13303652,15833432,16201416,14588864,11648652,8326256,5390160,3098104,1633500,760008,322197,118546,39229,10928,2709,528,91,10,1 # cft deg6 r=0
1048576,0,0,0,17760256,0,0,0,3411968,0,0,0,237568,0,0,0,8320,0,0,0,144,0,0,0,1 # cft deg6 r=0
71631,-118545,541303,77650,1638915,456818,2102212,-285966,1637055,-839854,1097206,-488652,386526,-181016,93620,-3400,-11639,4407,1587,-1022,95,70,-16,-2,1 # cft deg6 r=0
244989,452880,280407,147060,545432,553460,96062,-113804,158688,130332,1705,-110908,-43262,-18740,24530,2240,7040,-1448,1015,-288,156,-24,16,0,1 # cft deg6 r=0
33283,-82189,98975,-208500,169959,27448,19206,147866,-168209,-13006,141166,-33792,-30722,13296,2620,48,373,-961,23,92,-17,8,-2,-2,1 # cft deg6 r=0
20288,-497344,3896896,-10037024,6541176,8368304,-4919712,-6035420,3378789,2523010,-983236,-922058,335494,154316,-39158,-23442,-1517,6964,-82,-1118,146,66,-18,0,1 # cft deg6 r=0
576,2688,4544,2880,-19376,-21664,170640,-439792,718796,-825952,637192,-270000,1670,96012,-101536,54218,-9191,-3518,5466,-2650,436,-134,42,0,1 # cft deg6 r=0
1021673,-5214815,15317819,-31572438,50913849,-66692738,73269812,-68264716,54663847,-37631262,22409622,-11454340,5044446,-1884460,607868,-169604,48087,-15451,6463,-2510,905,-242,56,-8,1 # cft deg6 r=0
323001,-550053,381003,-45312,571591,-834800,1204026,-1398786,1532067,-429594,49802,-112524,369010,-784,-66696,4256,21563,-1945,-2285,-20,431,-40,-26,2,1 # cft deg6 r=0
40484,-229248,279848,127312,14070,-59944,438960,-348670,-96329,-81346,6628,-40644,53429,-27004,-22158,3128,3066,-620,-358,90,87,10,-20,0,1 # cft deg6 r=4
1296,0,864,0,-872,0,-1952,0,-2247,0,-230,0,717,0,1038,0,-540,0,-102,0,-11,0,-10,0,1 # cft deg6 r=4
4637137,2837048,4773281,12020604,1078195,-7864908,2072087,6350636,-142300,-2226272,189625,827758,71491,-173306,-33015,26704,8882,-1830,-881,136,61,-2,9,6,1 # cft deg6 r=0
6912,44544,169600,467712,998112,1728704,2512848,3109552,3324900,3100864,2526856,1808312,1130538,612072,285412,109130,33917,6746,510,-442,-156,-50,2,0,1 # cft deg6 r=0
62324,519672,1985000,4521728,6910286,7584092,6701904,5488478,4434951,2916566,1291784,307456,20241,34640,60714,34784,9794,4204,1546,-70,-61,-14,-16,0,1 # cft deg6 r=0
6148928,14554112,21563200,29883456,31556368,21498880,11585072,7830128,5135004,2010600,539160,409232,367734,193756,79020,42962,26641,10310,878,-986,-388,-18,26,8,1 # cft deg6 r=0
1934912,0,-2902368,0,-4369820,0,9123156,0,-5593784,0,3545640,0,-1425131,0,-286651,0,-41425,0,-8502,0,-385,0,1,0,1 # cft deg6 r=4
-9632529,-27183375,-3220945,47112330,45425133,-14044210,-47149190,-19900410,14474807,16829938,2677674,-4289344,-2554130,-37216,438876,122376,-37863,-26663,-253,3222,569,-158,-46,2,1 # cft deg6 r=8
68,0,612,0,1620,0,420,0,-1672,0,124,0,-48,0,360,0,-139,0,33,0,-7,0,-3,0,1 # cft deg6 r=4
17,0,85,0,-63,0,545,0,47,0,-774,0,978,0,1434,0,-345,0,-735,0,-203,0,-11,0,1 # cft deg6 r=4
5976,-27096,60872,-106432,146816,-165192,170416,-132056,63020,-4780,-17952,11732,2360,-9920,9332,-5060,1509,51,-303,138,-9,-22,16,-6,1 # cft deg6 r=0
4608,23424,58336,-12336,-36408,89776,37936,-21968,57472,-3536,51496,-94136,18548,-23336,19076,-5816,3412,-1104,1024,-158,135,-6,20,4,1 # cft deg6 r=0
61767,257258,594849,1422294,3159567,5470288,7207505,7504666,7181107,7027340,6912514,6128884,4646134,3008536,1662730,792220,328461,117850,37389,10166,2467,488,85,10,1 # cft deg6 r=0
16995159,-18011562,-1878187,11173134,3415892,-8351760,-3225878,8094200,-1678397,-2572028,1386514,235260,-321860,-8072,90184,-29024,-3843,2862,1109,-850,104,24,14,-8,1 # cft deg6 r=0
475136,-12288,-297984,1279488,229632,-909312,1306880,539136,-1037568,372224,647808,-166080,-4000,86784,-77088,-17568,14640,-4272,1436,1050,-225,-48,15,-6,1 # cft deg6 r=0
106480,964128,2629968,-717664,-10434720,839616,18811040,-15150528,1124616,4087152,-2019816,-537648,451160,169344,-132528,26720,24279,-12966,4609,-3078,1020,-196,54,-12,1 # cft deg6 r=0
12752,23808,149328,326464,225408,-198624,12816,340128,265320,-382624,-477960,320448,797368,278976,-216720,-170048,-10323,21720,6565,348,-234,-114,-9,6,1 # cft deg6 r=0
19860076,51372624,19505580,-56320880,-49684908,30249480,53659188,4153368,-28997328,-15929424,4434276,8285328,3386116,-15096,-568092,-233448,-23553,15924,8375,1428,-327,-190,-15,6,1 # cft deg6 r=0
4000000,0,-9738816,0,12278784,0,-6595652,0,1770177,0,-204792,0,39868,0,-21264,0,4806,0,-488,0,60,0,-12,0,1 # cft deg6 r=0
3584,0,4608,12288,42240,64512,61184,41472,7488,7680,12480,10944,4608,-192,3504,736,753,192,197,18,90,32,6,0,1 # cft deg6 r=0
186800,-220320,-171792,648224,-121344,-553536,534464,405408,-269016,96208,75048,-147984,225480,44160,-92544,-42896,30003,9534,-3653,-1926,462,140,-24,-6,1 # cft deg6 r=0
2624,15024,387612,838394,946923,532710,375204,633048,576897,293976,232224,211956,106706,46716,36192,19048,4326,1272,1012,258,27,46,12,0,1 # cft deg6 r=0
4,-12,636,2104,18660,38232,68680,18696,20184,-47324,10788,-13872,21300,-9984,7704,-8104,6045,-4131,2395,-1062,405,-130,30,-6,1 # cft deg6 r=0
102400,0,1683456,0,2981376,0,2462400,0,1374864,0,692544,0,253344,0,83520,0,19944,0,3792,0,504,0,36,0,1 # cft deg6 r=0
679168,553728,2532864,1981984,4053552,2946432,3766576,2322912,2069616,1117120,596928,303312,81240,11040,18696,-21120,10464,-5952,2304,-558,195,-48,15,-6,1 # cft deg6 r=0
2958400,0,3522816,0,2958336,0,1483584,0,677808,0,268032,0,108544,0,37176,0,8889,0,1364,0,126,0,12,0,1 # cft deg6 r=0
272,1200,6336,13242,6351,-38538,26108,-51240,58185,-31976,24000,-13068,11506,2076,8136,3304,3246,888,656,66,87,-2,12,0,1 # cft deg6 r=0
905,0,0,0,-11316,0,-2772,0,39180,0,13488,0,-23046,0,20496,0,14628,0,-10748,0,648,0,264,0,1 # cft deg6 r=0
119677,-1152,454323,-314058,340302,187422,-458144,149274,180702,-109992,-33255,-34038,-23364,12330,5058,2010,2484,324,121,198,12,-6,12,6,1 # cft deg6 r=0
6400,97920,344832,-380160,214128,-173088,1347248,-131328,1739664,-1172160,755904,-224064,108632,15408,408,9792,-3240,2088,-160,0,207,-18,-21,0,1 # cft deg6 r=0
13568,23040,-105216,78080,334080,-997440,1352352,-991872,385476,-208448,531216,-743472,617044,-353088,158712,-67144,25641,-7536,1456,-216,102,0,0,0,1 # cft deg6 r=0
53512,90864,-733176,144496,3391494,3168300,-1487220,-4012356,-1755567,649212,259782,-464664,-88947,152064,-19938,-63344,-2262,8172,-618,-684,237,52,-18,0,1 # cft deg6 r=4
155200,0,1094160,0,716436,0,179812,0,215292,0,158568,0,47072,0,6456,0,228,0,-80,0,9,0,9,0,1 # cft deg6 r=0
64,192,960,2496,6528,13344,24992,38352,53604,65508,69300,63888,50752,33612,17796,7296,2121,393,153,186,141,66,24,6,1 # cft deg6 r=0
97024,-345600,1038336,-1542144,2782464,-3227136,4921088,-4293120,4344480,-2507712,1692672,-622848,342320,-122304,88512,-45504,24483,-8814,2696,-504,138,-42,21,-6,1 # cft deg6 r=0
4754689,4621896,5697528,-4491732,-2174094,-4355676,4578756,-64200,1684602,-3087652,321816,-820656,932756,-219552,278652,-99256,77190,-19488,5828,-1296,672,-296,84,-12,1 # cft deg6 r=0
501199,1998168,2322306,645572,-119775,-1199676,-156462,1116108,1129860,395904,-260766,-236484,38485,140316,115518,57012,11772,-2832,-2290,-612,-15,100,54,12,1 # cft deg6 r=0
1972,0,-23664,0,-52128,0,85116,0,146676,0,-116760,0,-127204,0,31200,0,-15867,0,768,0,-330,0,-93,0,1 # cft deg6 r=4
408281,-4034442,19210233,-57969950,122945670,-192388308,226828512,-201709470,132296394,-59122114,12286155,4866582,-5445500,2262372,-475290,44518,-11856,7590,-1133,-354,108,-12,12,-6,1 # cft deg6 r=4
423613,0,-2197245,0,3395460,0,-2956434,0,2393568,0,-1943619,0,1225626,0,-517674,0,128508,0,-18249,0,1452,0,-60,0,1 # cft deg6 r=8
114291,-793638,2126493,-4559328,8457210,-14534154,22625325,-28499040,26194023,-16642692,6399054,-10800,-1271556,166644,389934,-193536,-4635,23922,-2823,-2160,594,78,-39,0,1 # cft deg6 r=4
-17768,-168504,361992,203536,-339384,-808944,1016288,38448,-380700,-391388,938028,-432744,-59804,41136,-4776,12800,-4869,-3339,-481,60,159,92,30,6,1 # cft deg6 r=4
225133,-232230,1065,278522,-198306,-277746,651143,-963210,949764,-720238,442161,-215766,115872,-67518,52413,-34710,21948,-10794,5019,-1818,654,-166,45,-6,1 # cft deg6 r=0
4096,0,23616,0,14493,0,18821,0,9549,0,4356,0,1434,0,-666,0,-270,0,20,0,9,0,-3,0,1 # cft deg6 r=0
17334,-451008,560844,-2095308,-787968,-1934604,-345276,-1889892,936279,-127008,446634,138348,261765,-14796,-60642,-56124,-4446,5652,5874,648,-423,-288,6,12,1 # cft deg6 r=4
169744,187872,258048,213632,208752,343776,-31312,240912,-103212,136856,-47112,24912,-17744,8688,2652,1552,45,-270,428,-222,189,-98,48,-12,1 # cft deg6 r=4
1600,-1920,576,-7360,-11424,175344,808536,1539216,1678809,1193696,688512,403104,209984,69648,13992,3376,1206,-96,-32,96,48,0,0,0,1 # cft deg6 r=0
-120872,487632,-531960,167744,177330,-363348,232772,-65940,-23991,-18664,-8298,-30852,-14283,-12,-6246,312,1086,-312,318,24,-27,8,-6,0,1 # cft deg6 r=4
5427,10692,16038,26892,2997,158436,340794,-37260,-133488,1388988,2978046,3148308,3081645,2438748,721278,-365580,-278388,-9540,31722,5868,-1359,-444,6,12,1 # cft deg6 r=4
978100,-255120,-791304,-1383584,-124152,-467544,1291728,546240,1209357,351256,512922,24168,116849,-41040,19038,-14392,4308,-1872,1090,-240,57,-48,6,0,1 # cft deg6 r=0
502768,-79296,430992,-772672,-131559,-694122,-74881,790542,691047,172268,-757794,-328932,326557,87666,-62571,14122,5985,-11844,-1426,2220,351,-146,-21,6,1 # cft deg6 r=0
28004,205236,592809,941986,1075800,953922,537608,70500,-115767,-18936,160815,268254,243790,123126,8316,-24028,-4581,5856,3105,810,174,-46,-30,0,1 # cft deg6 r=0
4,0,24,0,444,0,-1272,0,-6312,0,-20496,0,109300,0,-82608,0,28797,0,-5838,0,687,0,-42,0,1 # cft deg6 r=8
5184,0,-15552,0,-2592,0,39888,0,-23292,0,-32976,0,13856,0,5328,0,-3780,0,664,0,0,0,-12,0,1 # cft deg6 r=4
1024,0,3072,0,3840,0,0,0,-6336,0,-6144,0,-320,0,960,0,-768,0,-304,0,156,0,-24,0,1 # cft deg6 r=4
136161,0,-301320,0,143370,0,199008,0,-304389,0,160128,0,-23236,0,-12096,0,5163,0,-344,0,-78,0,0,0,1 # cft deg6 r=4
4096,0,-12288,0,-30720,0,-31744,0,40704,0,4608,0,-16640,0,1152,0,2544,0,-496,0,-120,0,-12,0,1 # cft deg6 r=4
1024,0,0,0,-23808,0,15872,0,-3264,0,-3072,0,-5824,0,-4416,0,-1824,0,-512,0,-84,0,0,0,1 # cft deg6 r=4
2930944,0,-3137856,0,1831776,0,-775068,0,177057,0,-35784,0,2932,0,-696,0,354,0,-152,0,60,0,-12,0,1 # cft deg6 r=4
409600,0,-1622016,0,2666496,0,-2457600,0,1517568,0,-740352,0,305920,0,-99072,0,22608,0,-3440,0,348,0,-24,0,1 # cft deg6 r=4
400,0,6768,0,-24840,0,26988,0,-39135,0,-10296,0,14484,0,2472,0,-1422,0,-312,0,36,0,12,0,1 # cft deg6 r=4
4,0,192,0,1656,0,576,0,-18120,0,20184,0,5232,0,-7896,0,-3483,0,-708,0,-18,0,12,0,1 # cft deg6 r=4
28900,0,-10008,0,60780,0,-49464,0,38664,0,-38688,0,18724,0,-10752,0,3501,0,-730,0,123,0,-18,0,1 # cft deg6 r=4
355216,0,1292352,0,1657728,0,1184320,0,544392,0,158592,0,25048,0,96,0,-663,0,76,0,30,0,12,0,1 # cft deg6 r=0
1296,0,-6480,0,16524,0,-28800,0,36225,0,-33480,0,22988,0,-11280,0,3762,0,-680,0,72,0,0,0,1 # cft deg6 r=0
64,0,192,0,166368,0,-212112,0,382020,0,-148656,0,26208,0,192,0,3132,0,-120,0,48,0,-12,0,1 # cft deg6 r=0
16384,0,49152,0,12288,0,49152,0,24576,0,9216,0,15616,0,13056,0,5712,0,1520,0,252,0,24,0,1 # cft deg6 r=0
49729,0,126084,0,45282,0,-97092,0,-30885,0,61224,0,47340,0,10824,0,363,0,228,0,138,0,12,0,1 # cft deg6 r=0
49,0,96,0,24666,0,-122504,0,407643,0,461424,0,144700,0,7920,0,-3333,0,-80,0,162,0,24,0,1 # cft deg6 r=0
409600,0,1622016,0,2666496,0,2457600,0,1517568,0,740352,0,305920,0,99072,0,22608,0,3440,0,348,0,24,0,1 # cft deg6 r=0
33856,0,-20544,0,276336,0,49152,0,38052,0,18672,0,3216,0,2016,0,492,0,24,0,36,0,0,0,1 # cft deg6 r=0
93636,0,202824,0,7008444,0,-3314952,0,1274256,0,-276192,0,35212,0,-1968,0,-459,0,30,0,15,0,-6,0,1 # cft deg6 r=0
30636,113400,290016,293472,584352,359736,593252,200568,325176,136280,162168,49824,69688,30648,23748,15416,8751,4086,1860,600,216,78,21,6,1 # cft deg6 r=0
2612,-5976,21816,-23216,75960,20232,82068,648,45360,-3128,16896,-624,5824,-792,1236,872,-207,210,-70,36,-42,18,9,-6,1 # cft deg6 r=0
94212,-143640,-37944,-122928,359712,24984,-47788,-288696,-16848,238856,102096,-164976,-74600,80280,32580,-29752,-8643,8130,1182,-1500,0,150,-15,-6,1 # cft deg6 r=0
5184,0,25920,0,92016,0,172800,0,163044,0,105264,0,61168,0,22992,0,7572,0,1512,0,228,0,24,0,1 # cft deg6 r=0
4900,0,57744,0,-196968,0,331024,0,-336432,0,233400,0,-115808,0,41544,0,-10587,0,1792,0,-162,0,0,0,1 # cft deg6 r=0
100,0,1344,0,7704,0,26688,0,66288,0,80184,0,41776,0,5928,0,1989,0,-1164,0,150,0,-12,0,1 # cft deg6 r=0
4,0,2640,0,2808,0,3872,0,-8016,0,-3864,0,4720,0,4896,0,-243,0,-280,0,6,0,0,0,1 # cft deg6 r=0
-223,491988,-3803370,9780880,-10633665,3567624,3185846,-5097732,3485679,-537376,-1189116,1253160,-635058,80376,105228,-83344,39927,-15636,6766,-2856,783,-176,54,-12,1 # cft deg6 r=8
-1384,12672,-43440,52240,66168,-277368,253812,180528,-553227,321032,240096,-432288,154272,103656,-79872,-17744,22218,2808,-4224,-336,528,16,-36,0,1 # cft deg6 r=4
-892,-8016,-51120,385136,-806472,-396528,5248880,-12277152,16506384,-15636016,11959032,-7935168,4515616,-2160048,868776,-286296,82749,-30468,13152,-3756,534,-92,48,-12,1 # cft deg6 r=4
-1299575,-2262732,429894,4031312,-1994361,53832,1038990,-2748036,3433431,-3385104,2759436,-1723416,869014,-341016,84132,-7440,-2505,-36,1574,-936,303,-128,54,-12,1 # cft deg6 r=4
16384,0,-49152,0,175104,0,-109056,0,-97728,0,-68352,0,-33152,0,-11328,0,-2928,0,-608,0,-48,0,0,0,1 # cft deg6 r=4
4390225,-392604,-3692178,6101104,-1482561,-4221864,5295822,-1609476,-1785849,2102240,-819780,-108696,223734,-83400,33828,-25744,12927,-6756,4206,-1608,375,-128,54,-12,1 # cft deg6 r=4
12544,0,-57600,0,-45120,0,75456,0,-19056,0,-21312,0,-7680,0,-3840,0,216,0,384,0,-12,0,-12,0,1 # cft deg6 r=4
21025,0,54258,0,-182769,0,239434,0,-200349,0,-20868,0,60362,0,-20388,0,3843,0,-718,0,111,0,-6,0,1 # cft deg6 r=4
1225,0,-241098,0,585687,0,-447818,0,267195,0,-88380,0,18826,0,-4668,0,3699,0,-506,0,39,0,6,0,1 # cft deg6 r=4
8,0,-96,-336,696,3432,10652,7536,5589,-67352,72384,-38016,23488,-5880,-7200,1840,3066,-1128,-208,48,48,16,-12,0,1 # cft deg6 r=0
10928,24864,53424,45888,-1008,-5568,34672,-45600,-60792,17616,67656,1248,-31472,-8112,10584,3584,-2085,-702,199,84,-33,24,3,-6,1 # cft deg6 r=0
1281856,10698240,37431456,75487840,103645824,102008592,77079828,51005748,33735417,21442728,12042072,5940984,2813764,1323192,598104,245280,91770,32232,11528,4152,1404,392,84,12,1 # cft deg6 r=0
1819346,11297856,42268560,83672904,108916014,112505280,99422476,76380828,52238127,32260248,17783970,8581080,3545473,1192464,276822,7052,-34032,-21516,-8042,-1716,45,180,66,12,1 # cft deg6 r=0
51529,0,-98610,0,224175,0,-327378,0,356499,0,-219468,0,70890,0,-6012,0,-1173,0,30,0,111,0,-18,0,1 # cft deg6 r=0
210928,619488,1945536,4965920,9491052,12842352,18351288,20151924,18171129,15186232,11029176,6567480,3142332,1175304,298992,2272,-49206,-29736,-9432,-1224,360,248,72,12,1 # cft deg6 r=0
1225,0,241098,0,585687,0,447818,0,267195,0,88380,0,18826,0,4668,0,3699,0,506,0,39,0,-6,0,1 # cft deg6 r=0
17161,0,34158,0,85959,0,145630,0,153699,0,81084,0,32258,0,13308,0,4299,0,758,0,63,0,6,0,1 # cft deg6 r=0
1600,0,-7296,0,2880,0,9920,0,4464,0,20928,0,7888,0,-1896,0,345,0,314,0,-57,0,6,0,1 # cft deg6 r=0
451161,-3705750,9871353,-13365012,22861521,-10961904,16305295,2625426,2502567,3496684,-566682,-365256,-314998,-152160,89010,39628,-13257,-702,2837,-1956,153,160,-21,-6,1 # cft deg6 r=0
861184,0,-2187264,0,4646400,0,-3738624,0,1961280,0,-491520,0,33280,0,8256,0,-384,0,-768,0,216,0,-24,0,1 # cft deg6 r=0
400625,-534780,655836,-293876,888738,-744036,124388,432372,-294021,-144472,93912,21240,41196,-90792,55032,-568,-17637,10692,-2180,-948,906,-356,84,-12,1 # cft deg6 r=0
79481,259572,4409910,-18756368,35950143,-46841448,48581390,-41376900,30596463,-20056336,11991972,-6605016,3404046,-1641336,745212,-313744,123711,-45348,15598,-4872,1455,-368,78,-12,1 # cft deg6 r=0
1813,0,34965,0,110967,0,134687,0,82170,0,30213,0,9947,0,3513,0,1002,0,203,0,39,0,9,0,1 # cft deg6 r=0
1813,0,2331,0,6537,0,15673,0,20238,0,30051,0,30245,0,14943,0,1074,0,-1195,0,-339,0,-21,0,1 # cft deg6 r=4
1543,-6414,16311,-15424,858,10938,33360,-109284,113556,-15894,-73995,85968,-52500,22110,-5334,-2392,4002,-2394,765,-84,-48,38,-12,0,1 # cft deg6 r=4
4528,10200,15495,32798,32460,15558,-48446,-198324,-231345,-78036,161517,343602,398152,310926,183036,91996,40317,13032,3609,1182,306,42,30,0,1 # cft deg6 r=0
1086446,-906378,3078258,140316,2903700,2691666,2978602,3178404,3112443,2661375,2180853,1643784,1121425,691188,388410,194966,86046,32001,10111,2688,669,150,36,6,1 # cft deg6 r=0
-25072,-186624,-607512,-1189986,-1799385,-2240178,-1870404,-311244,1525605,2048996,988872,-289254,-684017,-371886,-16116,95848,58875,11352,-4852,-3894,-1035,-38,48,12,1 # cft deg6 r=4
6493,30069,18651,-286626,665331,-947322,1110790,-1066644,1086642,-1012173,874989,-613530,363087,-182070,77526,-25392,6282,-1251,535,-198,3,36,-12,0,1 # cft deg6 r=0
1,-27,335,580,-2443,-5363,24708,-37157,44700,-22763,-3025,20451,-20584,12143,-1535,-3488,4011,-2476,1000,-184,-34,43,-13,0,1 # cft deg6 r=0
7637917,-7063679,-3017557,-748869,16690359,-6149793,-17141420,11040783,8352260,-7506807,-2339149,3010812,418235,-810450,-53185,156481,7617,-21979,-1550,2174,261,-133,-24,4,1 # cft deg6 r=0
28561,-84669,-2549,133077,184511,-16245,-142138,-41652,64692,23744,-47732,-30465,9670,10308,-199,-393,565,-637,-420,167,139,-16,-19,0,1 # cft deg6 r=4
587,7107,17758,-11588,-83097,-6879,159809,13914,-137885,-8339,59151,5608,-12945,-3816,555,1835,424,-639,99,263,-43,-71,-4,6,1 # cft deg6 r=8
-329671,1704053,7462376,11533181,4733170,-9265700,-16052432,-8058092,4624653,6981569,501067,-3064662,-1258118,595560,481968,-29469,-100034,-15007,10343,3246,-394,-262,-11,8,1 # cft deg6 r=4
242638921,382265436,779359300,537407582,377829650,-14302728,-97390375,-27960788,6420493,11530288,6242805,252808,-702146,-233300,10701,35430,17158,3144,-1323,-688,27,64,21,6,1 # cft deg6 r=0
1675,-14965,65034,-172661,314031,-409400,402490,-313270,199247,-104417,43703,-12710,4769,-5214,5030,-1866,-399,526,20,-134,13,26,-8,-2,1 # cft deg6 r=0
-112337,308275,-212308,144921,604075,-1362369,-615548,1797062,452047,-1173277,-276318,485142,106408,-150344,-24929,39190,3878,-7372,-121,1043,-96,-165,-16,6,1 # cft deg6 r=4
-5113,17374,-6048,-48337,164743,-372911,773151,-1355236,1794898,-1709805,1084287,-365652,-4054,40569,2559,-12084,4907,-182,-788,280,54,-27,-7,0,1 # cft deg6 r=4
61305899,-231442450,490407400,-592487762,403587647,-31069846,-184683410,151777222,-16495848,-45687936,30131589,-697726,-7631553,2214110,543048,-409166,92092,24636,-20421,506,1692,-82,-65,2,1 # cft deg6 r=4
-1,-74,-1411,-12768,-70905,-271500,-730705,-1349406,-1688696,-1483097,-956013,-380550,-21437,81970,70220,30746,6166,-141,-1124,-962,-362,-16,32,10,1 # cft deg6 r=8
-3029,4653,-18916,30269,-15022,-38059,135345,-272419,410401,-486022,480666,-414902,341142,-292216,245451,-171324,87020,-29529,5085,744,-726,175,-5,-6,1 # cft deg6 r=4
350092607,693482438,976728031,622178444,405749857,160799974,196496540,119432050,65847350,19234140,3484176,179142,604738,850690,637705,352090,159838,59086,19630,5428,1366,294,56,8,1 # cft deg6 r=0
7,21,18,125,364,258,2472,209,6979,711,11604,2675,11411,3828,6646,2408,2028,850,224,77,67,-45,21,-8,1 # cft deg6 r=0
1,0,33,0,111,0,252,0,321,0,234,0,39,0,12,0,67,0,9,0,-4,0,3,0,1 # cft deg6 r=0
9087209,23386360,48299221,56465706,28621430,-13473088,-22033746,-5512146,7870574,4443584,-29943,-1111934,-75501,74092,51997,8694,5274,-920,618,-586,12,30,-11,2,1 # cft deg6 r=0
52572001,-269547422,539941369,-487167074,51726955,297184396,-224367954,-75692962,229088225,-149683314,25038029,24282926,-17562090,3500486,1136916,-770998,137468,14720,-15062,4222,-231,-166,46,-8,1 # cft deg6 r=4
-53,-1511,-8530,-692,32085,-853,-54526,17039,50405,-25073,-31710,20720,14652,-11625,-5129,4774,1428,-1453,-324,322,60,-50,-10,4,1 # cft deg6 r=8
254831,-942038,-20969421,-80212206,-95118866,38085882,3817961,-67721280,-24613822,14891310,3162058,-4784010,-2323797,-423050,527668,505786,78425,-43956,-8857,-1654,-761,110,23,2,1 # cft deg6 r=8
509345561,997966952,1726556696,1124379280,988070427,308865720,201410231,56078382,-46420401,7183846,16436313,3921668,2333688,626122,-141241,440,8281,350,4606,1458,280,130,21,2,1 # cft deg6 r=0
1225,1680,-8737,-22430,10308,-42953,-72344,13450,144754,95051,-51504,-88994,-26568,23776,18096,2240,-3616,-2408,174,455,93,-45,-17,2,1 # cft deg6 r=4
1,157,9079,-24963,-15277,11644,68950,92591,20583,10764,40378,23429,8358,4341,-2289,-2848,-113,390,91,101,48,-23,-12,2,1 # cft deg6 r=0
521,-1728,-134,3589,-3804,2677,2613,-6340,2230,-2950,2773,5181,-5489,-2716,3565,1756,-1045,-672,99,194,47,-28,-11,2,1 # cft deg6 r=4
3797,0,-26579,0,27485,0,128672,0,-393516,0,473769,0,-304497,0,109823,0,-20576,0,1147,0,214,0,-33,0,1 # cft deg6 r=20
223541,-722649,1061701,-713528,-60776,276740,-393513,-194852,-81726,60422,88100,101643,-36842,-50994,11999,3734,-3445,2798,454,-892,15,121,-13,-6,1 # cft deg6 r=4
825932411,-153158352,459084508,-186978420,203634687,-84543278,100444438,-56487292,40487854,-12785350,6545229,-3138174,2710551,-1474358,644568,-163770,29536,2180,-233,-102,413,-118,42,-4,1 # cft deg6 r=0
44791,204942,1540052,3753638,9706860,8325644,7739590,16230336,20110252,11488916,4517025,1922986,184298,-169446,-33226,-41572,-12222,2958,242,682,367,54,39,2,1 # cft deg6 r=0
6932851,-50915198,116390471,-34170170,-199848697,182627318,22521385,-90661816,23790628,30177416,-14410595,-8860102,5243212,1366142,-948548,-76076,70371,-9826,2931,1076,-507,44,-10,-4,1 # cft deg6 r=8
-2637251,66425892,133668472,148272580,15381996,22908164,-437031,-782088,-1674934,824262,-557943,131100,239845,-268180,204306,-116068,56673,-24432,9028,-3168,950,-264,59,-10,1 # cft deg6 r=4
270773557,-884846460,1317374520,-1037735952,263376230,347819762,-431599990,178316712,42621841,-85718364,37422176,-134846,-6253502,2098402,188130,-281304,52950,10096,-4038,346,287,40,31,2,1 # cft deg6 r=0
25711537,-68465972,37640029,144945024,-510514182,774231582,-673937675,397576006,-177990108,50134952,5495012,-18577868,13610343,-6191608,1551471,85252,-246103,101314,-19301,228,1090,-370,83,-10,1 # cft deg6 r=4
625,-2000,1675,-7625,9187,-10285,16455,-13643,9524,-5160,-787,6924,-11121,9295,-5220,4054,-2426,-651,1699,-722,-32,94,-14,-4,1 # cft deg6 r=4
1,8,-3,-74,36,163,-158,377,-449,791,-1388,-493,-267,-603,1434,-2062,1413,-915,458,29,-35,93,-14,-6,1 # cft deg6 r=8
-127,-575,648,-3410,-4369,-12962,-19981,-19892,11414,63394,93790,79746,41299,9492,-8916,-13797,-6779,739,1984,486,-181,-100,-3,6,1 # cft deg6 r=4
5123,22602,104102,250880,408132,518308,538500,340056,357487,19134,258727,-77892,171983,-95552,68081,-57124,36700,-13554,8915,-4306,342,266,-48,-4,1 # cft deg6 r=0
1,-16,52,94,-502,-791,803,3312,4963,5156,4514,2720,574,-435,158,934,1110,737,311,45,-46,-38,-8,2,1 # cft deg6 r=4
230261,-616911,906968,-550470,-388263,502886,-357946,194683,361272,-309222,-252403,222206,109093,-93729,-36070,27167,9052,-5553,-1664,750,230,-60,-21,2,1 # cft deg6 r=4
-19,513,-2219,611,10997,15143,17634,12283,1005,-3878,-1965,1260,2110,1194,488,-52,-294,38,160,49,-12,-6,0,2,1 # cft deg6 r=4
181,2155,18253,40648,49412,51854,53712,63233,59085,30453,-8237,-26117,-12646,5027,13155,6613,-2276,-3669,-394,816,181,-89,-22,4,1 # cft deg6 r=4
313450661,-495294144,603081509,-102050424,-69236603,312546212,235951555,-278035854,50517371,92596426,-11524142,-12421996,13225867,-726790,-2734095,-281682,438361,31732,-20948,-5390,1280,54,22,-12,1 # cft deg6 r=0
1,0,20,0,78,0,-156,0,-291,0,-143,0,220,0,283,0,128,0,-1,0,-11,0,2,0,1 # cft deg6 r=4
446759896801,0,408316682984,0,-21723272140,0,2709792274,0,148724348,0,-13879228,0,-2005693,0,16492,0,43076,0,-2302,0,404,0,-48,0,1 # cft deg6 r=4
1531,-24694,-48587,-5944,48232,79523,23452,-108915,-63686,90112,54249,-54322,-31779,24150,13901,-8494,-4353,2595,946,-609,-116,91,5,-8,1 # cft deg6 r=4
349,-3689,16671,-40857,52640,-10807,-81639,138899,-80725,-43759,107622,-72149,6221,27695,-25386,9911,841,-3211,1652,-160,-227,95,-1,-6,1 # cft deg6 r=4
-16237,-18203,87998,254155,314546,252375,99151,-202111,-520912,-511453,-129576,222995,249753,79731,-38712,-45255,-13640,2878,3526,956,-78,-117,-24,2,1 # cft deg6 r=8
1187,-8,-453,10994,6582,-47331,-12009,-38273,-2841,76732,111072,31597,22220,35847,10809,-5937,-5615,-1211,1595,1117,48,-127,-23,4,1 # cft deg6 r=0
5841889,0,622295322,0,9005713345,0,5643443544,0,1997561116,0,434580060,0,69500906,0,8539322,0,778404,0,52804,0,2520,0,76,0,1 # cft deg6 r=0
1565647,-10791515,28980968,-35583565,14869618,8249518,-10870830,4349230,-946941,239344,362683,-1084446,563124,354506,-319596,-48996,79500,2553,-11450,42,998,-4,-48,0,1 # cft deg6 r=4
3547391,-24201702,51715827,-54120822,94648700,-156349764,37988546,119809738,-58854801,-25127848,25631273,-2906092,-6141486,2582808,789885,-463060,-36156,20330,1246,2510,-245,-144,10,-4,1 # cft deg6 r=8
68330482801,0,41442675778,0,-55142609219,0,7142316728,0,-293376648,0,-451722668,0,53567474,0,-2096254,0,81400,0,-29256,0,2408,0,-84,0,1 # cft deg6 r=4
638461,-671912,2923642,-2612267,5390409,-4045937,5130591,-3371772,2956128,-1644435,1110234,-445576,280108,-90260,70570,-29536,21365,-9313,4974,-1902,726,-202,50,-8,1 # cft deg6 r=0
23768483,-100373800,-105134847,631405290,1066889838,-445610608,483968557,-453092282,168671376,-134663092,46035229,-12861246,4753856,550956,216229,32036,67032,-13126,5353,40,-230,40,8,0,1 # cft deg6 r=0
-218099,4373824,-22562402,47443884,-37827623,-35603804,117467699,-102129324,10591858,46311430,-25131220,2523420,6779242,-3710594,81573,462138,-253040,14156,19779,-5692,797,274,-64,-4,1 # cft deg6 r=8
7039662011,-18732485502,11394805349,13871559962,-27183237142,20755590674,-9118457969,1231370862,1958670713,-1814005732,636997637,22510892,-106537917,38968102,-3748038,-1826300,880762,-175488,2612,8554,-2294,192,38,-12,1 # cft deg6 r=12
-1210882873,6396889804,-10610623080,9072352170,-5414481685,2559530564,-624879821,-281757066,402171148,-276331862,148708573,-62448076,19916349,-5003846,956714,-72848,-39643,22066,-6286,910,206,-196,66,-12,1 # cft deg6 r=4
8291377249,0,-3439306564,0,-429191542,0,-363868644,0,-1706842471,0,-461666332,0,-66416910,0,-6636824,0,-687870,0,-42416,0,-1148,0,12,0,1 # cft deg6 r=4
1,-1,-1,-22,-67,-168,-221,595,5311,17794,37861,57538,66235,59973,43688,25600,11665,3744,543,-215,-172,-43,6,6,1 # cft deg6 r=0
344322709,-332682356,290271527,-290050124,428175528,-313635240,167287866,-91348132,81691716,-39975638,1637129,10794316,-4690999,95584,594139,-141446,-2278,6488,1550,1494,-138,-78,-7,-2,1 # cft deg6 r=0
118193,182819,114160,-228016,-786546,-847089,52417,1611623,2989408,3448004,2801864,1603398,644893,160826,-45174,-108763,-71609,-14180,7409,4378,331,-249,-45,4,1 # cft deg6 r=4
49373539,-24494140,-55091320,21501446,64727746,-1140552,-28867605,8177780,12359840,-591808,-1640939,724380,635501,19970,-100525,32214,68253,15332,-2702,-1796,-534,-42,20,4,1 # cft deg6 r=4
125,675,4255,9204,19267,35432,44510,55311,39611,11118,-8024,-26719,-13254,1485,5234,5956,-26,-3022,-472,700,142,-83,-19,4,1 # cft deg6 r=8
-1398437,-2798340,320912,9179824,15556923,11433634,-305919,-8465830,-7734477,-2604736,800994,1165848,482913,109278,44428,30246,8678,-2178,-1704,204,238,-42,-29,2,1 # cft deg6 r=8
-37,185,354,1333,1291,-350,477,752,6842,13437,-5976,-23316,-1,18417,2470,-7141,-212,1603,-530,-217,197,27,-19,0,1 # cft deg6 r=4
-12481,-92609,-53513,298622,196199,-453973,-193749,519346,73792,-525495,-99231,335586,125075,-109958,-66584,13020,15835,1416,-1195,-346,-121,-32,14,8,1 # cft deg6 r=4
961,-3999,2902,8299,-2740,-17672,5794,27906,-7391,-10858,11749,480,-2911,1616,1081,-720,125,34,52,-31,5,11,-5,-2,1 # cft deg6 r=0
974947,-2914574,27284558,-7156332,-29591085,26989930,-1460515,-12850252,11812969,-3917628,-794372,-15434,1545742,-1122254,165088,142152,-60602,-5226,7671,-770,-488,102,23,-10,1 # cft deg6 r=0
2894135159,-10690779466,13788381369,-6561659632,4370134365,-1812502244,1505388368,-882742702,340941903,-52430550,-17650549,15218138,-1480348,-1501744,923476,-259316,6362,18030,-6633,1088,230,-198,64,-12,1 # cft deg6 r=0
43631125,26564350,115281560,94165986,-28874964,15070456,67626269,14280838,-9409337,7678062,6989051,-61618,281575,1022850,429555,123044,42987,3110,-3071,-1514,-486,-44,12,4,1 # cft deg6 r=4
-21253693,38029914,33367570,-84287338,43101172,-28074668,56069483,-48585178,17816494,-7842660,8721713,-2280978,-1654607,687362,-126144,53452,23708,-11422,657,-628,-256,76,7,2,1 # cft deg6 r=4
1888433,-26075258,-52334731,427668988,857239892,571046948,97707380,-130581208,-107580617,-27530734,-1061280,-581276,-2378430,-1215246,-85733,165736,80568,17680,-1363,-1346,-515,-26,10,4,1 # cft deg6 r=8
-883,-42715,35162,-21806,288363,-402409,256469,-419839,909448,-1063883,659932,-122096,-137535,129400,-48438,4288,4092,-1856,290,62,-46,9,5,-4,1 # cft deg6 r=4
3899,7578,3598,430,3606,6467,8698,11340,10198,5148,451,-899,365,867,-199,-556,205,512,107,-169,-102,4,22,8,1 # cft deg6 r=0
2272524241,0,21749095888,0,5370345854,0,489929868,0,353772847,0,50888030,0,11044468,0,1465654,0,141355,0,13510,0,803,0,42,0,1 # cft deg6 r=0
62142863,-137623064,99446991,67421032,-120115443,18181736,73508344,-28110880,-26063116,23021842,5452260,-7817574,631535,1421988,-533974,-166968,99360,25618,349,-1422,-736,-56,14,4,1 # cft deg6 r=4
-77117,67749,-599386,200313,-92936,849480,507091,559618,806048,37831,-475371,-790915,-457786,9364,107395,34213,-20119,-16856,-325,2380,359,-139,-29,4,1 # cft deg6 r=4
66863,-573394,1024095,-1639280,1002870,-212700,-913985,884576,-353565,-169400,372689,-235692,11897,92354,-28926,3324,11171,-3058,220,254,-218,26,-1,-2,1 # cft deg6 r=4
-13,-145,-641,-1196,-891,-221,683,1578,1827,628,-3134,-2377,3519,2819,-1846,-1883,53,561,234,-42,-67,-19,-1,2,1 # cft deg6 r=4
-127157,1695674,-3939281,-1864558,11049828,-5842876,-5163164,6171596,-3840079,3661600,-2747399,1305292,-507198,176542,-55759,15138,-2305,402,-273,202,23,-36,2,-4,1 # cft deg6 r=8
1,-6,26,-24,1288,703,2516,508,2388,-1178,2928,-2799,3043,-2580,2267,-1202,697,-304,81,-25,11,2,3,-4,1 # cft deg6 r=0
287669,-842302,1034448,-542248,-575139,1466935,-1049732,-793641,1416940,-5715,-885082,235506,368476,-145358,-109811,47703,23363,-9932,-3524,1354,381,-111,-28,4,1 # cft deg6 r=8
113046473,243656830,218261440,-65906678,-395475649,-508227520,-328170255,8926498,174614563,95556706,-18833372,-35911926,-5339004,5606040,1654967,-217838,-131744,-31502,-2491,1932,271,62,23,2,1 # cft deg6 r=4
92329,-113141,1075836,-240233,2654478,1852537,436126,2343598,-1086438,819120,-44957,-174328,-25820,-21792,33808,-17806,5634,2,216,-422,17,52,0,-6,1 # cft deg6 r=4
119,-7563,-12117,-29586,-32653,-32243,-20266,-3034,13796,18056,15370,8978,1434,-1534,-1515,-539,-108,147,74,22,-17,1,-2,0,1 # cft deg6 r=4
289,0,-3422,0,10869,0,-8472,0,-11150,0,17786,0,-1918,0,-5223,0,1037,0,508,0,-70,0,-8,0,1 # cft deg6 r=12
713,-10402,51802,-96766,116344,-111323,68305,-32488,-1522,77142,-74766,-28244,56435,676,-20177,467,5667,-378,-963,1,138,4,-11,-2,1 # cft deg6 r=0
11287,32156,78813,57401,34888,-207005,391707,-693963,996599,-1081854,1095285,-919209,699923,-472013,285307,-154074,75193,-32499,12518,-4246,1252,-310,64,-10,1 # cft deg6 r=0
403277549,1443089910,2816409153,3065393430,2123426187,81922408,-1181858079,-1410223454,-914371646,-502793698,-192889857,-1293214,44447222,22561080,1930878,-2965172,-1830870,-448626,-3500,21632,5813,1144,150,12,1 # cft deg6 r=4
-181,934,46811,137054,257433,-419153,-416637,-295431,-166539,113802,196924,108107,10838,-6699,-3049,-8108,-6981,-866,1716,776,-55,-104,-14,4,1 # cft deg6 r=8
49,0,484,0,762,0,-1237,0,-457,0,1014,0,-910,0,710,0,-421,0,133,0,7,0,-10,0,1 # cft deg6 r=8
33277,-3641876,-2586403,75061592,123058905,-11009802,-47339386,26656286,7238864,-21262868,-907968,5735286,-263196,-531608,141641,-42578,-20846,11886,-208,20,170,-146,24,-4,1 # cft deg6 r=8
223104787,-645463146,959203774,-470500206,-540872367,1178634700,-824375079,70565898,276063445,-176778976,14256661,32110660,-15522076,932484,1629236,-639072,73861,14716,-7245,1356,-41,-100,40,-8,1 # cft deg6 r=4
-1282889,-2004510,-28406182,-8393532,-40297595,15045522,57615947,-40256406,35194845,-42102082,28711824,-17644956,10620762,-4226272,706598,328732,-352883,175172,-57217,11620,-764,-256,80,-12,1 # cft deg6 r=4
-6043,-45688,-61707,15942,36485,-161698,-252564,48009,151620,-197902,-287305,70589,160243,-98407,-116221,31020,39678,-3785,-6581,324,608,-35,-34,2,1 # cft deg6 r=8
40243,58302,-73726,-141457,159138,405315,65715,-327000,-81593,317487,186485,-152790,-165264,13820,67537,14329,-14031,-6130,1268,1115,33,-102,-16,4,1 # cft deg6 r=0
25,0,-330,-970,671,1236,-4207,-1385,6173,-1653,-4313,5621,-1140,750,956,-955,1047,53,-29,35,-15,42,8,-8,1 # cft deg6 r=4
23,-199,4905,-14531,9282,9387,-13803,-4538,14071,18002,-267,-13119,2434,8870,-1814,-3876,453,947,-14,-111,1,7,-2,0,1 # cft deg6 r=0
1331339,-2806596,2711156,-4632958,-1498760,8082726,1808858,-10110311,551997,7618690,-1747675,-3480352,1099310,1040124,-367285,-213169,75977,30140,-10123,-2825,858,158,-43,-4,1 # cft deg6 r=8
7741,-395659,-792553,693800,2444574,214121,-2995183,-1348765,1890185,1453146,-610512,-845535,38296,311611,47088,-77894,-19844,14148,3836,-1955,-374,196,8,-10,1 # cft deg6 r=8
-835,3865,-3928,-15280,24415,7783,-50600,23252,26895,-48491,6683,13907,-20344,6891,4422,-3818,2629,385,-455,396,-86,15,9,-2,1 # cft deg6 r=4
201601,972983,1880183,870304,-1869680,-3250305,-1509037,1304602,2059879,711921,-485243,-530223,-109958,92876,50215,-15888,-16903,1978,5640,1574,-284,-202,-17,6,1 # cft deg6 r=4
11597,-20063,-1403,-155587,-801253,-1558739,-1480113,-1190840,-1250911,-1280001,-802630,-170187,142173,223608,141564,-10328,-53044,-13643,6624,3054,-226,-254,-14,8,1 # cft deg6 r=8
-5,110,138,-568,-2347,-2763,213,3770,1608,-4072,-4803,899,3665,463,-2008,-311,1080,172,-472,-80,150,7,-20,0,1 # cft deg6 r=4
-5387,56706,-222158,741798,-3152606,10015834,-20287350,28193358,-28372139,21208795,-12022821,5240002,-1726910,369522,32399,-55981,-3771,16868,-3671,-1531,729,-27,-35,6,1 # cft deg6 r=4
-523,-2484,12283,138058,499789,752550,67156,-923740,-469673,676480,545014,-237075,-278080,59176,99710,-10141,-31848,-7029,1245,-298,-579,-116,21,10,1 # cft deg6 r=8
1091,23309,131472,65421,-71386,9914,114349,73790,2202,-42073,-37573,6251,24016,-246,-15071,-4479,4941,3364,-3,-658,-235,-3,23,8,1 # cft deg6 r=0
583861,-658085,142361,-2399601,4546842,-496249,-786801,-1622593,1359398,-318318,286948,-259031,124502,-69461,37653,-16320,7747,-3399,1301,-560,209,-66,26,-8,1 # cft deg6 r=0
423251,-3034744,12166099,-32861195,66596368,-106142488,137215612,-146040174,127867907,-90206860,48212225,-16127581,-204914,4118840,-2639881,798381,-27908,-80552,32197,-3037,-1409,413,-6,-10,1 # cft deg6 r=4
3979,-21243,56683,-53833,5540,64625,-242283,321384,-411647,373709,-274736,165302,-48214,-12338,34924,-33622,18513,-7087,1380,754,-630,128,18,-10,1 # cft deg6 r=8
-443,-4836,-17119,-13448,32854,43103,4204,-26747,-35513,-10519,11036,27797,5860,-14270,-11262,5842,5686,-1680,-1512,331,243,-37,-22,2,1 # cft deg6 r=4
38759,104793,231947,353919,467297,552859,637622,636605,519761,346818,211370,133881,84802,38033,3741,-8092,-4200,1123,2032,802,38,-68,-16,2,1 # cft deg6 r=0
625,0,-2750,-10375,43900,-46500,32535,-53395,102614,-128696,141895,-147750,139691,-113626,77905,-43545,18576,-4833,-90,700,-275,7,31,-10,1 # cft deg6 r=0
-116003,-611598,-1666553,-2923928,-3436005,-2522892,-700669,630588,637979,-148614,-599675,-234436,512073,986336,960838,639578,310035,108501,24976,2274,-709,-306,-40,2,1 # cft deg6 r=4
20113,-7600,8333,-47230,264229,-449697,532831,-452572,377105,-293925,238641,-188823,148011,-102342,61884,-32494,15906,-7433,3372,-1459,573,-191,52,-10,1 # cft deg6 r=0
-1,19,-42,89,92,76,75,-3533,-4451,-7283,14983,42186,-9537,-55861,-7155,31524,8872,-8634,-3153,1178,494,-78,-36,2,1 # cft deg6 r=12
-1,33,131,490,1415,3623,7854,16180,27320,41519,50664,44613,24272,-2275,-13013,-13002,-5371,644,1405,214,119,-16,-26,0,1 # cft deg6 r=4
625,2950,8406,21214,48938,77812,62794,8088,-3203,40504,49487,7638,-11499,-2168,8163,5090,-256,-1912,-149,210,182,-6,-24,0,1 # cft deg6 r=0
1,-1,278,26264,-81801,-21725,-12817,-4740,85771,73773,-67221,-66635,50624,57321,-16214,-28492,-542,7732,990,-1196,-214,138,12,-10,1 # cft deg6 r=8
-3114671,-1296050,-994015,-1465535,4047794,-2530425,-482428,2780592,-2507180,318287,781095,-454685,-24848,150674,-57516,-23926,20466,2098,-4074,-54,505,1,-35,0,1 # cft deg6 r=4
97,498,13193,-34647,67333,22408,3822,-17780,-40847,-11282,43911,2868,-10259,-9209,7435,-3575,3546,237,-1685,165,307,-34,-26,2,1 # cft deg6 r=0
-25319,88565,-117097,102343,-160579,150373,246838,-710585,569330,52521,-373376,195478,41353,-84385,29046,7806,-9909,2357,817,-582,81,40,-18,0,1 # cft deg6 r=4
3637,42676,103787,30048,-59041,47952,11509,45906,151706,-126942,-105422,5332,86653,19356,-33994,-17162,12467,4724,-3112,-548,436,24,-32,0,1 # cft deg6 r=4
3143,7749,1651,829,47709,-138620,283260,-476527,650381,-774239,803767,-733669,594318,-427425,272747,-153770,77139,-34187,13437,-4588,1371,-340,70,-10,1 # cft deg6 r=0
134039,421886,15136,-3468973,-8020334,-6136878,1858121,6306403,3518672,-918063,-2224948,-943064,345379,497139,107559,-89476,-52346,1593,8222,1587,-498,-207,-3,8,1 # cft deg6 r=4
176315,-1452880,5602046,-13938783,25622731,-37125894,43771709,-42742098,34934902,-24024858,13942035,-6894739,2991721,-1194303,455322,-167036,57319,-16606,3501,-506,65,-27,22,-8,1 # cft deg6 r=4
-28129,-135838,-216862,-9325,345193,321855,-77732,-376353,-177913,159081,203044,-3749,-88625,-36695,18340,20716,-400,-5461,-737,702,202,-40,-22,0,1 # cft deg6 r=4
-28349,5280,206674,-153311,-544017,926859,-339533,-814839,1876705,-2280023,2046079,-1526882,989090,-574264,307751,-154194,72756,-32009,12713,-4488,1386,-360,76,-12,1 # cft deg6 r=4
865127,1611665,-1109055,-3481850,-179367,3704573,1593036,-2625483,-1765315,1392466,1087437,-579439,-438464,185977,124842,-44143,-28553,9691,4578,-1954,-263,193,-5,-8,1 # cft deg6 r=4
-28493,-92443,-97315,-4938,119027,312765,566086,601698,245805,-275864,-638126,-721136,-589427,-374156,-185828,-69436,-15950,1265,3582,2160,868,262,60,10,1 # cft deg6 r=4
1567,17418,91143,320026,750850,1170969,1115207,331838,-588690,-754366,-201518,242546,242817,76798,-36153,-48912,-12566,7515,5502,491,-602,-176,12,10,1 # cft deg6 r=4
-12175,-3625,82811,-119879,-5351,186048,-162542,-84051,219819,-51324,-145062,93907,52380,-64659,-4597,25936,-5196,-5900,2641,510,-514,42,41,-12,1 # cft deg6 r=4
-1825,-3010,18664,-35996,80923,-155034,164547,-78569,-43524,177073,-261150,248557,-178761,99878,-39862,8841,1963,-3855,2887,-1633,777,-301,84,-14,1 # cft deg6 r=8
397,2513,5249,35,-15608,-16982,12767,31998,3259,-27780,-13560,12387,11212,-1556,-4827,-1272,1170,766,-138,-174,-28,29,13,-8,1 # cft deg6 r=8
3721,-34587,127596,-248370,282831,-325006,532687,-547814,2204,645675,-724242,287322,127073,-220153,104873,2086,-26291,10936,319,-1550,345,65,-32,0,1 # cft deg6 r=8
125,-850,2455,-3041,-20296,146710,-420344,633552,-518779,277542,-284422,348760,-135967,-133174,152153,-33857,-22636,13921,-808,-1468,416,49,-35,0,1 # cft deg6 r=8
132265,842030,2150168,3981418,5878701,6887490,6653267,5174552,2860237,1170034,581324,387500,340989,362086,220228,44404,-13670,-18072,-4718,1288,673,-38,-38,0,1 # cft deg6 r=4
625,11125,109375,-652840,1631586,-2351449,2010268,-698247,-598280,1004863,-561588,-64900,372415,-320580,130089,1356,-29911,13074,-128,-1628,395,63,-33,0,1 # cft deg6 r=0
7,140,103,-3895,5013,8143,-17752,-5532,29091,-2064,-29991,7609,21545,-6417,-11111,2400,4011,-267,-962,-125,186,29,-21,-2,1 # cft deg6 r=8
116635,-200470,380873,-178666,113604,-26528,107594,-319001,20051,-132106,-115938,-65451,-4112,-111,-535,2086,1958,1,-675,-168,183,166,62,12,1 # cft deg6 r=4
131,761,143,-216,17448,-27496,40217,-25600,9233,-18170,8632,-1364,17486,-14029,-1514,3977,-1331,780,-91,-379,127,47,-20,-2,1 # cft deg6 r=4
153271,-1427349,6237972,-16579736,29621853,-36674902,30156294,-12463372,-5239856,13603376,-12058313,6243922,-1508004,-455090,603700,-265618,46259,13476,-11749,3716,-492,-82,56,-12,1 # cft deg6 r=8
24943,-92053,274594,-396691,79402,482760,-407580,-138720,284936,-118499,-122630,79022,18887,-7115,22085,-104,-13988,-2118,3418,1015,-321,-159,0,8,1 # cft deg6 r=4
111097,46249,244242,316835,72968,199325,6058,-156913,-5012,-42535,-37332,-8270,66411,19038,-8129,-7906,-2877,-625,772,586,66,-62,-16,2,1 # cft deg6 r=0
58675,231550,711203,1549797,2357998,2567462,1868678,569148,-482346,-647052,-184921,144624,94370,-28852,-27090,16076,16033,-781,-2934,332,516,-14,-38,0,1 # cft deg6 r=0
304949,2047359,4191571,2803762,-1074575,-1413037,2738685,7009731,8307712,7539984,6215501,4542447,2643503,1058731,171901,-113598,-111781,-51780,-14631,-1934,364,272,76,12,1 # cft deg6 r=4
-1,-5,-9,97,221,-345,-1134,-231,1627,1717,506,49,-351,-1478,-2035,-1297,-118,474,427,170,2,-31,-15,0,1 # cft deg6 r=12
-1,-395,-1993,-3845,-1339,14216,33859,18451,-16851,-15594,8397,15030,1701,-7516,-2797,2297,1824,-489,-600,30,142,0,-19,0,1 # cft deg6 r=4
7,0,97,59,-407,-296,874,252,1176,-436,-309,-2037,59,106,1442,509,602,62,64,1,-8,7,0,0,1 # cft deg6 r=0
1351,-6005,15885,-25796,27989,-13856,-5758,12297,6875,-28108,17124,6236,-6046,-260,3772,-2476,-66,177,154,105,-39,-19,-2,0,1 # cft deg6 r=0
3208573,-10228084,5712001,3099520,-991708,-3582639,2845991,-266970,-605721,-236795,575744,4626,-148379,-66542,67127,7398,-9788,-2688,2268,-170,-110,7,19,-8,1 # cft deg6 r=4
38605,-105430,35022,216678,-321226,120881,8204,126198,-154744,-59350,172911,-55732,-57229,43808,3206,-12524,2256,2110,-739,-280,150,22,-19,0,1 # cft deg6 r=4
13489,-50778,97172,-131504,160910,-176802,143842,-79166,56758,-83826,83233,-26406,-23786,21314,4670,-14120,7083,-292,-1033,298,116,-118,46,-10,1 # cft deg6 r=0
37249,-79323,22673,113845,-104871,-122599,196343,23286,-131609,117,72611,-15204,-14650,-6418,12796,-1890,-2194,133,527,12,-126,0,30,-10,1 # cft deg6 r=4
62561,-201181,402540,-265320,64508,-124465,301146,-362920,282658,-191220,141662,-103985,57521,-17002,-190,826,380,310,-346,-51,102,-4,-10,0,1 # cft deg6 r=0
-50581,936950,-2661055,3748887,-2254152,-1376895,3623444,-2638418,684615,-53219,87317,-88284,96925,-61121,12174,-5000,4289,987,-1283,-125,214,2,-19,0,1 # cft deg6 r=4
1595717,816098,-7592102,1981869,23260232,5374286,-31262606,-17923333,19622235,18628592,-4487932,-9537305,-1150458,2541554,948687,-293476,-232463,-11844,22302,4612,-851,-344,-2,10,1 # cft deg6 r=4
-1,-52,805,-1739,-5369,-11774,-7181,-11173,-7694,-4724,40,-982,-2645,2341,332,-2065,370,1567,272,-271,-47,-10,-4,4,1 # cft deg6 r=8
-596651,4395888,-232334,-3130590,6855560,5160540,-1676175,-3688148,9176212,-680786,2556800,3206076,170293,1479934,143207,259946,85448,15792,17999,-146,1631,-24,68,0,1 # cft deg6 r=4
1138465,718210,-4220611,-6037918,3382909,16226198,25630263,25562816,19817591,12062604,6074530,2030798,581452,-123030,-44285,-73234,-2289,-7730,2347,-276,428,2,32,0,1 # cft deg6 r=0
797,-11526,45340,-66765,3192,81370,-39557,-21011,-60062,80475,51048,-62448,-28632,15797,34858,-16114,-12256,6659,2749,-1738,-207,209,-10,-8,1 # cft deg6 r=8
131,5996,-14638,126997,-167711,-276416,-394484,632911,1359254,-465939,-509392,-138469,96903,129123,914,-34971,-10644,8080,2881,-1640,-232,185,-5,-8,1 # cft deg6 r=8
-1422133,-1210741,2745307,555167,-2980700,4466812,7369342,-2675840,-6295948,103514,2629326,604995,-525874,-399750,78553,86982,7178,-13284,-3667,1223,585,-80,-39,2,1 # cft deg6 r=4
-7883,-22991,-12770,36555,72632,39900,-30061,-53363,-11399,30474,22119,-7894,-14245,-1511,4894,1690,-943,-484,100,71,-5,-3,9,6,1 # cft deg6 r=4
-10861,-35567,212644,-257836,-84875,194057,-194104,581064,-293175,-451066,361438,123840,-204995,35779,57399,-37869,-3012,10740,-1975,-1376,434,81,-35,-2,1 # cft deg6 r=8
-36928,-150752,-151920,72256,182100,72888,-42463,-51839,-6838,6173,-4923,1099,4709,843,178,-1817,1029,-338,108,-189,78,5,5,-6,1 # cft deg6 r=8
-9059,-19565,66674,-25395,-43934,266626,-235389,-491603,529810,397113,-496454,-161181,252518,46948,-88489,-12248,25456,958,-5115,344,597,-74,-36,4,1 # cft deg6 r=8
-3755,-280,31839,4934,-3048,19823,-146417,-116743,218233,185058,-91562,-104188,-21032,-3538,17807,20379,-839,-6156,-407,1080,146,-105,-21,4,1 # cft deg6 r=8
-49477,161490,-356425,489827,-367696,20446,346037,-514771,749617,-901628,852926,-674728,441409,-279237,156191,-73128,26420,-7166,1443,26,-186,40,16,-8,1 # cft deg6 r=4
752117,-7549323,11947017,-690232,-9259317,4215257,1425947,-605467,-121716,-404160,127225,190369,15843,-125587,11253,49370,-19135,-5970,5319,-526,-494,154,4,-8,1 # cft deg6 r=8
-11,3281,8321,-11074,-106025,-261657,-320437,-128359,247575,421506,239738,-133254,-250372,-110708,70183,80878,12719,-22025,-7543,2574,1060,-120,-56,2,1 # cft deg6 r=8
-118015,330450,1639637,-1660868,1376585,-1480612,-6038198,-550830,12414443,2713966,-13677298,764229,6331112,-1112093,-1524515,329027,225577,-47171,-21863,3552,1424,-140,-55,2,1 # cft deg6 r=8
-4833,-349128,1871211,8372141,11697617,11902799,9714674,5026541,1973806,-780487,-4945,-414967,134300,117789,46177,-12054,-13718,-746,2109,752,-106,-110,4,8,1 # cft deg6 r=4
154229,-397645,-502502,1371392,-839098,523336,-1095846,451355,1264052,-1335983,-106524,712533,-197797,-177041,102315,14428,-21133,449,2979,-284,-287,11,43,-12,1 # cft deg6 r=8
2209,-12455,30093,-43158,41699,-13835,-41262,70322,-21866,-47686,50093,-3318,-21404,11640,2340,-5235,1379,871,-488,92,156,-13,8,8,1 # cft deg6 r=0
1,-26,304,-1389,-226,14027,32783,32707,11640,-7129,-14329,-9384,-963,1388,3932,-250,217,-531,-41,-40,59,-3,7,-6,1 # cft deg6 r=0
2347039,2854590,418407,-490094,1589798,1468696,191741,-124362,490270,271362,-2350,19266,80629,10184,-4134,230,5232,-1990,-47,328,-137,-12,14,-4,1 # cft deg6 r=0
152827,420786,-100389,-2063032,-4127326,-4524216,-3581869,-2710084,-2049949,-1033072,78981,626736,571381,296630,96686,8716,-11137,-8898,-3172,-610,58,86,23,6,1 # cft deg6 r=4
-344483,800575,1036833,-2754620,-1647417,3707973,1879864,-2387980,-1353004,931799,727369,-304892,-309437,111497,89897,-39127,-14922,9712,878,-1452,116,117,-22,-4,1 # cft deg6 r=12
1,-22,29,210,246,-2119,498,1409,-2301,-394,251,-274,137,-526,-359,456,206,-314,7,187,-2,-41,1,6,1 # cft deg6 r=8
-14167663,60674506,43944733,-11113214,63131503,-7336968,77263975,-4588910,43655029,22447668,4067355,16399274,-56641,3870422,604305,371420,224740,6404,32460,-940,2276,-36,78,0,1 # cft deg6 r=4
-1022111,22378904,3875499,-31213662,46649236,-75533040,102089537,-103377018,80991732,-53164466,30060156,-14429210,5666637,-1859392,477890,-55574,-12251,12448,-4998,960,-261,4,12,0,1 # cft deg6 r=8
635,2402,-4687,-592,52785,-146356,270898,-368397,404609,-357227,238368,-112692,31547,-5037,5165,-6563,3759,-878,-383,605,-325,47,25,-10,1 # cft deg6 r=4
-3174721,-22548182,-36236801,-74618697,-82854675,-94148033,-83069785,-63743806,-46344594,-30007349,-19870431,-13928400,-7302633,-1371790,1157396,1045738,369686,36777,-22557,-11246,-2271,-120,48,12,1 # cft deg6 r=4
-16748567,-70257578,-52396358,98836300,282806833,278844412,138121401,6012180,8648533,32425968,21960087,12059328,4703148,1080184,409501,-13000,-53188,-1192,-6385,-792,191,-46,42,0,1 # cft deg6 r=4
652481,5936806,11235301,-18007068,-10423493,-10138502,36970615,20859050,-14337458,-19171720,7567346,9420920,-3958867,-687598,815554,-474380,193444,-35072,-2811,3008,-757,106,1,-6,1 # cft deg6 r=0
139183295,291670566,57078931,-419537370,-331418432,143650580,339287165,148721198,-45419947,-60255990,-3969536,15070766,6409145,568170,-646740,-194242,202615,51406,-16141,-3314,1512,242,-59,-6,1 # cft deg6 r=0
-3699,-77040,-345831,-524075,-297196,217053,1091379,1466701,339749,-856530,-659010,24571,188309,60200,-7198,-10004,-3254,453,763,56,-149,-54,4,6,1 # cft deg6 r=8
11,-78,403,-1474,4678,-11437,24881,-43682,66394,-83017,84524,-66852,43385,-20759,6711,-2616,1977,-1252,581,-122,-29,11,6,-4,1 # cft deg6 r=0
47,-10,-720,-244,4991,-2089,-16897,47352,-64832,54690,-26341,-1473,15309,-17112,12019,-6167,2250,-480,25,61,-9,-12,6,-4,1 # cft deg6 r=8
-34669,92833,25736,45596,-92077,-52146,-28715,33323,4845,-94519,-27544,99008,108569,-6675,-50022,-5977,13758,2144,-2380,-183,286,28,-25,-2,1 # cft deg6 r=4
45067,-54639,-109580,-284150,-75983,80098,262691,116672,24146,-80612,-10124,-7960,15341,-6482,746,-3182,1802,-168,251,-260,74,-2,8,-6,1 # cft deg6 r=4
3534553,13170370,16278555,4775102,-5507592,-3168442,2289423,1353960,-229463,-500018,540055,-260068,195631,-162976,73405,-10328,-1955,1020,-211,174,-33,-30,4,0,1 # cft deg6 r=0
71,-666,1351,-3023,4939,-5163,7414,-6797,3679,-3442,6937,-9359,9884,-5052,-2636,4101,1197,-3657,1447,287,-321,48,25,-10,1 # cft deg6 r=4
16790149,-36324476,73779636,-82135758,81294699,-51372980,37074578,-19811342,16768265,-9763122,7918029,-3971816,2715327,-1062656,646605,-177966,110945,-18784,13657,-1128,1118,-30,52,0,1 # cft deg6 r=0
1331,4477,14520,39402,-33165,57886,-364256,71774,414385,-186921,-9861,42019,-75141,19838,17919,-15785,580,4497,-836,-648,161,45,-15,0,1 # cft deg6 r=4
59359,444573,1291598,1777154,1080641,312470,652116,874656,4791,-667313,-375388,83247,188416,71962,-19915,-17336,-2712,96,498,100,107,1,-23,0,1 # cft deg6 r=4
14075,89525,297515,647160,987388,1045340,692690,126133,-250689,-228641,33024,225628,218752,101136,6750,-21606,-13288,-2368,1185,771,109,-48,-19,0,1 # cft deg6 r=0
1507,-3509,16822,-16255,45410,-34341,52220,-35064,35321,-17530,14944,-9549,2724,-3675,1634,587,200,-328,7,-92,79,11,-15,0,1 # cft deg6 r=0
751760873,1132460384,934020405,39827746,167777562,496218874,393848709,-65644078,-120374016,70478964,71091517,6327982,-9716391,-5701478,-1591856,-31946,74998,30398,26198,12938,3809,840,128,12,1 # cft deg6 r=0
26258993,-24434568,84820403,-69442998,69877648,-89423102,76663168,-21295122,-16209740,11283710,6108535,-9779684,4616121,-764424,-188063,147778,-28328,-16170,12393,-3288,651,-174,23,-2,1 # cft deg6 r=0
113646751,199078174,417279782,121703348,123937807,29651750,73421509,20190374,7506714,-35773856,16725845,8446002,-5031265,-914994,150093,45030,131263,6026,-22987,-1230,1747,84,-65,-2,1 # cft deg6 r=0
-260863,-2105602,-1849806,6696926,7872446,21086168,-58559436,1537306,40252419,-9341302,-8352972,4281372,-117726,-1344820,79776,238720,26677,-10776,-3462,-1642,-319,14,4,4,1 # cft deg6 r=8
265,160,-190,-3460,5144,-2144,33194,-46271,-9913,25146,4727,894,-15454,10070,701,-4525,3411,-1374,165,109,-60,10,5,-4,1 # cft deg6 r=0
277,1208,-14781,60133,-119275,89571,135193,-487701,745696,-774937,652942,-515635,400137,-280855,159372,-66000,16424,23,-1867,657,20,-106,46,-10,1 # cft deg6 r=4
45769,-183810,101036,429067,-365248,-66772,77394,-644348,312940,1056655,-448597,-755661,387653,257259,-203807,-41226,66734,774,-12199,335,1207,-16,-57,0,1 # cft deg6 r=8
3701,25036,83873,233930,445181,731660,888298,854496,628690,289182,157641,123420,162452,209208,173698,110284,55017,19906,4722,594,-92,-58,-1,2,1 # cft deg6 r=4
64675,-279760,888606,-1922869,3588612,-5301508,6983942,-7785713,7801762,-6882675,5470909,-3860791,2405028,-1264649,532263,-157274,20077,8447,-5733,1368,97,-184,66,-12,1 # cft deg6 r=0
2054425,-4901025,6810300,-188475,-1458870,1932045,355285,-80195,454478,518884,47547,122195,148468,22292,26177,18547,4234,1285,1084,448,88,23,8,4,1 # cft deg6 r=0
311,16420,69763,152467,217036,207150,161600,162858,273520,413971,457452,352834,182688,53633,1340,-5713,-1977,-334,78,341,244,27,-23,-4,1 # cft deg6 r=4
169,10140,222053,-240279,229878,87178,-453893,7878,1836,-484567,-108627,-36779,-189570,-54757,15807,-9640,24671,-1201,1835,-3548,584,233,-51,-4,1 # cft deg6 r=4
-104525,82525,349105,-100910,-953806,692052,86930,605094,-818591,-267553,472557,182845,-285258,-35489,122156,-28773,-18987,11559,-335,-1554,383,84,-39,0,1 # cft deg6 r=4
-95419,508000,-1199862,1615361,-957350,-529252,1332511,-901913,143992,170576,-192512,152253,-70066,-15633,40227,-21546,2482,3566,-2557,700,60,-122,48,-10,1 # cft deg6 r=4
-8275,58475,-28525,-141015,268489,144033,-546484,-122572,621787,24618,-432894,15026,218383,-15136,-80435,6363,20856,-1403,-3714,158,437,-7,-31,0,1 # cft deg6 r=8
-115,-1535,-5550,-4425,10171,-8662,-146718,-346576,-373394,-134115,147664,228682,126154,6679,-36790,-24494,-4870,2505,1969,429,-92,-73,-12,2,1 # cft deg6 r=4
277,-1326,-2406,-352,-9589,-59797,82626,-42195,30782,172558,106989,46947,6275,-24437,-17933,-2462,3808,3486,1134,-274,-337,-78,12,8,1 # cft deg6 r=4
-213425,1454725,-3789900,4710230,-1919537,-2248064,3204077,-543637,-1690558,1136665,344620,-631863,88588,182520,-73738,-29620,21888,2042,-3774,144,417,-40,-30,2,1 # cft deg6 r=4
-10775,-11835,71381,166863,-152565,-219465,220430,-66849,24398,442929,-300789,-407171,345726,127585,-153081,-12632,31413,812,-3769,-214,336,20,-24,0,1 # cft deg6 r=4
625,0,3750,0,3975,0,-5375,0,-1645,0,1495,0,-204,0,128,0,-94,0,-17,0,28,0,-8,0,1 # cft deg6 r=4
116219,544071,-2114802,1453309,1359690,-1557014,3020,82000,448937,-491924,260315,-85682,88222,-28572,20820,-6700,3792,-1401,628,-276,68,-32,8,-4,1 # cft deg6 r=4
51539,-130597,2185,96863,-40870,38644,85823,-22774,-83699,14141,55696,-15213,-15028,12352,-645,-2340,3088,303,-611,128,153,-20,-20,0,1 # cft deg6 r=4
257,1143,-1525,7535,26841,-39456,10685,57881,-105262,96120,-12751,-78469,109717,-74591,26041,1368,-6463,3136,-36,-780,561,-222,60,-10,1 # cft deg6 r=4
5381,49368,181528,367987,465569,349792,217076,171168,144573,83134,-24661,-26098,-2839,19710,11889,-765,-4583,-656,1394,11,-68,-1,-9,2,1 # cft deg6 r=4
97,-11,-121,-3855,1084,13760,12010,-6010,-29690,-52150,5109,25991,19260,3099,-3654,-3115,997,-169,344,373,-17,-29,1,-4,1 # cft deg6 r=4
2531,7314,-33090,-36095,210559,322244,-8911,-395116,-358149,59956,310217,123113,-116352,-92141,22478,34983,-163,-7903,-846,1143,203,-96,-21,4,1 # cft deg6 r=4
919,8027,31971,99961,225160,406788,587865,670369,604640,386459,135300,-37161,-84990,-43015,4334,19218,8679,-2677,-2993,-56,435,37,-32,-2,1 # cft deg6 r=8
-43,666,-1471,13144,-30348,41602,-22686,-4822,24738,-13658,3781,1925,4685,-4413,2491,543,-878,473,-44,-141,77,18,-15,0,1 # cft deg6 r=4
205,-1095,2842,-5054,7261,-9186,9825,-7603,3285,-456,1226,-3191,3062,-1023,-372,200,360,-375,99,37,-19,-13,15,-6,1 # cft deg6 r=0
5297,-13417,58246,-82701,200228,-211847,363033,-315188,409785,-298650,299561,-180012,140120,-66372,40288,-13682,6678,-1378,793,-186,172,-56,26,-4,1 # cft deg6 r=0
4285,-14375,46044,-105867,215938,-387483,589711,-769665,888216,-915372,847175,-710817,544941,-382121,244575,-141886,73872,-34193,13916,-4888,1456,-360,70,-10,1 # cft deg6 r=0
201475,-162980,1055903,-702828,1249326,-639381,273730,109084,-114182,116665,53343,-124225,7289,57515,-5921,-15429,3089,3339,-624,-453,125,47,-13,-2,1 # cft deg6 r=0
2143,6466,-8915,-26480,47592,21484,-114969,115189,-46727,-5990,36159,-57322,52140,-25559,7205,-4462,4902,-2895,836,-123,66,-62,30,-8,1 # cft deg6 r=4
18619,62529,128295,89291,178989,71999,148926,62178,12668,99534,-10058,-14418,23651,2222,-4993,-2804,1370,245,-45,-35,50,-11,-2,-2,1 # cft deg6 r=0
481,-1251,3913,-8822,16440,-26080,36795,-49377,62236,-73960,83732,-88161,82102,-63189,37781,-16218,4253,-267,-74,-192,220,-116,38,-8,1 # cft deg6 r=0
105625,0,285350,0,-77255,0,-1059,0,-22596,0,-9254,0,229,0,-236,0,449,0,193,0,62,0,16,0,1 # cft deg6 r=4
1096523,-847112,3532410,-2995188,6264143,-5453741,7346315,-5527437,5092968,-2951227,1995072,-852799,457495,-136131,72385,-17244,13947,-4343,3300,-998,508,-110,38,-4,1 # cft deg6 r=0
565475,-460720,-1234698,1136007,841005,-1011534,-225511,389913,97393,-169176,37939,78463,-72843,40129,-6799,-4984,10114,-7768,4700,-1982,703,-190,46,-8,1 # cft deg6 r=4
307,-3884,15994,-24741,-942,36802,-10212,-29975,-8556,44072,-6523,-21807,-1570,15554,-458,-6193,389,1981,-237,-369,40,5,-11,2,1 # cft deg6 r=8
3343,-9888,31766,-56045,107225,-145039,215856,-245158,288179,-284024,271124,-230292,183921,-133460,90318,-55598,31351,-15886,7155,-2816,950,-262,58,-10,1 # cft deg6 r=0
53,62,383,-358,-23,-2791,1295,-760,6237,-5561,7039,-2927,3277,-1370,2142,-68,736,131,268,79,69,21,12,2,1 # cft deg6 r=0
4804249,-11278713,5325417,7609869,-8526568,1236763,4606173,-2958246,-1102715,1629207,24705,-507384,93175,105922,-36942,-12440,9004,515,-1385,190,177,-33,-12,4,1 # cft deg6 r=4
167,1681,3674,-8883,-3251,27948,-48323,27931,30334,-66350,44137,1085,-25259,23632,-10506,-1890,6075,-3346,143,659,-298,28,20,-8,1 # cft deg6 r=8
-9143,-104011,-435811,-719369,860347,6323713,8114447,-1108764,-8104446,-4001733,1865640,2306921,284288,-520931,-202878,59464,46723,-2290,-6356,-396,605,55,-37,-2,1 # cft deg6 r=8
1,59,1640,3292,-7380,4082,23775,-50366,62590,-45992,26205,-10428,7432,-6533,6570,-3981,1803,-284,-42,53,14,-23,21,-8,1 # cft deg6 r=0
1,28,244,631,380,-1109,-1040,433,1366,2700,5245,5004,1051,-1628,-1492,-216,429,261,88,3,12,20,15,6,1 # cft deg6 r=0
81,-270,-1053,-2502,-5545,-8152,-9025,-8035,-11074,-14685,-16754,-16282,-9915,-1865,4645,6338,4062,2278,1395,429,-108,-95,-6,6,1 # cft deg6 r=8
9,-78,-92,30,29,314,-308,416,-1220,1156,-662,775,-730,251,-190,388,-237,-59,118,-19,-30,14,3,-4,1 # cft deg6 r=4
1319,-2618,1933,1525,-6754,12960,-4947,-28613,59066,-41309,-12094,39171,-16242,-14749,16073,-658,-5328,1601,973,-572,-31,82,-12,-4,1 # cft deg6 r=0
-1,-6,-1,75,284,709,1319,1649,1493,1105,801,402,352,338,219,294,40,145,113,62,33,-27,-12,2,1 # cft deg6 r=4
971,7253,13865,-12298,-117725,-286653,-401104,-344691,-147374,33404,84399,37734,-8746,-11920,4659,11971,7534,1553,-787,-667,-178,13,25,8,1 # cft deg6 r=4
1,20,260,-627,-2019,52,4459,6961,-676,1163,731,-8054,632,1108,-3126,-583,1306,682,399,-9,-89,-59,-6,2,1 # cft deg6 r=8
3917,41431,183009,487249,833502,911180,512372,-79498,-369692,-221676,6659,62523,25514,1787,-1928,-1915,-961,-249,92,143,55,-19,-13,0,1 # cft deg6 r=4
1983,29079,59140,254191,431018,736527,1051763,1011080,1049444,1265696,1086458,705473,513845,336594,151582,52416,13763,360,-1367,-679,-299,-70,11,8,1 # cft deg6 r=4
