# IGP24 class field sweep: deg4.
91376,-1136784,-1335504,6488608,5713120,-9472616,-7256892,6394956,3388452,-2300200,-132600,322478,-358261,114511,87251,-75913,6129,18790,-5139,-2322,767,129,-46,-2,1 # cft deg4 r=12
538612,2665016,6762416,7959430,-8761526,-22613752,10007669,22249444,-8254362,-11941052,2832572,3109762,63245,-240166,-123670,-43760,6976,5954,2081,418,-168,-98,-10,4,1 # cft deg4 r=0
78262357,1251807232,9018313654,29833535844,54147586001,58518019107,36952193009,11125361998,-162431942,-821041145,-113064913,-55864635,-41233518,-12092227,-2984929,462556,503739,-17386,-16696,11198,1891,-498,-81,6,1 # cft deg4 r=0
3948149,53352639,688171500,3465775808,8107811729,11736244118,16029135224,16298974582,9212973266,2309858375,172972633,134898587,71454382,-13206764,-10290237,396596,385504,-173004,-33067,12694,2282,-362,-64,6,1 # cft deg4 r=0
-1361005075,4581924820,12801283836,-4990165314,-29900245325,-21097190337,1612557992,6875764514,2885079288,1381516634,939927707,142707842,-180571809,-73329308,12580050,10777107,123572,-838340,-84519,33535,5174,-625,-123,4,1 # cft deg4 r=12
2235801049,7640947412,-67269658958,-23356337940,86295717925,65339388264,-93224776,-22081352878,-11965760715,-2486818652,-545232930,-339326468,39994657,175361264,88595996,12426652,-3944940,-1490840,-15852,56086,5513,-858,-135,4,1 # cft deg4 r=12
1142632235653,-10810092073,-1555279407878,-210916322792,1198722490598,136121091631,-553303121095,-50535640034,179486387399,3143952580,-37348440874,1699854340,4851419289,-382886940,-403592744,35698840,21912361,-1781727,-769623,49206,16683,-702,-200,4,1 # cft deg4 r=12
-42583079596667,-112772288012809,-33079257054807,160382439355578,165061090049507,1772170587933,-64007530107862,-20151747988084,8151786760946,4471215864899,-249026035071,-413182796364,-31476254900,18751127720,3350453517,-357639211,-135183311,-2532182,2606919,234976,-19563,-3715,-50,19,1 # cft deg4 r=12
-8543783,-1533767340,26120741893,-96336112138,166457005763,-145798926320,34978617781,52861790778,-50443960664,8831865408,9637931442,-5076417266,-234545868,720473890,-101470443,-45844024,11966334,1314262,-589235,-8930,14811,-286,-187,4,1 # cft deg4 r=12
-837169153963,-7756661172464,-19521439365391,-17871013602457,-1791506965142,6937403523926,3590746111196,-321840314482,-705957986100,-146569451310,34458032120,20429078722,2713696038,-583341941,-302485877,-41135075,5151286,2735977,319426,-30471,-12426,-985,80,19,1 # cft deg4 r=12
-32360422433,-29300720116,76916740117,86912928064,-54018801337,-83941445591,13769280910,40926732519,1113403540,-11506298162,-1484760995,1984341093,388363211,-219062872,-53874947,15969590,4531188,-775942,-240794,24784,7882,-481,-140,4,1 # cft deg4 r=12
-1320629075,42456639505,208019552187,154486821060,-135368821678,-177020847828,-55132974359,30833207600,39519001341,14638026618,-1575466342,-3806798112,-1416423917,-4551352,151847444,37340788,-3079725,-2419066,-142563,66304,8022,-858,-148,4,1 # cft deg4 r=12
239203,2380847,-5574460,-70268775,35494615,464229020,-78606520,-795204083,66037813,601800080,-37602513,-243111784,16816637,56770730,-4914209,-7867933,835960,643003,-80286,-29661,4186,691,-107,-6,1 # cft deg4 r=24
10306559761,-16875618881,10506356462,-10465063001,8842464939,1232471391,-458020783,1371316036,-517789616,148521036,9039528,-27700077,20055435,-6909629,2385357,-429325,80018,2511,-3313,1434,-363,11,7,-6,1 # cft deg4 r=0
-856153,44214877,-109583933,-641227600,1290599799,2051114717,-2180599428,-2415654864,1651027576,1418936635,-702263621,-471083377,183137949,93516555,-30221274,-11297849,3153077,819559,-202220,-33985,7486,723,-141,-6,1 # cft deg4 r=24
87727792825,-191390619870,159165535587,-114919022809,106642579766,18248781460,-14917195180,11871751945,-3803893410,449393959,366162087,-179852608,88604578,-27570330,9639322,-1929125,474678,-27206,2312,120,-223,305,-45,-6,1 # cft deg4 r=0
-12496784,110803100,1299456721,3221397106,2432896206,-1048085835,-2664568786,-1619463259,-197890114,469136714,360418448,66618810,-39977576,-29327735,-5390745,2968005,1325565,-158661,-125771,2594,5858,75,-127,-2,1 # cft deg4 r=18
91476992,-512761024,-905590380,4895015604,6279309319,-4225182921,-6328060168,1306914956,2615241336,-274391286,-657700012,50584729,123626079,-6088592,-17312732,607711,1763518,-61144,-131234,1138,5718,73,-123,-2,1 # cft deg4 r=18
-15435703,54741578,193345695,148563204,108549431,-112890028,-293906127,-180745416,-45425085,55838022,85843238,7861984,-37829075,-11478742,9384887,5378536,-157336,-645784,-96414,25216,6782,-194,-143,-2,1 # cft deg4 r=12
-1378045696,10425143168,-11109008448,-32071267072,-3313968912,-28095212160,-3137596688,13166085300,-13438990081,6800852359,566955293,-3307309001,1327571396,357414259,-271002516,-10496058,22866945,-112572,-968099,11492,21683,-180,-238,1,1 # cft deg4 r=12
2382500,29822750,64356729,-289972542,-706306672,598015779,3185644634,4200565371,3089362684,1408348750,352871422,18613964,-4812402,8353791,4762467,-144429,-783041,-212319,13707,15668,1604,-395,-73,4,1 # cft deg4 r=6
-2879160400,-5265162000,1834611772,7570571320,2307423893,-2267118994,-1395114423,-390696287,-279953805,-67457828,108981283,90132252,31760265,10895468,4896129,1116639,-51894,16530,60321,19531,820,-611,-86,4,1 # cft deg4 r=6
146990848,-956246976,5292885392,36672403952,84675134560,105575676160,77279584435,31813550188,5940643534,207267744,152969868,-9551558,-107647405,-38405584,548836,1908568,83520,44412,67641,14628,-1538,-808,-44,10,1 # cft deg4 r=0
-135576742768,262451424584,-223455857780,90187103482,48374016261,-82481664002,43875775706,-14576341393,-7603861523,15830153508,-4828877015,-3455037228,1902798870,316629689,-285213540,-9533720,22825956,-68957,-970041,9870,21661,-170,-236,1,1 # cft deg4 r=12
-29071475,-1593458530,-5098414388,-5321559486,1100105727,9172248420,13853253477,15845152566,15644399678,11678545398,5321858345,544094888,-982666982,-666992232,-174853939,4657924,17033880,4879538,434503,-75310,-23241,-1822,87,22,1 # cft deg4 r=12
302891728,2029154304,4785773420,3576206980,-2638567565,-4077479788,1653011251,3807273542,463686962,-1579877248,-845697155,100821554,294277339,167932868,59359112,15840884,4118317,1249168,318561,41046,-1606,-1080,-61,10,1 # cft deg4 r=0
-201189377,-968773067,-554510720,449304670,1241674604,4019194818,-791587757,-5827751474,129767002,3723001818,-80537350,-1350657461,99355772,278983507,-34567382,-32170268,5036151,2040838,-352733,-68252,12121,1054,-184,-6,1 # cft deg4 r=12
-38130379,625403961,-3899658380,12175196952,-19978197290,12861118563,10549402898,-26828960402,19520318716,-2550527550,-5019873296,3079049273,-231530131,-403388299,143001318,4373903,-11635333,1737050,277197,-93048,1811,1653,-128,-9,1 # cft deg4 r=18
-64949767,-1323666081,-2567652852,-5529331320,7366857520,-3264771452,19928701,2145345162,-1835275826,550574518,-31619744,-2053105,-1411682,-1441017,542140,-238698,126053,7202,-11355,-1294,577,190,-38,-6,1 # cft deg4 r=6
-624469,86206402,-509124556,-119012438,5683138941,-12227865138,6433143968,7127754592,-8418696667,-54507434,2882153540,-661021392,-358251588,138325752,5164384,-7819428,1556356,-177888,-34472,16382,-2977,266,50,-12,1 # cft deg4 r=18
-4817524375,14804309250,32363828700,-34315993090,-18885224821,9874944498,-6786572174,4519312668,-2123297799,385459966,290319766,-265853512,168259278,-71251672,26927550,-7465440,1847728,-327112,48398,-3510,209,-126,56,-12,1 # cft deg4 r=6
7014791,-4300212,-99657967,-82347724,170352715,142352814,-116829928,-98770280,54667608,16233342,-3550208,-682334,-4433315,2187202,130524,-130696,-57833,-11134,31250,-6610,-1591,598,-10,-12,1 # cft deg4 r=12
322175,16803220,-257696282,963390616,-130084706,-5349782360,8568581170,-454809480,-7273992376,3386621846,1788296844,-1388801624,-8598414,176116912,-37637144,-486732,1645708,-652608,161494,-25946,3533,-354,50,-12,1 # cft deg4 r=18
3835106747,-21958427991,24959068618,63189598905,-195275793897,176808500883,16100848836,-158192583242,124167208125,-25374860691,-19210025864,13553622292,-2017163237,-996844478,437937857,-17786361,-22640234,4130202,329736,-151193,5295,2092,-171,-9,1 # cft deg4 r=18
-17809009,-64980584,61296643,268251568,-170307683,-292920634,188796786,154049856,-134418940,-10450754,35961136,-13241086,4683013,-1959390,-751520,1189304,-363187,-57746,56368,-7994,-1969,634,-10,-12,1 # cft deg4 r=12
-52589,-18663,385815,168267,-125995,305355,-995017,-2358638,694313,3838930,255775,-2915533,-448043,1357823,153644,-400524,-7394,69130,-4321,-6526,753,312,-46,-6,1 # cft deg4 r=12
-4838255575,70822214020,-131774318364,60324007896,11866413226,-23533656448,24176212760,-20033121536,12649289198,-6515442830,2875927500,-1120829756,367897834,-104689504,25032406,-4876256,711074,-37436,-5714,3306,-127,-94,56,-12,1 # cft deg4 r=6
-157461331,-940787289,-2033669165,-7389349083,3928464881,-4675128781,2159481403,-60037344,-447397571,770945512,-543637287,214510069,-60073209,9976265,599184,-644810,225622,-93592,21813,-3960,-89,516,-72,-6,1 # cft deg4 r=6
404573425,-19868850555,-23617995478,-4202972246,45622755816,42398578792,-34886758007,-35872349574,14443673604,14229073252,-3986594846,-3137855289,731943656,414939511,-86945368,-34093274,6620721,1741944,-318869,-53326,9333,884,-150,-6,1 # cft deg4 r=12
4943,-682714,6355835,6412744,-20939581,-18180090,31303346,28212716,-38172452,-14572222,28191920,-4327610,-5306707,1512234,120936,343264,-259317,-2158,42640,-10282,-877,530,-10,-12,1 # cft deg4 r=12
47077,1096478,5415365,-4662012,-14498263,-5920038,31872132,11137180,-35377620,-2538138,18828876,-1814842,-4968499,1079394,196876,276880,-151979,-50810,43210,-4322,-2683,702,-10,-12,1 # cft deg4 r=12
5945759,-34244355,-48642695,68576335,214644015,62006141,-265289257,-194584948,151980713,167836230,-54376683,-74039079,14366335,19385337,-3112192,-3068130,484552,291116,-47025,-16148,2657,482,-80,-6,1 # cft deg4 r=12
2483,13104,-224494,-82500,4258455,-4481367,-20856411,27718569,41506169,-54686075,-42770495,47444000,25043179,-18982674,-8227004,3331366,1357420,-283527,-115511,12237,5166,-255,-115,2,1 # cft deg4 r=24
162142348163,-224661040597,-149998674409,410400541725,-21976497680,-309035652992,46281233104,134866254715,-11571835141,-35813982590,56311306,5938478183,407468680,-624186523,-77307939,41385096,7019344,-1679856,-357244,39278,10321,-466,-158,2,1 # cft deg4 r=12
-590046133,-142170704,822720719,2748763210,2072788030,-512008856,-3075699758,-2835914338,-727583957,641974928,598658019,63034948,-61598555,-10314402,-2170915,-1387522,265927,61002,-37170,46,2694,98,-79,-4,1 # cft deg4 r=12
-3923,65532,372244,-879864,-8352400,-17716468,-2125812,58851410,125200595,124242906,53015229,-12756084,-25813542,-10250882,585803,1831880,477392,-88990,-58605,-1302,2945,228,-82,-4,1 # cft deg4 r=12
-233439580089,212727582777,421828478105,-99181275664,-318662736390,-44641432328,105437808041,35657583856,-18678085546,-10285036829,1693964889,1736352530,-6061205,-188895399,-17809739,13458386,2228046,-618020,-140550,17530,5135,-281,-106,2,1 # cft deg4 r=12
363735349597,798256664522,1179343288419,1183271919336,977976087638,604798916452,322196072903,125221145830,41851978496,9832182536,2580600634,1123901040,511780577,204947710,41821185,2356440,99653,-171644,-37839,-202,-585,-100,26,-4,1 # cft deg4 r=0
131558027,301546946,-555548745,-912619784,356591400,1045284952,135911191,-414188690,-248805466,3497736,91194604,39010956,-7207565,-9511806,-2247261,671708,528651,17168,-50181,-4266,2789,228,-82,-4,1 # cft deg4 r=12
-58081,-93749,-55743,196539,1107294,2513952,4130934,4436897,2107993,-2400940,-8332416,-12416455,-9348292,200071,5397021,2535480,-499466,-568850,-53928,36730,7071,-570,-158,2,1 # cft deg4 r=12
85699,-837058,162033,12178082,-683811,-57459663,-9109581,118955532,32760645,-120272054,-38745807,64307936,21848404,-18732670,-6569811,2973150,1075519,-254052,-95702,11378,4551,-247,-108,2,1 # cft deg4 r=24
-85696,-2119104,-2641952,7629792,18521760,5762192,-23715080,3351256,57018736,33394268,-15548246,-13001998,3675987,2876518,-824151,-474700,119934,55284,-13035,-4726,1119,240,-58,-4,1 # cft deg4 r=12
9939846539,-6750686523,-5194252062,-375740095,2782096468,1116890149,-617412736,-206504758,114408097,-52834189,-45660434,26240201,9737571,-5789605,-569939,1216754,9131,-187553,-15109,14477,2306,-423,-99,2,1 # cft deg4 r=12
-7352179,783105,402017759,-1894372008,3867879135,-3951285199,1384964074,1174465994,-1433055100,333374739,287657635,-185587822,-4869257,33204565,-5982683,-3008384,1010122,138436,-81078,-2070,3662,-62,-91,2,1 # cft deg4 r=12
-1141593001,3685229682,3602027775,-6775588854,5305240098,-9048080202,624686901,6594419076,-1519008844,-1425203582,473179112,88565186,-71680841,11082704,5213182,-2184572,-40340,147752,-20099,-5744,1487,190,-55,-4,1 # cft deg4 r=12
874152286528,-1004363691776,607025444448,-172354417888,-50815257152,69856337152,-19990208856,-6284700216,10186886000,-3644250376,-222364926,340138606,41272833,-46623748,6173948,-789662,262710,95188,827,-3032,538,-286,50,-4,1 # cft deg4 r=0
-389,-40621,-1029747,1489240,2956427,-2841967,-7809447,5257438,13976208,-13607990,-7620156,13669974,-1805001,-4771464,2086842,526204,-498430,28741,48449,-9786,-1695,642,-12,-12,1 # cft deg4 r=12
