# IGP24 class field sweep: deg6.
-13,202,2975,16731,56540,134359,241660,342029,390998,369948,299669,218144,148417,91625,44081,9375,-7504,-9411,-5124,-1441,-19,155,63,12,1 # cft deg6 r=4
2696,8488,56721,264047,825143,1878907,3334846,4800375,5767009,5894858,5205237,4017737,2737129,1657527,897249,435454,189869,74217,25921,7996,2151,488,90,12,1 # cft deg6 r=0
139,-229,953,-1667,2240,-3960,2558,-1413,1230,1004,-1929,1008,2212,-563,-25,688,145,27,86,-6,-4,8,0,0,1 # cft deg6 r=0
16871,-487755,-45424,-2391676,-1799583,-889708,3295410,-5025712,2503626,907625,-1018091,266149,118330,-52474,32413,-14486,-9480,7368,324,-1283,145,108,-22,-4,1 # cft deg6 r=4
-496,544,8260,45040,157223,111343,-216246,-247477,27278,199803,51590,-56500,-41900,1823,9350,6922,301,-2791,-944,629,246,-81,-25,4,1 # cft deg6 r=8
3352,-10816,-21203,24647,47446,-15033,-27548,13005,13390,35075,84060,47776,-35782,-46477,-3677,13282,4208,-1446,-913,-52,132,27,-16,-2,1 # cft deg6 r=4
1424,13904,65924,195940,381123,473126,310932,-84983,-446847,-514752,-265318,36366,167752,116113,19809,-23763,-18366,-3391,2205,1267,42,-117,-20,4,1 # cft deg6 r=4
52988,192028,281981,-11930,-270774,25723,379199,167978,-163453,-42162,151901,58650,-40788,-2092,25919,6777,-3464,257,1666,356,-124,-9,30,10,1 # cft deg6 r=0
6151,53042,18617,-224130,-15601,499952,-108618,-810119,-3801,770067,227308,-148878,213412,264454,16402,-37805,-1879,-1482,-2671,603,573,-28,-41,0,1 # cft deg6 r=8
361,1672,5859,8328,25014,60274,75184,1202,-36389,-6760,24163,24077,-2571,-23796,-12233,9193,8832,-1245,-2615,-81,395,34,-30,-2,1 # cft deg6 r=0
77841,-4464,36820,-21821,44423,39690,26728,-42761,12568,49104,1446,-30119,6228,19173,-1709,-8007,1536,2613,-308,-632,56,82,-7,-6,1 # cft deg6 r=0
-9,-363,2224,-4144,768,4201,8805,-47007,81430,-79168,48626,-24958,20773,-19712,10806,-989,-2703,2142,-983,256,85,-127,57,-12,1 # cft deg6 r=4
-761,-2060,15072,-6099,25029,19284,18702,28751,21780,5573,7927,-1373,-11789,1548,3806,659,-658,713,-302,-424,242,27,-27,0,1 # cft deg6 r=4
997,-5045,16941,-51996,137455,-295183,513132,-728243,848657,-813444,640282,-414647,228590,-122815,78665,-56364,34393,-14490,3046,467,-525,135,-2,-6,1 # cft deg6 r=0
-50513,-70127,25656,132298,63268,-47755,8285,128795,112759,21001,-6563,14737,19272,6858,-2160,-5674,-6198,-4420,-2165,-809,-244,-41,8,6,1 # cft deg6 r=4
219679,-1118647,2699152,-4195390,5256950,-5474465,4773292,-3596668,2496953,-1600655,813720,-204205,-120980,179761,-109152,34810,1433,-8397,4276,-547,-351,151,-8,-6,1 # cft deg6 r=4
-9,105,-380,49,1901,-1564,383,-4554,646,-450,19477,-25684,25269,-18109,-3487,15628,-7316,-1915,2656,-631,-158,110,-13,-4,1 # cft deg6 r=4
25,145,357,278,-389,95,3782,7493,4676,-2977,-2405,12401,27718,26515,10331,-3910,-6441,-2480,340,590,142,-35,-21,0,1 # cft deg6 r=4
11575,-1000,-30180,-102570,-249463,-417728,-501608,-401753,-207023,-84522,-74754,-85711,-43098,12049,24391,5904,-5926,-3266,372,619,94,-50,-18,2,1 # cft deg6 r=4
-1,568,1826,2843,3731,2022,4076,2830,2797,-4360,-4332,-3291,2690,1950,1003,-1108,-304,-82,246,-2,-2,-27,3,0,1 # cft deg6 r=4
1,-19,6,682,1779,1684,-325,-2289,-2094,-2106,1379,3298,378,-1867,-1240,340,920,134,-392,-98,56,44,-11,-4,1 # cft deg6 r=8
3141,6282,28326,58422,29989,-13797,-23942,-29209,-19823,9385,16860,-14877,-23185,15193,26659,-2266,-14465,-3303,3293,1540,-155,-194,-20,6,1 # cft deg6 r=8
327,-888,-6992,10878,73199,72772,7594,-37335,-54753,84549,-26297,32961,-41460,11979,13849,-12176,5998,-2776,598,544,-419,76,22,-10,1 # cft deg6 r=4
1,-15,45,212,-720,-11,1951,-814,-985,796,-2219,762,2812,-1794,-691,864,-272,18,41,-34,14,-12,13,-6,1 # cft deg6 r=4
38685,-185607,545978,-1174059,2007336,-2836549,3416042,-3565945,3273820,-2674899,1964720,-1304887,784207,-420229,191075,-64592,9233,5512,-4466,1372,-23,-150,62,-12,1 # cft deg6 r=0
1097293,-6043222,17050333,-31960851,43183350,-42786406,29768997,-11927253,-643725,3783220,-1022805,-1807138,2112440,-939975,2419,220024,-111761,16292,6965,-3779,560,85,-41,2,1 # cft deg6 r=4
7569,24969,46225,51953,27721,-8610,-23918,-6066,19949,24488,7515,-8047,-6449,2226,3769,337,-1033,-186,322,133,-40,-34,-1,4,1 # cft deg6 r=0
625,4550,16823,13258,14731,-67033,140704,-197464,181945,-62405,-56596,136350,-156528,104405,-31861,-7623,17107,-12843,4673,175,-761,200,10,-10,1 # cft deg6 r=4
1277,-11711,46444,-105109,165434,-232471,353517,-515649,584782,-447037,179045,15016,-24691,-75543,147382,-134838,76455,-26619,3888,1125,-722,128,11,-8,1 # cft deg6 r=0
-821,6265,19249,-16168,-27136,-12549,98652,-126627,147769,-173431,156369,-115899,82780,-57339,37689,-23886,14566,-8119,4044,-1816,740,-256,68,-12,1 # cft deg6 r=4
231473,848672,1463413,1226906,534918,610051,1437677,1383411,53928,-940686,-589073,153165,298249,50361,-70842,-30111,9226,7071,-458,-1061,-9,102,3,-8,1 # cft deg6 r=0
121,-627,-141,1413,4072,-7702,-4651,9596,8812,-15177,-3477,10873,2056,-7559,-312,4753,-1653,-1113,810,50,-181,37,16,-8,1 # cft deg6 r=8
31,803,5136,-13641,10956,-14134,-20679,35088,-36747,7798,48307,-35762,11015,14931,-7091,-6783,913,2879,121,-799,15,107,-10,-6,1 # cft deg6 r=4
-6975,-63480,355801,-790042,1094425,-894321,170584,539094,-685097,325518,49943,-133204,25488,53729,-43722,7015,9117,-6824,1620,372,-334,57,16,-8,1 # cft deg6 r=4
-70209,-85569,-288197,1928832,-1229179,-2610401,2777959,1437831,-2496932,-258196,1305467,-129161,-445597,103591,104031,-36026,-17167,7994,2033,-1242,-154,136,0,-8,1 # cft deg6 r=4
-97,-1788,-3316,11700,41102,5839,-123093,-137169,77017,181170,6704,-39005,183625,268921,104717,-17463,-2328,24407,14765,1850,-915,-288,3,10,1 # cft deg6 r=8
9,-801,-2853,-13989,-29849,-54119,-36501,-70379,-18283,81301,142037,94969,-60472,-100885,83,42756,7135,-10684,-2360,1568,369,-124,-30,4,1 # cft deg6 r=4
25,-415,1253,-2939,-11555,-5399,-5421,-9894,-6101,3617,-5791,-1638,2242,-2056,-882,638,464,-71,-389,46,116,-18,-16,2,1 # cft deg6 r=4
4415,-23938,33670,74077,-307638,347319,66242,-531988,438564,66482,-328421,170920,48361,-85344,20795,13896,-7764,-845,1117,84,-104,-65,51,-12,1 # cft deg6 r=4
625,-1375,-400,2330,-3302,-2736,6254,5041,7534,8216,-3517,-5907,3209,2775,-448,-280,173,72,18,-4,22,3,-7,0,1 # cft deg6 r=0
25,-470,-1236,-2017,-2048,-2134,5339,1595,12396,1943,9682,525,2005,109,-3111,2306,-1830,1799,-1017,92,259,-186,64,-12,1 # cft deg6 r=4
313,-2230,4944,-3664,589,-4462,4266,586,-7114,-1128,-4125,13682,19356,14450,2936,-10268,-4610,4714,3067,-480,-686,-98,36,12,1 # cft deg6 r=8
3357,-6453,41667,-274035,975379,-1827280,1465883,775450,-2616326,1452635,761974,-855755,-208315,374284,20291,-115026,13508,19717,-4175,-2107,617,109,-41,-2,1 # cft deg6 r=4
31511,25635,16362,-217372,163078,384408,-401983,-305391,460724,161759,-291187,-26817,149758,-1013,-53177,4108,14398,-2020,-3283,336,478,-16,-38,0,1 # cft deg6 r=4
12769,113678,151542,-60518,-438601,-215770,288017,399562,67297,-329365,-149496,100403,106834,1774,-43302,-13878,12029,5807,-2759,-1058,439,81,-35,-2,1 # cft deg6 r=8
9,0,282,0,1561,0,2555,0,864,0,-447,0,-388,0,-249,0,107,0,105,0,-21,0,-6,0,1 # cft deg6 r=4
25,90,476,586,1699,1031,2595,839,2497,864,1768,692,631,30,119,-66,74,-7,-27,8,28,-2,-6,0,1 # cft deg6 r=0
19267,-259474,980057,-2146751,3742435,-5326508,6133013,-5868394,4868470,-3545337,2320299,-1543055,1099622,-683847,290683,-65788,4084,-2744,3671,-1376,114,38,3,-6,1 # cft deg6 r=4
-1,136,1115,2012,-1644,-6320,-2247,5620,6833,504,-6129,-4720,3267,3754,-582,-2904,872,939,-439,-186,132,15,-19,0,1 # cft deg6 r=8
-107,-7140,37804,-95833,171220,-255667,336685,-379859,352192,-249558,100107,40648,-111056,95077,-38541,-2429,11813,-5892,630,631,-302,26,21,-8,1 # cft deg6 r=4
-1,-3,22,-104,343,-846,1185,-672,215,-1771,4419,-4461,5937,-6136,3177,-756,324,-208,-178,158,-30,1,1,0,1 # cft deg6 r=4
70225,0,787845,0,815009,0,784342,0,1063452,0,813464,0,331897,0,77500,0,11015,0,1308,0,195,0,22,0,1 # cft deg6 r=0
-193,162,1728,-4259,1122,9204,-13100,637,12612,-9284,-1905,3730,2766,-5388,1377,2479,-2275,322,525,-263,-31,53,-7,-4,1 # cft deg6 r=8
-499,-4943,-36353,-146780,-211553,75091,461895,205301,-460586,-489632,102366,375408,113505,-127385,-88976,14959,28159,2550,-4872,-1022,522,111,-34,-4,1 # cft deg6 r=8
-75,1335,-10948,47724,-115678,149400,-66293,-134024,328152,-338891,149238,16538,-39410,23556,-15746,4363,-434,520,-245,243,-9,-34,-8,2,1 # cft deg6 r=4
1671,-14838,47845,-63645,5287,73927,-60097,-2707,1018,27313,-19173,4302,-1768,-980,3311,-1256,-208,-56,244,-86,38,-21,7,0,1 # cft deg6 r=4
95,-656,3773,-13967,35224,-66992,103378,-136494,157453,-162538,148023,-109102,67273,-46079,41077,-36339,24613,-11041,2583,228,-393,112,-1,-6,1 # cft deg6 r=0
10151,69484,206372,340770,324290,154455,10463,-9953,-5784,-55310,-90544,-48818,18546,39177,15586,-7507,-10143,-3199,992,1123,299,-30,-30,-2,1 # cft deg6 r=4
107,199,3128,-18130,26293,954,-26122,-11185,91027,-137535,93814,17671,-76833,44921,5244,-19583,9186,417,-2268,928,1,-143,61,-12,1 # cft deg6 r=0
5657,-24358,41471,-19540,-35629,54369,-5381,-37480,13299,28010,-20812,-10969,15900,146,-5769,107,2540,-847,-140,-3,49,16,-10,-2,1 # cft deg6 r=0
47813,-322127,842919,-960317,48042,984263,-624161,-576656,755850,93938,-459120,64569,185621,-52797,-52434,18733,10548,-3765,-1516,376,164,-1,-16,-2,1 # cft deg6 r=8
137,358,-1457,5540,1017,-2404,773,4348,925,-5698,5626,-36,-613,-1032,1271,216,-641,372,-9,-100,57,10,-12,0,1 # cft deg6 r=4
1,-23,-92,295,573,-2400,4919,-8345,11940,-14615,14336,-10446,5348,-1896,811,-767,647,-412,199,-36,-21,7,5,-4,1 # cft deg6 r=4
361,-3610,-31787,-85253,-147550,-143549,-70565,38144,77844,40642,-25646,-43645,-16308,14591,16864,3309,-4562,-2781,288,670,95,-81,-17,4,1 # cft deg6 r=4
17673,-39363,34972,-52914,21460,6395,16563,41757,51907,41716,55939,34672,11208,9870,6600,-347,39,866,125,-79,88,20,-7,2,1 # cft deg6 r=0
158153,-1214507,3785102,-6889480,8427399,-7056056,3402840,286971,-1709156,685908,804049,-1114774,488219,60703,-164388,67295,788,-11035,3936,0,-394,106,1,-6,1 # cft deg6 r=4
4679161,-10640400,11242688,-5705710,-1610788,4318448,-468984,-3169504,1620916,921760,-749068,-254960,275657,36864,-64844,-5600,13324,272,-1840,-24,228,-2,-16,0,1 # cft deg6 r=0
272091,2299248,6025741,9606399,13986689,22769416,32185109,29778900,13305169,-3265438,-8387628,-4554223,-108503,1160545,551959,-11620,-96687,-26297,5071,3632,217,-199,-33,4,1 # cft deg6 r=4
9703,280938,1626655,4314795,6650338,6212272,3752968,1615046,579522,210096,51975,-6612,-6058,18418,35718,35586,25353,14181,6762,2816,1044,320,76,12,1 # cft deg6 r=4
-251479,-1173488,-2910986,-5367289,-4809651,4658726,14689992,7765225,-8480923,-9954470,948922,4886521,807634,-1360378,-404383,241307,92007,-28455,-12426,2200,1032,-101,-49,2,1 # cft deg6 r=8
4601,27210,66339,88352,59684,35082,80453,115969,43523,-50351,-26161,43423,25848,-24249,-20465,4888,7728,176,-1557,-262,184,53,-16,-4,1 # cft deg6 r=4
15,9,34,14,85,-152,196,216,1048,852,2357,570,-605,-2079,384,-1,297,64,-93,13,13,-23,16,-6,1 # cft deg6 r=0
-2459,-3624,-1444,-79130,215084,-336584,551127,31920,-1021610,448282,593625,-428700,-86957,191498,-50026,-49904,26580,8003,-5403,-914,611,65,-38,-2,1 # cft deg6 r=8
-4159,-424,-9352,-4286,-11564,-3650,-7794,-6884,-2477,-6172,575,-5306,937,-2592,905,-1202,562,-292,223,-118,62,-6,12,-8,1 # cft deg6 r=4
-30903,-31485,88864,43709,-370819,-578460,-164739,321997,399581,284584,187177,37471,-121863,-145467,-54513,20042,29001,10368,-1018,-2220,-781,-70,30,10,1 # cft deg6 r=4
1483,-4437,3722,-8663,10134,-8937,1184,-231,4448,12391,-3665,-8515,-4258,448,5252,1479,-2172,-416,411,-45,-18,36,-7,-4,1 # cft deg6 r=4
375,135,1642,-3805,4606,-12715,15715,-3068,-4195,3132,799,-8790,17674,-18180,11818,-6294,4474,-4020,3077,-1784,792,-272,70,-12,1 # cft deg6 r=0
3389275,-16313200,33281110,-38786555,31361449,-27212282,36025537,-45622497,37212429,-12837674,-6007750,7856377,-1664748,-1597251,1030275,-30302,-162245,46830,7199,-5508,374,253,-42,-4,1 # cft deg6 r=4
9,-45,-309,2739,-6911,6213,-2057,11308,-21791,-30727,160969,-241389,134544,80401,-130066,-3952,51638,-3626,-10425,854,1071,-74,-52,2,1 # cft deg6 r=8
11789,20139,-25687,-35070,104404,104215,-195121,-206785,204763,238065,-138844,-169074,64332,77848,-18533,-25080,2499,6501,-270,-1211,87,125,-14,-6,1 # cft deg6 r=4
-1857,2328,14207,-1094,-70158,-149990,-196485,-207152,-180978,-124912,-63054,-19538,-3338,-297,8555,12202,4794,-2039,-2373,-206,409,60,-36,-2,1 # cft deg6 r=4
41841,-285390,955275,-1302096,-126475,2002387,-1136487,-1282422,1312511,460736,-808068,-84414,330724,-1483,-96174,4757,20438,-1138,-3197,122,361,-5,-27,0,1 # cft deg6 r=4
1142565,236487,-948293,-203874,610575,395172,-493561,-233077,851852,442358,-416389,-167333,183071,41591,-64022,-9922,16657,2863,-2896,-619,322,74,-23,-4,1 # cft deg6 r=0
659,461,-31276,76453,-4405,-154869,140655,77173,-178681,-1900,155852,-66639,-69356,57470,19023,-26084,-3050,7145,138,-1207,53,121,-12,-6,1 # cft deg6 r=8
826187,-151871,-1561122,-1198040,1031800,1852439,-539815,-1563628,437508,1294743,-112281,-737744,-65459,273356,57530,-67584,-19474,11372,4004,-1536,-401,126,30,-12,1 # cft deg6 r=4
29,405,-3,-8280,30873,-55689,61368,-57802,45140,-28878,16503,-3566,-5223,7927,-6084,2054,498,-847,483,-116,-65,53,-6,-4,1 # cft deg6 r=4
229525,564230,918751,1026641,985363,980482,942772,804142,591425,384776,250910,183462,124623,52496,2016,-6306,2929,5419,2083,42,-73,74,52,12,1 # cft deg6 r=0
1213033,-1106389,3222326,-1678540,1577526,74337,-508908,51749,-4037,-203318,-96821,183770,67885,-88604,-13743,10281,759,-238,1721,-262,-189,21,-7,0,1 # cft deg6 r=4
55225,493500,1565455,1671305,-358156,-1302149,835476,1547773,-441035,-718916,362175,393344,-4441,-84561,-59128,11380,15541,4254,-2278,-2112,673,134,-49,-2,1 # cft deg6 r=4
600625,-329375,333750,12125,-69275,665050,-113500,116255,-55354,361123,-147469,-222973,73924,130467,-55970,-26661,34141,1847,-8161,-11,911,1,-48,0,1 # cft deg6 r=4
9379,-748861,652345,950553,-1872331,555843,1572031,-1351400,-426514,950593,-125381,-450525,156623,153276,-64172,-35388,16396,5228,-3136,-430,403,13,-29,0,1 # cft deg6 r=8
-1075,-5300,-15950,-27735,-28288,-6272,20975,19899,-57,-7444,2892,6885,513,-3573,-1049,1253,503,-590,-311,156,122,-19,-19,0,1 # cft deg6 r=4
3249,-2736,9660,-6576,22675,6621,46586,37699,63197,51013,49529,31722,20680,8618,4018,1015,819,490,299,147,83,-1,-13,-2,1 # cft deg6 r=0
-67,-985,11929,-65909,238357,-646875,1362916,-2147735,2453240,-1951531,922382,-29944,-297824,192044,-22269,-30736,12032,2715,-1808,-584,460,-24,-28,2,1 # cft deg6 r=4
-16487,-29307,159220,380306,-28214,-519188,-293960,195994,206488,123923,-13015,-80027,-20803,7693,15799,7949,-4054,-3923,293,908,57,-110,-13,6,1 # cft deg6 r=4
-431,3742,44493,63807,-31250,-213543,-692479,822896,994926,-1008609,-487749,465420,209651,-142009,-71940,34278,17492,-6290,-2981,859,394,-69,-32,2,1 # cft deg6 r=8
-43,-2065,6124,-12409,19420,-18649,18668,-10979,5010,-4186,1913,-3347,3574,-1421,-372,207,240,-329,161,5,-41,14,5,-4,1 # cft deg6 r=4
95,-251,622,-299,171,3006,8687,-11338,-17415,3611,30149,-4909,-10536,-4587,7634,179,-516,-838,33,146,58,-35,-3,0,1 # cft deg6 r=0
313,-6159,8854,-24091,-7252,-15915,129466,211246,155929,46226,-36920,-41981,-30944,-4471,16640,6441,-2318,-1454,-545,102,233,-1,-27,0,1 # cft deg6 r=8
-1,-2,25,64,24,-412,-1007,1276,2181,-2226,832,-514,-628,1886,-832,-950,851,-126,89,-38,-83,52,1,-6,1 # cft deg6 r=8
81,270,279,573,383,-201,1103,-931,1946,-1519,2064,-1969,1396,-45,-169,-123,315,-131,29,1,1,4,1,-2,1 # cft deg6 r=0
233,3215,11839,-5372,-18820,-3060,1111,16225,14055,-15312,-8952,3304,1666,4717,-540,-4524,818,1829,-475,-394,131,44,-18,-2,1 # cft deg6 r=4
1373,-18288,80334,-110514,128375,-236978,328668,-175954,-447,-119010,324396,-246306,-3595,117566,-66984,974,15311,-6952,302,896,-359,32,20,-8,1 # cft deg6 r=0
-34763,381,238581,-333546,353571,-33378,-43592,78992,202759,-107778,-1538,133752,15145,-42347,25905,26156,-3764,-2998,3445,1605,-246,-200,-8,8,1 # cft deg6 r=4
-3501,175122,277117,-57303,-174908,-147186,-274528,216424,539673,-198252,-517676,134104,405219,27288,-182520,-71456,25090,20565,507,-2906,-877,0,52,12,1 # cft deg6 r=4
113,-686,1616,-2138,3092,-6091,7779,-3557,-1404,-591,4621,-2496,-2023,2180,121,-567,-314,440,13,-166,46,25,-11,-2,1 # cft deg6 r=8
12069,-5724,-51885,46710,156108,-387801,468421,-3442,-338162,391843,-23934,-116180,-10843,130043,-71485,-31163,40046,-1288,-8121,1091,849,-121,-45,4,1 # cft deg6 r=4
2853,-33732,-10491,-49014,-22387,-12887,8365,13919,28804,26455,-2234,-12995,7484,23466,6286,-10975,-6384,1525,1907,108,-300,-84,11,8,1 # cft deg6 r=4
1567,136,-11285,5165,21509,-14678,5343,2856,-51168,43994,37217,-61821,11525,25907,-19558,742,5876,-2833,-241,692,-215,-29,37,-10,1 # cft deg6 r=4
169,1624,7666,19079,28065,20826,6501,-10746,-123,1863,12068,-1047,-1316,-3117,1181,1480,358,-592,-229,-42,145,9,-22,0,1 # cft deg6 r=0
21181469,111373512,228754069,171805615,-122457753,-331603228,-184347405,96264575,167706501,52158593,-35363301,-30306693,-2201919,5507650,1815825,-370914,-275357,-3430,21615,1809,-1298,-203,46,14,1 # cft deg6 r=0
5557,23823,33806,100894,271370,420356,544937,575827,198105,-440360,-706710,-407616,15766,167349,89049,-831,-19608,-6687,1077,1171,139,-82,-22,2,1 # cft deg6 r=4
1,-45,357,3384,10578,17165,17555,8548,-3363,-5972,15862,8652,-4823,-9672,-9780,-713,3311,3349,2150,654,104,-19,-25,-2,1 # cft deg6 r=4
463753,4119322,18055214,50212128,98644785,144632192,162893224,142027774,94468768,45179868,12380070,-1280464,-3255420,-1586910,-242175,159406,123388,38362,2913,-2396,-995,-120,25,10,1 # cft deg6 r=0
1610361,0,-43415028,0,175005918,0,-5770440,0,123069743,0,-106782738,0,38840024,0,-8197762,0,1075195,0,-85862,0,3719,0,-42,0,1 # cft deg6 r=8
1,22,164,376,-401,-67,891,-548,966,-1985,1231,2516,-3237,-1368,2262,846,-1868,978,300,-584,411,-176,50,-10,1 # cft deg6 r=4
2809,-26235,79548,-51328,-157108,205359,148941,-256626,-116375,146272,52992,-31484,8537,6336,-14185,-5634,2186,744,80,352,96,-58,-21,2,1 # cft deg6 r=8
1,-12,-489,365,1272,-513,1859,-2270,1686,1268,-1566,743,-688,-493,1780,-1827,746,-65,86,-96,3,21,-1,-4,1 # cft deg6 r=4
101971977,-369304380,528287365,-355271450,277616747,-138812300,78315759,-30535716,15318758,-10872434,7595573,-2702586,411952,-74444,1770,7624,65228,-73404,29550,-2202,-1905,506,0,-12,1 # cft deg6 r=0
162577,132626,-1327462,-1536762,4412590,5033348,-6697192,-5765898,4215644,1589410,-1847269,494410,657310,-323728,-114226,77026,4656,-7798,2584,-38,-367,52,1,-2,1 # cft deg6 r=8
-349,-7827,-80406,-393871,-770840,-430189,379019,180503,-899212,-967883,176231,840109,443840,-90041,-180429,-50100,23650,20822,4642,-1020,-795,-126,22,10,1 # cft deg6 r=4
-52209,232356,-412894,-1815974,10043368,-14943268,10004487,4242550,-10983114,4305446,3448968,-3678304,92409,1261262,-398980,-207064,119186,14974,-16854,-90,1319,-50,-55,2,1 # cft deg6 r=4
-169,-1976,-6844,-28510,-6496,6666,140397,148965,-52881,17458,347166,334530,72255,-58547,-66130,-29621,10006,13341,-361,-2364,44,208,-13,-8,1 # cft deg6 r=4
63149,-30582,918950,1348054,2729147,79366,-2139456,-3893928,1128062,547492,43414,285620,32200,-86132,41679,-39432,7072,-1716,-509,626,-63,68,19,2,1 # cft deg6 r=4
189463,-13102160,5678940,1129954,-23744791,-12822446,-2812222,-5143842,-2888163,-861080,-1207251,-724354,40782,214158,133176,57200,13066,-4574,-5796,-2314,-314,104,58,12,1 # cft deg6 r=4
4619,-9350,35137,18776,144238,300073,474348,726633,793761,723226,603833,398711,219588,104248,5928,-40668,-23648,1300,5578,1532,-255,-182,-14,6,1 # cft deg6 r=0
-679009,1877414,-5549618,538918,9863308,-23212816,38304410,-45620588,40056433,-29445290,15840669,-6105560,1053788,830128,-1007610,635482,-302544,101368,-21996,3902,-521,-26,14,-4,1 # cft deg6 r=4
43963,-384908,251771,1597685,-3330094,1295776,3291142,-4622227,1247984,1959597,-1695246,-68272,663233,-201076,-131214,80055,13056,-16465,-442,2157,5,-182,-8,8,1 # cft deg6 r=8
9,144,609,-447,-5132,-2430,10375,-8295,-222,5122,442,-1806,766,760,132,273,-113,-25,74,25,-3,1,-3,0,1 # cft deg6 r=4
1,-21,118,-259,126,448,-726,-330,2282,-4403,5683,-4546,2041,226,1361,-2487,754,-108,350,-167,26,-44,35,-10,1 # cft deg6 r=4
174319,1468418,5107823,9136420,14603622,15835004,16764844,14339306,7792962,1752644,-1032256,-984980,-104784,336728,297331,130076,25547,-3058,-3712,-1302,-196,-30,26,0,1 # cft deg6 r=0
518533,-630213,1682745,-2356162,3307485,-3549287,3509200,-2987841,2243127,-1504204,921317,-520114,281805,-144209,70758,-29838,12049,-3941,1969,-527,188,-8,16,10,1 # cft deg6 r=0
-166679,1120866,-79405,-4376151,3583705,2576076,-1326058,-4585798,2736174,2656886,-2214699,-867869,1072779,131108,-337916,12777,68286,-8830,-8848,1511,736,-121,-38,4,1 # cft deg6 r=4
1149453,1293315,-54019,-2404394,-1731272,438915,1339365,453756,302688,129330,-306776,-430558,-38230,167407,82660,-16590,-21432,-3339,1332,857,165,-63,-24,2,1 # cft deg6 r=0
-36864,49152,16384,-403456,2603008,-3226240,6423808,-6477440,332800,-971840,3339476,-265914,-1005037,-187750,291884,4180,-9273,6854,-8797,-998,1298,80,-61,-2,1 # cft deg6 r=4
285921,218493,-920103,-504102,1244737,6577,-1126963,721714,660888,-900369,-284113,568106,104501,-224922,-36614,60748,11941,-11040,-2857,1252,415,-78,-32,2,1 # cft deg6 r=8
234891,313476,4169455,1277080,2263673,-858142,-3164190,-4628570,1063341,2548502,609597,-686748,-184923,12532,40222,5256,-4395,1330,279,-538,41,36,-9,2,1 # cft deg6 r=4
-13866221,-6697924,-7254003,-16187254,3269124,-17419392,-6625871,247144,-8780891,5214388,-2170469,1075752,495721,-659250,158001,55376,-52993,8542,5493,-1442,-87,62,-20,0,1 # cft deg6 r=4
-3,-21,5,143,232,609,531,1194,691,1443,800,645,1335,-816,1795,-1472,1223,-815,370,-171,-10,36,-6,-2,1 # cft deg6 r=4
-3177,-11718,15945,52137,-701,-32070,13886,-11970,-68612,-56636,-28323,-17680,-11852,-330,16064,18958,6766,-2517,-3016,-982,-42,86,42,10,1 # cft deg6 r=8
44207,-160935,287687,-377954,439365,-508731,549106,-455529,285877,-206323,193431,-127273,34318,3041,3369,-5688,-2007,5801,-3666,910,146,-188,66,-12,1 # cft deg6 r=4
1343173,-4726698,18184678,-33821562,58262128,-65768912,65917362,-44814820,24860372,-6759134,-88910,1399514,-129416,-489280,404518,-130022,-178,10360,-1238,42,153,-10,-18,0,1 # cft deg6 r=0
-2699,-7776,-14631,-27760,-59236,-114653,-139685,-85341,31963,94032,32822,-60207,-67263,6210,42954,9844,-14370,-5540,2524,1326,-190,-159,-3,8,1 # cft deg6 r=4
226629,-185055,-531284,430989,736175,-602498,-770596,817417,415601,-720717,-32603,399027,-119275,-115111,76162,9388,-21042,3442,2967,-1152,-150,140,-10,-6,1 # cft deg6 r=4
1,29,-205,17,-119,-1754,1457,-2065,-2029,218,751,1450,-762,1430,-2214,-168,1870,-347,-695,173,162,-36,-20,2,1 # cft deg6 r=8
787,-33311,266009,-1004537,2168683,-2726988,1576553,671793,-1998981,1464324,-154716,-536645,410276,-66499,-81775,56658,-7485,-7570,3948,-282,-349,114,-1,-6,1 # cft deg6 r=8
269411,2232556,14726816,62115615,144905183,169205622,35479953,-160162334,-208646152,-82478014,56087430,97372724,69191287,33336731,12943662,4270613,1010776,52675,-69901,-28193,-4327,91,138,20,1 # cft deg6 r=4
-91563,-236769,6777644,-37303561,117238668,-257795602,433307394,-583068565,644146741,-592004773,454963610,-291764221,154432891,-65807804,21381704,-4559035,199757,279684,-116628,21337,-298,-812,199,-22,1 # cft deg6 r=4
10719,26199,74679,142078,179290,179131,92536,-41807,-43454,85604,126464,33654,-29299,-6695,18224,9244,-2542,-2191,593,664,49,-67,-11,4,1 # cft deg6 r=0
-17397,-692202,3898388,-8945356,11699953,-9912752,5535477,-1575898,-99109,-244278,743431,-540440,225497,-71498,8889,2542,-4891,2746,-412,178,-43,-22,5,-2,1 # cft deg6 r=4
-328329,8706162,4929892,-19587808,-7117713,31932149,30065170,-3707497,-15165647,-2237301,5498592,2129165,-1117329,-720005,140277,163320,-259,-23867,-3075,2142,505,-104,-36,2,1 # cft deg6 r=4
758601,7796436,22990309,28266112,12137286,-2926802,326321,7791668,6258303,1186476,-418409,-38680,-20301,-77404,-19869,5126,3639,120,-544,162,139,-36,-19,2,1 # cft deg6 r=4
67567,-51107,245574,-116369,375072,-144965,270340,-156815,201370,-80889,104584,-33335,32729,-15989,14501,-942,1807,-548,468,-90,59,18,-2,4,1 # cft deg6 r=0
32710543,86715602,113796542,105043704,190307089,197178562,125282416,63524660,30044306,6606784,-2437203,-2861314,-555240,690228,714280,321832,69690,-5562,-10669,-3878,-588,44,50,12,1 # cft deg6 r=0
-11903,63569,-80538,-93968,313445,-251368,63400,-108152,190250,79539,-436345,392498,-61747,-130710,92640,-8533,-16451,7480,256,-1143,226,75,-26,-2,1 # cft deg6 r=4
-4479,-113568,-342971,-228951,349322,580530,133177,-227734,-93059,71648,2493,-62466,-14953,22366,7435,-6497,-2809,1482,929,-175,-213,-11,30,10,1 # cft deg6 r=8
81,1593,10818,30234,41531,3692,-51757,-29346,82844,160897,106456,-16650,-83887,-64343,-16513,9574,11043,4512,255,-692,-355,-55,16,8,1 # cft deg6 r=4
10141,38244,-249181,951996,-1500843,1109396,1059390,-4365354,6571624,-5918016,2994952,-179765,-880916,580761,-84204,-96370,71372,-20600,-789,2986,-1029,77,42,-12,1 # cft deg6 r=4
160121,1254263,4904360,12311584,21682081,27544900,24743522,13932069,1840794,-4813153,-4880804,-1998790,151313,618467,289014,10786,-44687,-17066,439,1896,374,-71,-32,0,1 # cft deg6 r=0
1719,13191,30196,18542,-7992,31438,78933,-30159,-169924,-64357,131338,93960,-49823,-51273,12857,16771,-2864,-3647,735,637,-141,-103,4,8,1 # cft deg6 r=8
42199541,65271494,103188005,75720346,25666541,-53184794,-98547714,-105554802,-79154682,-47445026,-22911986,-8471300,-1907451,244576,352550,123040,27297,12870,3178,-1538,-1047,-154,32,12,1 # cft deg6 r=4
44628813,-171832590,275557343,-324597790,639748816,-1350155112,1953490197,-1947728586,1421228054,-803876662,379501660,-163778814,68249976,-26700186,9312675,-2912730,845525,-223504,53542,-11400,2316,-414,77,-10,1 # cft deg6 r=0
-9739,7107,14071,117459,166846,-228335,-209503,310281,117433,-253241,-38726,133299,9991,-49821,-5340,13869,3195,-2903,-1260,366,257,-23,-27,0,1 # cft deg6 r=4
4761,16767,19671,-13902,-67211,-83537,-10718,99124,149307,88265,-17509,-81313,-74019,-35317,-4445,6948,7439,4724,2291,748,101,-45,-22,-2,1 # cft deg6 r=4
19891,283755,304188,-1239192,-415929,2614709,-1306152,-2183291,2881552,-105112,-1754704,913480,316718,-426008,59532,82319,-36232,-4795,6805,-1009,-499,182,0,-8,1 # cft deg6 r=8
373,-367,-362,-7876,74507,-162316,135385,-58359,-29688,88683,146183,16178,39220,88512,3815,-10903,-4376,-4353,1295,1567,-63,-175,-8,8,1 # cft deg6 r=4
299,-2275,6000,-5535,-1913,5217,-730,2765,-9987,4386,9446,-11368,2952,-365,5201,-7646,4840,-1253,-214,187,52,-92,43,-10,1 # cft deg6 r=4
1,1,-27,-55,321,569,-1468,-3276,1930,10970,14628,10283,4613,3415,4932,5566,4660,2754,1248,346,65,-23,-7,-4,1 # cft deg6 r=0
6131,2545,39921,372487,806591,-60840,-2189687,-2595417,-138938,1639161,844349,-388758,-430208,19505,148212,50871,-13257,-14113,-2590,1174,564,-8,-37,-2,1 # cft deg6 r=4
-42331,-37919,-95508,-105288,-131002,375,-57699,20638,50775,-85288,-48705,89684,55471,-46133,-23383,-2796,11259,4623,-3343,-767,412,85,-36,-2,1 # cft deg6 r=4
11029041,0,-10481076,0,-187226496,0,26171316,0,-26198348,0,-14160290,0,-9735862,0,-889420,0,-56996,0,-6360,0,733,0,-34,0,1 # cft deg6 r=4
418661,986869,-354425,-1683595,496085,1262645,-1174525,-424679,1446701,-30556,-1068796,74719,535181,-18219,-184028,-3888,41998,3251,-6126,-762,551,84,-30,-4,1 # cft deg6 r=4
-1,10,21,-108,-357,428,1851,-933,-5866,-3606,5438,9833,4857,-2770,-5601,-3404,-240,917,565,136,-32,-24,-6,0,1 # cft deg6 r=8
105579,-270336,-1759024,5763522,3234982,-23231746,12547337,15939066,-10457452,-6451812,10680511,-5290450,-1034048,2238982,-1014163,216366,59172,-68416,18025,-668,-392,158,-35,-2,1 # cft deg6 r=8
727137,-1796634,-3099627,9903270,7011659,-33378946,-49397515,-22653684,-7538881,-5466434,815561,1844436,64694,-363776,-458695,-77852,24319,24142,7845,74,-528,-142,13,10,1 # cft deg6 r=4
14103,267900,2142436,6307234,10566532,2916980,11686746,-6109148,-4308592,-993714,1833077,396870,833832,-177376,-59152,-54168,-17500,1032,452,908,301,80,27,2,1 # cft deg6 r=0
4383,19581,55012,132583,256909,413216,583720,718882,760124,686995,516804,302134,113802,-1540,-42666,-38740,-21492,-8052,-1563,380,458,198,54,10,1 # cft deg6 r=4
7194853,2885084,8742708,20776582,40033317,59325268,73025102,76756512,67278324,48169806,29371177,16218042,8674454,4609392,2430392,1191664,527922,203064,66991,18562,4274,792,118,12,1 # cft deg6 r=0
348158281,0,702430362,0,465131385,0,339316340,0,12126210,0,8807092,0,-5631540,0,77534,0,-69471,0,13946,0,-829,0,-10,0,1 # cft deg6 r=4
12766329,0,31328064,0,-145919654,0,105941824,0,-46818809,0,4648586,0,389004,0,-546762,0,-54337,0,-12170,0,-441,0,-46,0,1 # cft deg6 r=4
1,8,7,-14,241,656,-57,-2507,1242,-655,4792,-5856,2367,-93,637,-1086,742,-314,109,-43,30,-25,16,-6,1 # cft deg6 r=0
-845,8905,-30435,43655,-50077,12665,26549,-70419,78985,-65893,37435,-3913,-16136,26933,-22833,16714,-8883,4210,-1352,350,5,-28,18,-4,1 # cft deg6 r=4
6617,-34112,111824,-250550,422407,-558135,599647,-540194,422151,-298213,199384,-133670,93070,-67244,48226,-32520,20341,-11440,5749,-2474,904,-266,62,-10,1 # cft deg6 r=0
23,299,1400,3074,2577,-1095,-2584,-1162,-350,728,1773,-109,-2080,-493,1483,624,-754,-482,195,198,-7,-38,-4,4,1 # cft deg6 r=4
841,-7395,32644,-66180,96194,-123143,145271,-145918,128469,-106199,81282,-53162,30112,-16132,8126,-3164,803,-308,451,-482,332,-156,50,-10,1 # cft deg6 r=0
25,-440,3138,-11741,25724,-36739,36329,-19996,7043,14464,-7148,3904,4029,-5815,-568,841,-113,580,452,25,12,3,-11,-2,1 # cft deg6 r=0
529,-3105,6211,5794,23987,14931,16270,12045,4388,5718,6381,-1202,-2030,2312,851,-127,28,59,-73,-7,78,5,-15,0,1 # cft deg6 r=4
2809,-2650,-10278,-9442,12496,40479,41179,-7150,-77901,-110091,-68870,21201,96419,115178,86762,46975,19255,5784,763,-446,-312,-57,15,8,1 # cft deg6 r=4
-1,-14,-66,194,1038,886,5856,2714,10372,5622,9419,3802,5305,1037,781,565,-642,-147,80,-23,39,10,-11,0,1 # cft deg6 r=4
25,-240,123,2030,7991,15035,18451,11852,-790,-11091,-10807,-4025,2723,3379,1692,-427,-415,-301,48,15,47,-8,1,-4,1 # cft deg6 r=0
169,2158,13594,-34663,1587,67509,-58570,-8347,51770,-42018,14225,9157,-15429,8822,-1022,-1231,769,-302,216,-104,-13,37,-10,-2,1 # cft deg6 r=4
851,-3,-21584,-86950,-153784,-169708,-150327,-45967,46492,71424,51846,3791,-32364,-23625,6676,12551,491,-3348,-570,523,145,-46,-18,2,1 # cft deg6 r=4
97,613,-741,-2224,1038,2470,3734,-3139,-10256,6849,8047,-6444,-2382,1948,1469,-1215,-51,207,16,-25,-35,27,-1,-4,1 # cft deg6 r=8
26569,20864,-98161,-47878,200538,-78112,-102578,219684,-177715,-108858,246206,-50352,-102280,54205,11620,-10545,-4555,3268,1390,-1244,51,135,-24,-4,1 # cft deg6 r=8
169,-468,-95,3468,-10910,19862,-21552,5894,25191,-51954,52529,-26571,-3029,14056,-6509,-3735,6140,-2941,61,603,-259,2,32,-10,1 # cft deg6 r=4
11615,-72955,152185,-154500,110974,-77844,71472,-19344,-13486,-12271,22433,-31,-11677,-2130,14240,-6949,-2845,2783,292,-785,139,73,-23,-2,1 # cft deg6 r=4
14141,575,37089,15537,45607,14543,43899,11697,19472,4450,7901,-636,-3131,841,428,-889,-1129,822,480,-287,-94,53,11,-8,1 # cft deg6 r=0
25,325,1575,3625,5355,8365,15280,22870,27144,30362,33452,32265,26388,19718,14119,9099,4619,1471,32,-267,-157,-40,1,4,1 # cft deg6 r=0
257,-885,2924,-3622,3793,-2989,3888,-1762,-2974,5919,-3964,-1379,4063,-1194,-1742,1287,-166,-278,260,-20,-75,25,8,-6,1 # cft deg6 r=4
-45659,102392,360959,-472951,-1322872,244644,1485925,5941,-780241,79739,252279,-55363,-25695,20046,-3003,-2732,813,1185,13,-385,65,57,-15,-2,1 # cft deg6 r=4
10049,-43674,83643,-70448,-32821,171659,-226636,130961,44392,-149741,113879,-9878,-49919,37842,-3278,-11840,7882,-1139,-1202,809,-184,-24,28,-8,1 # cft deg6 r=4
6011,-11171,47492,-100993,193387,-355858,513470,-699650,841102,-882085,837406,-692446,505244,-314322,166020,-71256,24404,-6106,1053,-114,66,-48,24,-6,1 # cft deg6 r=0
5,159,1045,-125,25761,-51448,102024,-112297,70531,-60659,56317,-37145,18884,-6873,-1149,2528,-801,613,-609,258,43,-58,24,-4,1 # cft deg6 r=4
-22975,-51900,137100,376575,-968215,-5151710,-8702765,-5453565,3496074,8321216,4146048,-2022440,-2972422,-518039,752163,366604,-61887,-73690,-4529,6805,1075,-290,-61,4,1 # cft deg6 r=8
24025,-44950,-177110,239340,599534,-274718,-624901,171892,330661,-36664,-80953,6246,5586,340,2078,404,693,128,-12,258,73,-62,-16,4,1 # cft deg6 r=4
37,-2415,35868,-62917,114621,-159914,184306,-179756,155580,-98783,44964,-6092,-17706,26582,-20816,10894,-3450,-128,1093,-848,424,-154,42,-8,1 # cft deg6 r=4
1681,15252,51630,91106,126567,140799,102949,22297,-32273,-65032,-54460,-15216,15675,17054,5855,-2108,-2558,-767,221,218,50,-20,-12,0,1 # cft deg6 r=4
-1,15,-78,194,-428,514,-746,887,-808,708,44,-515,682,-715,46,-106,-151,105,11,85,77,25,11,6,1 # cft deg6 r=4
43,-94,131,-1579,8169,-15005,10097,11251,-24957,20713,3310,-14328,11897,1775,-3145,1585,1227,-344,-332,43,98,0,-13,0,1 # cft deg6 r=0
625,-41875,821375,-951225,907060,-174360,-332385,167915,-22009,67289,-254680,203800,61236,-146904,73028,-14107,-7243,8594,-2010,-1015,460,40,-35,0,1 # cft deg6 r=0
625,0,2750,0,6675,0,10285,0,11061,0,7324,0,3822,0,1073,0,312,0,-23,0,-41,0,-3,0,1 # cft deg6 r=4
1,64,1074,866,608,-1670,3647,9059,2049,-7306,-5454,5766,9277,1599,-3922,-2333,212,617,275,34,-70,-40,3,6,1 # cft deg6 r=4
1,1,6,16,42,66,137,169,204,168,108,18,41,61,103,90,38,-8,15,24,13,1,2,2,1 # cft deg6 r=0
9,549,-21774,-41283,-1451,64943,63126,-6639,-66397,-46042,22398,41765,5051,-16998,-8180,3103,3830,-135,-779,-189,125,40,-12,-4,1 # cft deg6 r=8
55067,-49914,-221202,214965,421793,-390124,-537666,375347,509564,-197429,-351284,43866,169430,11354,-57091,-11399,13295,3945,-2171,-771,259,84,-22,-4,1 # cft deg6 r=8
-9,0,84,348,917,1175,1575,2151,3192,5467,7082,4932,259,-2417,-1688,66,790,525,79,-96,-48,17,23,8,1 # cft deg6 r=4
25353,-83673,174879,-161352,60507,22653,61830,-149988,66778,65417,-28013,-62156,34412,25661,-14514,-11176,6224,2939,-1887,-367,314,18,-27,0,1 # cft deg6 r=0
12769,-24295,28675,55968,35084,-46850,-71879,-28077,20222,21284,13176,9006,-2432,-10756,-3808,3224,1599,-1001,-523,237,148,-21,-20,0,1 # cft deg6 r=4
1861,-7459,18825,-25596,24402,-10690,4481,-3080,2831,205,-8487,2277,2040,-317,-2170,2888,1237,-2269,-305,691,60,-100,-11,6,1 # cft deg6 r=4
-3259,26979,116745,25012,-87427,-165486,144410,354914,-458378,-157167,551088,-173921,-258087,192961,32480,-70264,9792,12043,-3711,-1024,505,37,-34,0,1 # cft deg6 r=8
-1119,-282,908,3048,6746,269,6077,-1681,-6891,-841,1176,5161,5860,-2814,-3552,520,1087,302,-60,-114,-103,60,9,-8,1 # cft deg6 r=4
-12021,41826,81415,-353895,138564,288832,-53023,-128304,112828,95806,-98755,-47685,33586,11712,-7493,1191,1049,-1281,-12,346,31,-13,16,8,1 # cft deg6 r=4
1,2,-53,-348,-900,-1143,-378,1185,1402,3,-1478,-977,290,1025,305,-239,-234,-25,81,39,2,-9,-3,0,1 # cft deg6 r=4
2417,11653,14731,4617,-16845,-970,38812,36430,-4652,-10003,-17040,-46782,-26847,17306,10893,-12992,-8844,2632,3275,367,-391,-124,7,8,1 # cft deg6 r=4
11827,-103461,374507,-891237,1577377,-1947112,1365545,-69397,-786768,583353,47132,-272138,90587,56168,-39583,-4673,9674,-624,-1683,185,232,-16,-21,0,1 # cft deg6 r=4
6471,-39258,102612,-208191,188927,-128905,-37655,29913,139913,135,-60059,959,5385,-10152,7563,6259,-5500,-3269,1306,935,-75,-121,-9,6,1 # cft deg6 r=4
-3659,11405,7475,-8077,-53937,1086,135984,-50213,-130003,99142,1635,-31217,22901,-13382,2702,4530,-3609,-320,1360,-376,-160,94,-3,-6,1 # cft deg6 r=4
529,-8993,41998,-31096,109590,-20934,98781,-33325,87074,-33947,66503,-28010,18525,-7666,13768,-6822,465,1032,-527,239,94,-60,-6,6,1 # cft deg6 r=0
137,-3862,-7729,-6275,-3405,320,2082,1742,1816,3530,5763,2585,10,-58,1373,665,-395,-417,61,153,15,-35,-10,2,1 # cft deg6 r=4
4495431,-8831016,6567502,401171,859980,-1728751,-3258557,2737269,2663702,-2142561,-1151615,1065945,300310,-345491,-44585,77238,2397,-12378,532,1568,-81,-148,-2,8,1 # cft deg6 r=0
-43,112,93,-280,-632,705,1587,-613,-2435,992,4452,-560,-5462,-1036,3915,1878,-1497,-1234,171,373,68,-39,-15,2,1 # cft deg6 r=4
9,-1926,-9561,-12477,21856,94278,121034,22437,-131549,-175743,-67069,62908,91273,37061,-12030,-18949,-5941,1953,1925,277,-212,-91,-1,6,1 # cft deg6 r=8
1969,9570,7320,-30241,-39871,-1716,101538,15265,-86759,-95071,116145,60590,-52780,-45365,34911,7346,-12976,2102,2466,-963,-161,134,-9,-6,1 # cft deg6 r=4
269,746,-15632,226279,-547616,613144,-321303,-375933,1084792,-606598,-683119,823758,119025,-454293,68287,122942,-29393,-21392,4569,2678,-272,-218,-6,8,1 # cft deg6 r=4
305611,629097,78855,-1137470,-1418401,-565624,1002451,1584846,403290,-507824,-249415,29186,33866,438,-3958,3436,2447,-958,-568,-126,153,16,-8,-4,1 # cft deg6 r=0
-471,-3771,11807,57744,-15231,-97299,49140,38223,-94412,63178,95525,-95492,-59122,58427,22167,-18310,-4579,2450,385,1,53,-30,-15,2,1 # cft deg6 r=8
-751,-3817,-7306,-7788,1800,16206,37207,33057,-23190,-67094,-20857,52769,44971,-12531,-27333,-4012,8146,4011,-249,-746,-243,6,32,10,1 # cft deg6 r=4
317,0,2219,0,1002,0,-24974,0,-66195,0,-45109,0,28706,0,55067,0,29771,0,7524,0,926,0,52,0,1 # cft deg6 r=4
348843,-589446,2320831,-2325730,2927097,-2567534,2702865,-1550708,1465561,-775000,512497,-295190,146606,-83424,38169,-17032,9520,-2636,1777,-330,259,-42,25,-2,1 # cft deg6 r=0
1,-14,11,130,235,216,-18,-6,100,111,-3044,-9661,-5514,10346,11128,-4305,-7473,511,2451,227,-395,-91,22,10,1 # cft deg6 r=8
6561,15309,22599,11421,-5751,-13959,-1440,12087,6230,-6751,-5942,1881,5849,-169,-1999,-1178,1004,295,-70,-169,37,13,6,-6,1 # cft deg6 r=0
-1,-20,-168,-944,-3581,-9188,-16085,-19451,-16258,-8910,-1656,3526,6179,5655,2502,-582,-1474,-709,65,202,57,-21,-14,0,1 # cft deg6 r=4
1681,-2825,-9304,-58,16219,56455,152688,212752,209441,202895,158129,92920,55841,39898,33444,27212,19601,12060,6169,2628,922,264,60,10,1 # cft deg6 r=0
31,93,453,1237,2636,5840,11526,18805,25733,30482,32253,30500,25333,18324,11536,6244,2621,484,-350,-359,-141,-12,13,6,1 # cft deg6 r=0
771,474,-2035,-1317,3197,8934,-1934,-20567,7349,28508,-7434,-21185,6167,12753,-1210,-5082,-737,1247,599,-94,-165,-33,16,8,1 # cft deg6 r=0
20903,62376,1935,-98821,64405,53678,-193917,168015,2897,-110406,45082,62248,-38221,-42923,42068,4244,-17002,4203,2535,-1309,-72,140,-12,-6,1 # cft deg6 r=4
93,1563,11080,41338,86880,105970,75445,23533,-13920,-13344,-5993,2471,4055,-2543,636,-663,402,-36,121,-179,24,32,-5,-4,1 # cft deg6 r=4
236077,-126553,3981472,-2189666,-7474161,4865335,4701830,-4070417,-1129660,2124906,-169100,-764449,222881,177086,-78890,-22201,14901,48,-1645,488,116,-83,-9,6,1 # cft deg6 r=4
9,-39,-140,558,364,-3369,2279,9737,-21291,4778,49364,-111490,137890,-115120,67309,-25663,3381,3380,-3159,1536,-460,55,17,-8,1 # cft deg6 r=4
1,56,1382,7202,-16731,-25307,20448,33374,-11040,-19153,497,2868,4097,1270,-2119,-720,-103,608,87,-180,4,1,18,-8,1 # cft deg6 r=4
-121,407,-789,3624,15123,11211,-2887,-1669,18793,7308,-25378,-10425,23768,12781,-14121,-11930,2896,5630,1078,-934,-463,-2,46,12,1 # cft deg6 r=4
841,-203,115,1474,1449,2617,4977,1571,384,12991,23469,18069,12204,14125,12890,6454,2126,990,416,-11,-31,43,36,10,1 # cft deg6 r=0
169,559,1636,2125,3895,6181,11964,17347,19939,15661,7529,-316,-3569,-3057,-937,544,1045,842,413,46,-79,-47,-4,4,1 # cft deg6 r=0
9,27,-678,3198,-7229,2905,1978,904,-1314,-802,2490,-2940,1350,-1055,1379,-1854,1063,143,10,-201,156,-20,-15,4,1 # cft deg6 r=4
-249,1434,1099,7065,12761,1795,9325,-18405,1869,-6860,11829,-9745,20637,-22521,16989,-8292,4026,-2503,1784,-1122,576,-230,66,-12,1 # cft deg6 r=4
1,20,44,67,-407,-1502,-782,1613,3542,17478,59743,112213,133367,110924,68863,31645,8060,-2106,-3299,-1474,-198,101,57,12,1 # cft deg6 r=4
-271,-103,11237,-39739,58629,-22709,-56887,98636,-45144,-50228,73497,-15353,-33877,23899,5021,-10514,997,2824,-506,-593,90,92,-12,-6,1 # cft deg6 r=8
317,-1300,4790,-9633,17716,-20222,23811,-15129,15358,-3945,8638,1009,4139,3559,1135,2108,1146,347,465,230,35,40,34,10,1 # cft deg6 r=0
-10487,-122399,-462598,-951842,-1288535,-1125670,-206911,1062201,1448693,465006,-616182,-578215,85776,346677,139912,-47074,-51944,-7083,6331,2341,-177,-209,-19,6,1 # cft deg6 r=4
83,-1013,3333,797,-20261,27534,19146,-78680,55081,38587,-84613,48084,-7336,5203,-7159,-9264,23815,-20814,9326,-1703,-329,224,-29,-4,1 # cft deg6 r=8
4489,7035,11839,24640,24260,17227,21281,11061,-10791,-2794,14360,3053,-9098,-613,6352,2312,-1186,-444,442,225,-42,-38,4,6,1 # cft deg6 r=0
729,-243,3285,21888,23437,17965,25559,-1206,3350,-9811,-6053,-3900,-5343,-2280,3658,1518,-415,-296,33,136,49,-22,-10,2,1 # cft deg6 r=0
-283,1929,5966,-26923,-15911,81802,1100,-141662,29428,162920,-37310,-127590,23262,70799,-9172,-27842,3105,7379,-943,-1215,200,110,-23,-4,1 # cft deg6 r=8
803,6820,30401,85533,168700,244764,266222,210752,109322,23548,-7290,4727,20383,17700,4760,-3111,-2855,-276,664,310,-24,-51,-6,4,1 # cft deg6 r=0
193,-2425,13244,-40890,76051,-76240,5790,81766,-80907,-26,40387,-26943,946,17000,-7496,-2880,2750,-1000,-449,515,56,-87,-9,6,1 # cft deg6 r=4
-5771,6076,12492,3513,-18468,-31197,19658,41363,-11722,-34722,-3406,19552,13599,-3024,-10007,-2098,3599,1373,-761,-426,137,59,-15,-4,1 # cft deg6 r=8
523,-172,2510,25436,71989,63648,51632,51462,-75072,-138874,-14567,59838,9544,-29430,-5992,11300,-1266,-4524,325,852,-88,-144,-14,6,1 # cft deg6 r=4
103,-34,89,-259,-2404,10215,-15827,16275,-18285,21860,-24460,40051,-63180,56434,-15888,-16409,18998,-7813,162,1378,-639,84,25,-10,1 # cft deg6 r=4
33171,-517182,1504694,-1044930,-1430564,1933811,818511,-1969262,-50169,1215249,-222420,-510961,173007,150750,-73864,-30115,20285,3860,-3695,-284,438,9,-31,0,1 # cft deg6 r=4
491,-2114,2845,2208,-11226,10244,8207,-29132,34029,-24918,16313,-13026,8860,-2002,-2126,1950,-1140,1320,-1321,684,-88,-92,54,-12,1 # cft deg6 r=4
1877,4350,-24790,35703,-64914,154117,-112736,-223862,458416,-155106,-310482,326914,-11619,-149906,74790,16218,-25421,4996,2933,-1460,-5,131,-20,-4,1 # cft deg6 r=8
3481,-1711,4837,11917,1415,-6845,-5238,-14956,12542,25782,-31336,-6525,34504,-7348,-15433,7771,3785,-2655,-218,627,-11,-78,5,8,1 # cft deg6 r=8
59,-305,811,-1052,-1268,9332,-24961,40027,-42165,19494,15353,-36665,28531,-2297,-12319,8456,-448,-2345,1121,310,-289,-44,38,12,1 # cft deg6 r=8
-121,286,1202,-3065,1400,2313,-2731,23506,7634,25959,62690,43028,54144,64338,56654,41650,24980,12741,5632,2314,914,298,72,12,1 # cft deg6 r=8
3573,10275,23302,32975,37185,35340,38995,40383,33747,19135,10634,8695,7041,2243,-391,344,1442,949,161,-77,-18,-2,-3,0,1 # cft deg6 r=0
1,-198,484,-1563,2865,-4510,5772,-5607,4904,-3419,2698,-2178,1481,-763,161,-192,250,-183,-13,40,-4,-33,1,6,1 # cft deg6 r=4
-16963,99825,207319,-394773,-1616634,-1285984,2606891,7581709,8219043,3806159,-828370,-2596376,-2384628,-1543962,-611551,2706,150833,74550,9190,-4712,-1995,-174,53,14,1 # cft deg6 r=8
48299,221878,322706,-51953,-785947,-1115718,-562798,359687,714145,300125,-203338,-251758,-21293,98541,49301,-13940,-20195,-4097,2718,1530,73,-132,-30,2,1 # cft deg6 r=8
121,2816,-1997,-6989,18125,27445,-18422,-14989,55342,29141,-75991,-63673,38970,56565,-2591,-26838,-7324,6414,3819,-278,-680,-120,32,12,1 # cft deg6 r=8
3426201,-1677006,-10560594,6408267,13808374,-9688458,-9950641,8475995,4330076,-4918647,-958344,2000219,-36441,-566587,96851,114618,-30498,-15895,5925,1940,-617,-198,24,12,1 # cft deg6 r=8
1063,-7015,24382,-58007,110946,-147669,164439,-115361,28290,24678,-14925,-19457,26065,1891,-13755,1450,4986,-957,-1140,236,182,-32,-18,2,1 # cft deg6 r=0
625,625,50,-3275,624,6835,5536,-7818,-8412,-4791,11095,5338,-2330,-10510,-7477,-4432,-2039,-584,280,332,132,-14,-20,-2,1 # cft deg6 r=4
-1325,-555,2631,-6786,7041,646,7012,17511,3038,19876,-2939,10617,-1681,3253,567,24,767,-117,72,52,4,2,4,-2,1 # cft deg6 r=4
-61,-215,1495,178,-8210,11229,939,-51115,82451,-86798,76664,-54395,14120,12487,-20243,14350,-3005,-1802,1368,-382,-61,86,-14,-4,1 # cft deg6 r=4
289,0,4318,0,15109,0,-5200,0,17360,0,4323,0,-11774,0,-1176,0,1640,0,3,0,-104,0,-4,0,1 # cft deg6 r=4
10609,-47792,26784,63844,90921,-237798,17946,150634,-12926,-43300,-73260,88572,1909,-35712,10514,6952,-5673,552,1325,-666,-33,100,-16,-4,1 # cft deg6 r=4
-813,3318,1512,-20979,13960,33244,-18174,-40705,8626,38101,4567,-23709,-11757,6536,7701,752,-2052,-754,236,125,-49,-27,7,6,1 # cft deg6 r=4
-64131,1400022,-11769054,32859078,-70432954,8483820,87164447,-101804262,67973926,-20866814,-5407730,8354640,-3659899,-594308,1783061,-1355770,676825,-254166,75741,-18140,3733,-662,87,-10,1 # cft deg6 r=4
-208011,3049854,-14477052,-59848854,152160892,-124203092,222694480,-444940510,593939814,-597832026,469258225,-297356312,157680884,-70824834,27282122,-9175660,2702178,-699678,160621,-32442,5682,-862,113,-10,1 # cft deg6 r=4
-1347517,-10972372,-20168050,10217310,34785130,35862686,-23733368,-6311588,-16518076,9235708,-2282734,2530856,-302957,61444,-254696,72074,-22727,466,8752,-4080,1398,-396,67,-10,1 # cft deg6 r=8
-14249,-52930,218195,-281840,196795,-46098,-54650,-56464,110269,26048,-107905,-11542,77268,-941,-35489,975,11850,131,-2556,-172,340,29,-26,-2,1 # cft deg6 r=4
-47209423,-269543624,-735223961,-1240011554,-1365441744,-965257400,-303092085,226737482,391634924,269164918,97407992,7767380,-11311313,-6246128,-1095149,358902,282710,78968,5444,-3930,-1580,-230,15,10,1 # cft deg6 r=8
1,5,-45,52,-17,231,-696,705,-188,-130,247,-270,-362,748,191,-951,516,-139,145,-101,26,17,-11,0,1 # cft deg6 r=4
19443,-145140,494757,-1038042,1573157,-2015458,2400390,-2510476,2044681,-1174990,401643,9310,-121870,90854,-28408,-10754,17900,-8928,705,1510,-784,120,22,-10,1 # cft deg6 r=4
25,50,270,775,-529,1354,6666,-4763,-10437,3507,9216,-194,-7382,297,3965,-1119,-862,602,-104,-100,84,-3,-14,2,1 # cft deg6 r=8
4489,-29949,95070,-164150,130643,15035,-107526,74275,-13683,-2431,-26747,41160,-8528,-15576,9872,782,-3705,1066,723,-472,65,58,-21,-2,1 # cft deg6 r=4
37249,34547,-37674,-52140,47776,-22530,92505,-157746,118957,-78592,91567,-75702,31961,-15871,16469,-10154,3313,-1365,731,-30,-147,34,16,-8,1 # cft deg6 r=0
-2213,20144,42513,-99773,-329796,-186771,272725,323862,-88494,-230233,38570,163836,6565,-91468,-27135,28104,14518,-4240,-3586,196,470,20,-32,-2,1 # cft deg6 r=8
19857,38844,34800,12258,-1801,-36561,-23180,1008,45735,-37991,5751,47498,-27008,-27447,15846,8300,-3315,-1536,-172,282,146,-38,-20,2,1 # cft deg6 r=4
6269,3898,-30198,-1836,79049,-118518,143460,-153465,114085,-78497,62797,-36681,18612,-15211,8007,770,-2510,4,1026,-298,-169,98,-4,-6,1 # cft deg6 r=4
79505,428037,1141551,2102118,3014560,3547153,3598466,3303393,2823957,2264980,1699043,1181371,753155,436951,230573,110422,47550,17778,5370,1072,35,-60,-16,0,1 # cft deg6 r=0
-17631,-32229,61320,180912,8564,-318982,-187275,284383,283310,-137985,-232629,29351,121410,4515,-43421,-3132,10780,-126,-1781,286,244,-50,-20,4,1 # cft deg6 r=4
507,11622,73524,253863,564032,846941,838025,449479,-55042,-301379,-201209,9088,94706,47319,-13873,-25406,-9049,2062,2601,526,-198,-102,-3,6,1 # cft deg6 r=4
4327,15496,45139,97316,179156,237159,289500,307775,349161,331983,275482,191619,120885,69341,38178,19232,9011,3543,1210,417,191,85,32,8,1 # cft deg6 r=0
-1901,-714,-3618,1538,3230,-70447,98259,-43634,-211655,159804,125622,-170068,13801,66534,-36374,-5486,12558,-2509,-2013,794,187,-102,-14,6,1 # cft deg6 r=4
50675,821600,3488265,3328595,281787,671942,-406961,-487495,-316199,-950626,537028,1015929,-270710,-484847,67748,133898,-8251,-23823,74,2834,167,-200,-24,6,1 # cft deg6 r=8
2799,-8595,-9009,75177,-119265,25788,146514,-181809,28991,111068,-91290,-4105,42022,-16571,-8645,9048,-1066,-1908,939,36,-164,44,7,-6,1 # cft deg6 r=4
169,-2132,12523,-46641,126436,-270994,482476,-729714,947663,-1062144,1034900,-884716,670687,-454018,276224,-151532,75046,-33483,13361,-4716,1447,-374,78,-12,1 # cft deg6 r=0
564964077,223295034,-139409113,-246369946,286696922,-110824066,-85000300,65529824,27968533,-21828128,-4667635,5908178,-871994,-935052,608844,-42616,-86439,27942,3615,-5422,2344,-616,102,-12,1 # cft deg6 r=0
113400669,73501620,24623957,-206308330,91779603,93368276,-91434404,-108938948,262781349,-210764870,95686963,-29881804,7310062,-3613910,3220406,-2013636,952504,-351594,103951,-25792,5382,-902,128,-12,1 # cft deg6 r=0
-431,-8334,-30378,-49954,-63391,-93661,-81745,51825,206066,207653,51262,-87404,-75941,3421,29010,9250,-4414,-3477,-169,556,160,-35,-21,0,1 # cft deg6 r=4
91775,-18360,233469,83663,275041,101187,226467,36398,91215,-53170,55087,-30806,30045,-3389,12810,-4320,-145,-1106,660,204,105,-28,-10,-2,1 # cft deg6 r=0
149,-5610,54728,-33034,-185368,17947,304054,249059,-89176,-412138,-324508,118214,332704,136107,-80266,-88046,-15062,13499,6831,73,-691,-143,19,10,1 # cft deg6 r=8
11614727,-32874600,1635285,-2277578,117704168,-26073336,-139158162,35536954,120927281,-108354380,38412199,-2612740,-5086522,2627322,-393514,-51448,70725,-47430,21173,-6782,1710,-396,82,-12,1 # cft deg6 r=0
-1,7,-29,66,-5,-460,1384,-1266,-2465,12017,-28483,43566,-46671,34086,-15510,3832,1879,-2249,663,-126,17,60,-20,-4,1 # cft deg6 r=4
23496283,39677152,114883030,-31095216,-431141172,-387244430,66660458,176145366,29531442,-46003370,-41171693,-12171540,1900960,1272770,-247474,-190328,-13965,17718,6611,-778,-1048,-176,30,12,1 # cft deg6 r=4
265,230,4182,9492,9161,33361,97957,45796,48543,-97267,59678,-49680,64016,-45642,13596,8,-6039,5542,-507,-1122,294,82,-30,-2,1 # cft deg6 r=0
-2721,-7110,22005,10632,-17666,-69496,112505,-71006,86621,-119020,68306,-18778,16645,-15958,3283,2185,-764,1166,-1749,865,-103,-65,39,-10,1 # cft deg6 r=8
597137,2188688,5927784,45717392,78851679,45252660,14535313,1543934,8796781,6518612,3795737,837474,-376746,-144010,-173177,-5794,309,3722,490,62,316,-184,47,-10,1 # cft deg6 r=8
-1129,-1122,-16750,-82047,57625,184301,40687,112355,-81713,-146867,-42802,83027,56020,-23320,-29177,395,11192,510,-2691,-57,374,4,-29,0,1 # cft deg6 r=8
659,-105,-1545,1178,15826,-55391,113197,-164218,193783,-198329,190267,-171659,149846,-124294,86992,-48177,21479,-8425,3352,-1261,345,-76,26,-8,1 # cft deg6 r=0
2557,17663,46418,59363,3109,-109469,-129470,9435,161414,110547,-73446,-118309,-18945,47013,33297,-910,-12904,-5312,1496,1482,107,-138,-26,4,1 # cft deg6 r=8
342225,0,2229885,0,1251781,0,-46670,0,67160,0,-66048,0,-6083,0,21572,0,-6745,0,332,0,139,0,-22,0,1 # cft deg6 r=4
433,-5756,-19394,44751,12379,-24343,-37599,45067,25290,-34248,-5678,640,31242,-31877,12878,-4604,4181,-1736,-925,1147,-384,1,35,-10,1 # cft deg6 r=8
-25,-100,408,803,-3416,1239,7235,-19915,24874,-27363,27489,-15225,7826,-4285,-735,802,-343,668,-418,258,-121,18,0,-2,1 # cft deg6 r=4
35643,-289425,712005,-1141716,445802,1035673,-636845,-978026,670229,616536,-453436,-290516,233787,90583,-83690,-21283,22697,3668,-4164,-508,485,45,-32,-2,1 # cft deg6 r=4
1779,7161,8019,12927,9457,10791,20311,38135,7865,-43473,-6599,25872,-7210,-11323,8612,4122,-3009,-359,739,-100,-95,20,-2,-2,1 # cft deg6 r=4
81,729,9510,-3336,28981,-82103,90019,-154159,209017,-223068,108777,12191,-70509,25829,565,-5284,4655,274,-731,-76,-118,-32,24,10,1 # cft deg6 r=4
1861,891,15466,2734,50029,16674,87697,26037,62443,19805,46187,-13511,32431,-27414,1466,10144,-9834,-2004,3362,466,-519,-102,34,12,1 # cft deg6 r=0
-62204,91380,78344,-314636,740129,-199877,-889504,673558,406673,-486954,-112400,179492,80820,-80838,-23144,18496,8610,-3521,-1976,383,307,-22,-26,0,1 # cft deg6 r=4
-119599,44730,-144597,-200640,414290,163964,3101,-199944,-196336,186223,164538,-120037,-72063,61485,18967,-21068,-1714,4885,-527,-731,183,63,-23,-2,1 # cft deg6 r=4
-383,789,4315,-6956,-45769,-105269,-107905,-84558,-24190,-11815,-17758,-26584,-11154,-44,3123,-552,443,240,-245,240,410,15,-40,-2,1 # cft deg6 r=4
-17188,-49584,85724,-143016,77287,-38752,11348,18492,-81196,131832,-120822,76266,-48812,40436,-32148,18336,-7369,3314,-2249,1172,-288,-24,37,-10,1 # cft deg6 r=4
133808,811296,2088512,2709504,1519307,101298,-39213,-235966,-739205,-556860,-154154,-77140,-42516,39282,49293,19654,6687,3730,322,-1132,-565,-36,42,12,1 # cft deg6 r=8
-76276,-517060,-641100,685284,1550347,-641529,-1906112,633618,1738536,-520041,-1121700,291180,504567,-111821,-159386,30451,35245,-5788,-5384,733,548,-56,-34,2,1 # cft deg6 r=4
547,11471,-34529,93044,-270347,473065,-583699,642844,-386930,-350641,902654,-673486,68146,242196,-177123,31412,24907,-16728,2519,1340,-694,77,28,-10,1 # cft deg6 r=4
105472,-145920,153344,-280192,420416,-331712,270576,-242936,209196,-145760,94965,-60642,41334,-24998,12148,-5876,3899,-2442,1030,-244,72,-68,39,-10,1 # cft deg6 r=0
115613,263605,314751,524963,74885,-1490104,-1055443,1587200,1251751,-1120445,-683984,586922,148288,-191195,16551,26118,-12695,2151,1541,-1115,123,95,-26,-2,1 # cft deg6 r=4
431,1423,9139,5083,-7145,-3275,4829,4353,6584,4842,-3822,-4798,1365,3118,2249,902,-970,-1270,-2,469,120,-52,-19,2,1 # cft deg6 r=0
44752,159036,221447,228434,188303,113846,162993,70835,65735,34347,18408,13527,8209,4629,-1009,1472,672,-146,60,30,-11,-4,6,-4,1 # cft deg6 r=0
204359,15837,-56059,-241927,384211,-269739,-19749,117851,1553,-95521,94527,-41670,13090,-9484,8950,-4289,787,63,158,-158,21,21,-4,0,1 # cft deg6 r=0
-196976,650948,-926763,832538,-525007,40917,376113,-490921,391824,-196540,30992,42428,-57074,31561,-6952,-1732,5189,-2926,1027,-384,-65,7,-15,2,1 # cft deg6 r=4
-2621,15799,-47716,63746,-56320,-22066,171892,179792,105469,110413,109725,22854,-41309,-33634,-15756,-6416,-183,205,611,392,49,-54,-12,0,1 # cft deg6 r=4
169,20449,622596,-1174511,1023333,-553700,405448,-372059,97227,118355,41641,-240129,170937,-27299,-18101,10558,268,-4087,2796,-387,-353,136,3,-8,1 # cft deg6 r=0
637,6286,64096,-42408,41117,-567362,1325829,-1351487,541707,198356,-325836,121541,32488,-58341,26228,2759,-8700,2853,899,-797,82,74,-20,-2,1 # cft deg6 r=0
-677,-5750,-18661,-22450,25032,82053,13975,-106851,-59535,46024,78031,46423,-5299,-34113,-26185,-10848,-672,1210,729,202,26,16,8,4,1 # cft deg6 r=4
779903,4994242,-15179801,9515326,9888202,-17076678,2195843,11728247,-5803849,-4792739,3733501,1542163,-1474161,-464678,395501,123464,-71141,-24868,7979,3386,-445,-275,-1,10,1 # cft deg6 r=4
-27653,1218585,-1890661,2612853,1990273,-6445438,2363165,3608639,-4027736,302962,2120054,-1212842,-386806,573033,-64232,-120691,40159,12026,-7488,-403,758,-26,-42,2,1 # cft deg6 r=8
-256,6144,24448,-91024,159481,-210434,229570,-235722,237773,-217739,168724,-115219,78062,-54095,33620,-15789,4979,-977,42,148,-93,0,21,-8,1 # cft deg6 r=4
-512,-3072,17408,-30400,2464,73840,-140416,129132,-90020,112401,-124005,52199,25916,-42256,23082,-6115,-923,2136,-1282,400,-2,-73,40,-10,1 # cft deg6 r=4
676,-4056,10452,-21060,37717,-55224,85711,-114818,138655,-142538,116589,-74408,38842,-19536,17063,-19274,14995,-6987,1566,272,-329,79,11,-8,1 # cft deg6 r=0
31679,258072,1061794,2868623,5596129,8201935,9105370,7455504,4033548,706125,-1083996,-1247467,-648335,-112306,89922,80653,29056,2351,-2713,-1369,-226,56,41,10,1 # cft deg6 r=0
-169573,-833504,-1077335,389947,948477,-1187292,63590,3150595,-999162,-3717533,1479666,2371283,-1252211,-794792,608803,93516,-161336,21152,16757,-5162,-458,353,-21,-8,1 # cft deg6 r=4
-4684,538,16579,44477,-40321,-114901,-43134,209119,195677,-294408,-256865,362278,95673,-261381,50356,92144,-62978,6148,9670,-4417,304,243,-52,-2,1 # cft deg6 r=4
4,674,-8651,47933,-161026,389615,-754695,1199926,-1512230,1465430,-1124583,771067,-524136,303699,-85465,-50497,70165,-32790,3608,3313,-1589,212,31,-12,1 # cft deg6 r=8
131381,-254090,-105383,741917,-654475,-357693,1348539,-1269651,136371,790758,-519427,-277721,461954,-64309,-160088,66883,33606,-22509,-3079,3779,326,-275,-26,8,1 # cft deg6 r=0
37181,144701,-579184,-1450014,-531319,1195760,1205771,-264139,-881722,-148986,417874,175925,-142107,-101217,26272,35416,265,-7483,-1227,941,259,-66,-25,2,1 # cft deg6 r=4
-51628,-745380,-1405764,-1029148,-80919,669913,709405,346684,222561,220767,100197,-29384,-59224,-14879,14252,4211,-2842,-2674,-761,179,210,0,-18,0,1 # cft deg6 r=4
-677,-3103,264,6828,2068,-2768,-5608,-8922,-2322,9487,12405,3527,-6848,-3830,965,2285,819,-327,-99,183,94,-16,-15,0,1 # cft deg6 r=4
1478123,3479142,-3998219,-2504107,6876665,4293867,-7217687,-7329520,2470876,5661605,715295,-2344891,-1010075,477581,406822,-13062,-83048,-14480,8735,3009,-346,-252,-11,8,1 # cft deg6 r=4
-683,1825,-5707,6664,-2664,2700,-5138,11264,7253,-23883,-20588,7544,25906,-3170,-12474,1528,6144,-3287,-1266,2082,-844,76,40,-12,1 # cft deg6 r=4
2228,16296,-38239,205719,-361952,790080,-955491,1202619,-1039787,821507,-594217,367650,-139044,-23353,35228,-10586,8331,-4372,-129,399,19,51,-24,-2,1 # cft deg6 r=4
-3239,-6847,12383,34782,-11950,-49912,8819,37167,17683,-25515,-6891,416,12578,319,-1216,173,-419,-440,-158,97,119,-8,-19,0,1 # cft deg6 r=4
-2188,-10572,-10973,25039,42253,-45858,-83393,72477,104730,-85015,-78954,75677,34813,-53341,-2907,25326,-5794,-7305,3665,726,-831,126,34,-12,1 # cft deg6 r=4
199,-2072,379,59965,-307953,774696,-1077239,573763,563924,-1004418,235282,469744,-281069,-118588,135576,2703,-34394,5598,5250,-1699,-346,204,-6,-8,1 # cft deg6 r=8
-7468,12920,-42848,7452,24941,-73306,313077,-236129,-386259,639632,-94027,-438042,280040,128873,-162476,-9324,45837,-2714,-7605,697,757,-62,-42,2,1 # cft deg6 r=4
-50959,408789,-243288,-1741311,2520893,3697713,-8558548,-9164141,11389381,17080662,-440581,-10070569,-3660641,2200084,1627983,-56531,-294174,-48915,24449,7718,-699,-461,-17,10,1 # cft deg6 r=8
-62267,64083,262576,-588576,319320,172624,25612,-477345,392965,20157,-82344,-134206,177508,-30387,-66686,44763,1918,-13070,4560,650,-775,141,20,-10,1 # cft deg6 r=4
4,-48,312,-1128,2253,-1894,-1296,4237,-2041,-3868,8214,-6820,1226,3233,-3505,1322,252,-384,141,15,15,-33,24,-8,1 # cft deg6 r=0
19084,431090,142101,-965045,-511119,995257,953678,-1119849,-633701,706108,498023,-523162,-167037,261553,2958,-76516,13368,13298,-3930,-1387,528,81,-36,-2,1 # cft deg6 r=4
3813023,-3836786,-2089322,5009282,-3324069,2862268,-1791031,-2487252,5131749,-3024635,-213116,1111195,-352453,-229557,206577,-29976,-29479,13072,1434,-2164,370,90,-30,-2,1 # cft deg6 r=0
37363,-14957,-292974,658835,859587,-3425503,1745177,4179263,2676878,-15882795,9833008,5404728,-6672000,364182,1500001,-403385,-120808,59982,415,-2963,35,102,17,-10,1 # cft deg6 r=0
1703,-6944,35619,-90004,118161,-62643,-50627,104952,-20250,-94180,89536,-9838,-24830,5901,9289,-3846,-2711,2031,16,-323,45,28,-3,-4,1 # cft deg6 r=0
157561,595968,1216369,2021654,3000622,3716331,3796886,3473061,3110618,2715180,2165245,1525733,973381,597595,361481,198966,86216,24076,1926,-1312,-417,44,52,12,1 # cft deg6 r=0
-1648,-11120,-18952,-17104,-883,32483,12443,44306,133814,34300,-68488,-3732,48695,2089,-16195,-4356,5694,589,-1247,-301,311,26,-32,0,1 # cft deg6 r=8
-4919,-18192,292,71216,35181,-192682,67073,160198,-121475,-65649,81904,16577,-38935,561,14219,-2508,-3445,1070,468,-310,10,42,-12,-2,1 # cft deg6 r=4
-53776,286672,-488348,225324,-50473,627061,-933832,195474,488111,-288689,-135796,152115,14269,-45073,-6098,18113,-999,-5673,2084,466,-445,58,27,-10,1 # cft deg6 r=8
1299952,-3570304,-245964,3170024,2468571,-5862758,-1615728,5969490,272039,-4072786,544303,1828710,-498228,-545063,221567,102884,-60579,-9708,10282,-239,-1010,178,31,-12,1 # cft deg6 r=4
-1319,53390,-274317,154581,-237853,611737,147068,-1333706,831312,624930,-914347,131693,346648,-200542,-28278,65066,-16947,-7019,5070,-553,-423,158,-7,-6,1 # cft deg6 r=8
138983,2326166,14864071,47352872,88165708,110659884,106829076,86794220,63876030,42746452,26179743,14484030,7350499,3416428,1473345,585866,215230,72526,22526,6362,1645,368,71,10,1 # cft deg6 r=0
-2384,21312,115228,280300,479675,656761,732303,629793,358168,70272,-80975,-58019,55092,100668,41837,-13839,-14322,1026,4257,1285,-194,-164,-14,6,1 # cft deg6 r=4
-752,1684,-2751,12090,-7333,28912,-8571,12028,18713,-41394,134303,-181362,75734,53642,-55707,-3272,16932,-752,-3179,162,374,-6,-28,0,1 # cft deg6 r=4
200171,-1593551,-816477,-475837,-440163,-311901,-422899,23183,93333,212124,194704,170721,115981,74747,47218,24595,10549,4732,2345,949,331,126,45,10,1 # cft deg6 r=4
-227707,-1829822,-7012657,-16259691,-23918917,-19906095,-1035529,20782065,28304568,17695174,1820433,-5628424,-3313626,1442947,3274634,2353164,938058,181776,-15510,-19886,-5281,-530,37,14,1 # cft deg6 r=4
10333,292416,1986845,6714879,13203398,14737375,5444207,-9181080,-15507109,-8955481,351869,2558103,-503680,-2286668,-1266224,114259,467408,244580,52454,-1517,-3229,-566,7,12,1 # cft deg6 r=8
279244,581352,21060,-590524,-313605,-156618,27584,702115,400096,-564412,-411298,240053,206014,-66731,-66369,14548,16809,-2270,-3202,287,443,-13,-33,0,1 # cft deg6 r=4
-68468,158716,52864,-351660,169235,442623,-301901,-367478,301995,241751,-210058,-122610,108273,48142,-42173,-14871,12272,3416,-2566,-524,358,47,-29,-2,1 # cft deg6 r=4
7127,-48464,170298,-382890,619823,-776392,820802,-783302,704625,-583927,438263,-294521,181374,-103418,55447,-26998,11153,-3761,1314,-663,343,-142,46,-10,1 # cft deg6 r=0
-117037,-476283,459336,1596167,204743,-3430904,-1339510,4340965,1875540,-4499921,-200262,2781013,-968332,-712145,586881,-21385,-121630,39511,6725,-5595,434,267,-46,-4,1 # cft deg6 r=8
-15728,68224,-58652,-98620,-269767,1318371,-1470924,459684,238847,-85153,-512228,523181,171561,-402652,19650,145584,-16081,-33483,1480,4812,342,-322,-54,4,1 # cft deg6 r=4
5701,-49497,205621,-534666,926468,-1023672,500346,471135,-1193678,1146182,-584266,122422,3839,11965,-10471,-3556,3134,-963,759,-342,138,7,-20,0,1 # cft deg6 r=4
8387,-22399,80263,-73904,76709,5,4821,49429,4263,37750,25398,21949,22441,12377,11454,6044,3306,1599,484,16,-20,-31,-11,0,1 # cft deg6 r=0
3559,14411,-14674,-61408,-86395,-34316,23200,-9612,-40129,-35877,38791,34916,-5732,-17717,-8193,10758,1192,-1572,-89,-424,358,-9,-33,2,1 # cft deg6 r=8
196,-980,1540,-1988,3109,-5215,7813,-12888,17512,-25290,23483,-16740,6297,2013,-2819,1772,-1026,223,150,-141,59,16,-14,0,1 # cft deg6 r=4
79216,-204560,286876,-444368,583007,-464866,333285,-399874,356030,-163901,136852,-194118,109807,2543,-10774,-10907,3869,4769,-2027,-748,459,19,-33,0,1 # cft deg6 r=4
1024,-7168,21952,-39200,68760,-85299,138022,-113004,90226,-42314,26237,-20418,5065,2870,-5181,2699,1491,-1853,769,-84,-140,73,-1,-6,1 # cft deg6 r=0
993961,811853,-444264,-385333,916542,522209,-539703,-303517,400040,182218,-176519,-79943,76768,25810,-24119,-7144,6847,1203,-1383,-155,223,4,-20,0,1 # cft deg6 r=0
1382,3124,-11163,-41788,-32282,60262,140523,30798,-192649,-220093,45737,291960,234213,13634,-90745,-52265,872,11799,4084,-410,-619,-119,20,10,1 # cft deg6 r=8
-485696,-3863616,-9749096,-16443984,-21427895,-22733116,-20709479,-16202450,-11204445,-6748047,-3585481,-1611021,-597824,-150057,-2997,27974,21588,11570,4875,1794,570,162,39,8,1 # cft deg6 r=4
-7,34,177,-2091,8566,-20365,29210,-22879,266,19090,-16326,-2878,14766,-8400,-2363,4893,-1678,-556,900,-250,-138,83,-2,-6,1 # cft deg6 r=4
-251,1643,-6446,13865,-15074,-7176,43686,-31945,-78527,217964,-164654,-93461,219491,-57087,-91886,50445,20687,-15199,-3164,2329,364,-184,-28,6,1 # cft deg6 r=4
1112,1024,633,2637,9752,9715,7505,9442,14599,19063,12072,2180,2153,3701,2725,318,-927,-723,-38,118,70,-11,-7,-2,1 # cft deg6 r=0
79,60,-4005,14860,-35409,40049,-5730,-53004,77540,-71639,54259,-34707,45779,-35398,12209,3231,3545,-4555,1149,533,24,-45,-21,2,1 # cft deg6 r=4
