# IGP24 class field sweep: deg8.
1188172575340403852390400,-1716506011722858465484800,788901193054832485478400,33933653317706919321600,-107766894175264991784960,6056574285355992207360,6053657426544281172480,-317721006652023429120,76674446735127630336,-1474746587150860800,590508475080224256,1138931168025600,2257014398581312,44914824316800,5751547602048,57260843520,50344354560,-2180327040,270806152,-10364400,645192,-13000,984,0,1 # cft deg8 r=0
9738452847401361,1794620036919492,10204702170718680,3166167601759248,4007390282512533,1504946215591092,793717426449288,245119461732792,76740883591059,17882108149032,3596575573008,562721164308,62098023625,2013296772,-606549276,-223835740,-21699690,-433872,400236,110076,17208,1048,240,0,1 # cft deg8 r=0
129444678161442814242816,42688479025965621657600,-49000623030230459793408,565718236474335436800,9219431377834641174528,-2372177101790243266560,365955654735956722176,2532969766881653760,17227444688005805568,-778567161942627840,714887555406879744,34731465188428800,12321650885316032,266891841955200,234310801729536,9340949160320,1877362954368,17378916480,21702540824,196829280,865008,160000,-432,0,1 # cft deg8 r=0
1188172575340403852390400,179499162883301885952000,121473771877297575936000,2718182695462951219200,5635232103753794396160,1398507870134985523200,463543909623154828800,69276672167265515520,10681284102870329856,514148621687792640,57564970705064448,-6535529046996480,-598618271015872,-140131036584960,-4321204881984,-2764204575040,224902307520,-3225939840,1142474536,-13066800,165168,28360,408,0,1 # cft deg8 r=0
90233725534363406336,102043279557545508864,66881272524092116992,-5570727428983563264,-30891243033213505536,-5853779904795457536,3387348167996340480,787434031459848960,982176683418160128,-62507798481853888,54505382807038848,-3654795506455296,945075865982608,-36597389141808,7514465842224,-22559634392,42785279256,-859096800,117669332,-4253088,388188,-4082,954,0,1 # cft deg8 r=0
10897568030840000000000,-25745064435168000000000,4928385397809600000000,36124577723985080000000,7470135653580264000000,-4191108624951120000000,114165331078379580800000,80853396833552022840000,16947388594612089864000,2654465722469406900000,586847986892676984000,33034396681137924000,18165461235055836901,1234141546136740182,15472016519951169,-322334327479003,-21342597312318,-456134825457,8974114394,149189811,11173284,-5836,3897,0,1 # cft deg8 r=0
4601044561,-48343425024,181729631232,214650312535,115028317938,91991057760,-39038686570,34199807880,27824684040,-8602261965,10579988166,-2951963244,2350546517,-603022830,319061448,-70323111,26134884,-3542652,1065470,-92478,22752,-973,234,0,1 # cft deg8 r=0
9991921,40151022,461156463,154619155,2490604158,-9381826395,24630156480,150608034660,178236576315,-463142132600,1091410816239,-5479248736242,-16965752846223,6368154867915,64602649656702,2722658919597,-524663092836,-24044742324,1471919505,75939711,1655667,26989,-1029,0,1 # cft deg8 r=0
298667715025,0,162691302825,0,37907644785,0,28126073905,0,6860940921,0,70588203,0,-54455907,0,7413156,0,9978960,0,646766,0,5733,0,138,0,1 # cft deg8 r=0
4321,11472,8172,-13954,-31020,-15372,9509,17286,11601,4146,4443,5256,2600,978,459,648,462,54,17,24,36,2,0,0,1 # cft deg8 r=0
945661,-2799630,4906923,-3859012,-538722,3478188,-1282542,-863730,1104744,-228670,-201510,87666,18290,-10062,19290,10960,7479,3360,2317,396,333,24,27,0,1 # cft deg8 r=0
40026256,41541312,922948416,1536022432,4600927728,2441026800,3247721984,-6199810632,-9786411279,-5124669896,-408014592,747844776,15958548424,-8247757032,2483637984,-453625192,106865010,-15069672,2081408,-231960,30168,-1144,288,0,1 # cft deg8 r=0
40026256,104310336,740735424,1254127072,2813101296,3340513008,4721669056,3290192280,4024791153,1428385288,1650331200,308729592,244370440,1375800,1037664,-8141384,-997902,492264,81088,-24072,792,-536,96,0,1 # cft deg8 r=0
35940728415756060553216,72614976500314209927168,54284357514000858144768,14358371790978953712128,561980483040581036544,2473471059423128368128,1164936231717764481920,-43795255778482299840,14904699574982672448,-13120793196247243696,8340895329878549592,543102111032661432,1741058792908034803,-669103767334832151,72845932253742396,13081399025402449,-1473353518572999,-4019658162345,50991811025498,136482305526,96539058,-13795859,-19614,0,1 # cft deg8 r=0
1467542317164533171490895,1251714970050885668858655,880563345955307217759420,502356550876571784533590,343592944186888634686461,122677631288337834843048,41390824059591357438650,17244294660006821768646,6224621601081522229362,180171482210744303608,616051049674471491711,-31520743626279671703,23523547492804529980,-1172317386656284182,29022158899994841,-1079377834773880,30036754266678,100749773052,12947806256,20065560,99747,-71209,1458,0,1 # cft deg8 r=0
8395776089611,-1116067276884,7808074163934,1487522459855,2425407868272,1245602540016,598876501727,270129188151,101941168563,40391703371,12391415967,3121876794,940613272,197421126,37373202,9573724,2536848,314514,103937,14844,3297,655,69,9,1 # cft deg8 r=0
21285422184146453456571,-37054534333023799026246,17382724327835003271708,2329762535970644793690,-3073006748921413082751,-141122314161219772836,424079273724761849859,10492272038494721538,-23208971595257274750,-4706747957553131952,826969438598363991,116732348289251478,25141192991314848,-2584189660203900,21782954389959,-119984004160272,2845763309970,48009013794,174432353256,2117828916,6759207,-757890,-4158,0,1 # cft deg8 r=0
51763764774599521,87015297113504235,64392865770965004,28538035326274320,-4740407705335155,-5596586256519090,2299130684193847,1388027213327475,2689576242789807,173731212476010,-105413188508208,-135162204031575,-15611952866097,3729412154160,7241802039612,192634674435,-111090421638,-7839376020,1192967209,100576980,2253132,38115,2541,0,1 # cft deg8 r=0
301095915520,-978944716800,2466062622720,1193723077120,-5781167683584,7041830086656,393884845760,-8930522256192,7981525847232,-1625261870264,-2624957019216,2185351854696,-300038108285,776748964566,-709359371721,-394149738250,182850725943,3730985064,105671468339,2107870200,21280662,-456928,-9228,0,1 # cft deg8 r=0
280739681125,-558813877875,-3000608175,421585964775,-44665745130,-104290303005,56008876000,8332655670,-4155614154,-9403973127,-155854449,1083885822,663039510,181267128,40431033,5845581,1417068,292374,110098,24759,5964,801,117,9,1 # cft deg8 r=0
3378588930850588823286571,-5209391348390872542219594,1816191119946376833961788,4605501598894347339065986,-48752193950967408350232,-1780452622916617643552628,-372089482572777830416924,6794410574798684076780,53167206821136591273480,58177809699568710814588,11326911128927265902232,295107111366429393792,1585543067786625433381,45939211511096430762,406910904548062626,5602892706447416,246680818095519,3887331686226,1195847531072,30422993442,202261959,-290368,750,0,1 # cft deg8 r=0
14452355872375,20305606118250,15926480639250,5286962051125,2851450574700,228893799600,413728860125,26116428375,29712847635,1208137345,1216209585,1365244440,355575526,10636626,7019064,4188140,1075230,75276,20741,6954,1155,155,69,9,1 # cft deg8 r=0
117172828549120,-1521810102865920,9294384413859840,-488595239805626880,5996772914253536256,1183176098769650688,967277915560568291008,189080348604277095360,15273275091783839424,4678295996667467592,765195429857694480,57297129696862632,11077046668834179,1465164937016694,90037965541959,8238223173294,629563317831,21932158644,1827223531,43438728,2762118,22116,2976,0,1 # cft deg8 r=0
12072971220015999142081,-6120909988080985328598,4307141694689692042773,-653898695408948127221,320159015526150798945,68391284433928591383,9809648915567013533,11102349480660132543,2211305293035935586,528082824814504525,269791980330627792,32220663904403598,12702349078457158,2556908986603974,321039594749889,69708527618687,7015406613390,-312390788373,-28025480743,375857649,31784100,-109171,-10239,9,1 # cft deg8 r=0
1110411998260523503720861,1443350112406790866114872,1517774381130680817636618,1156895950675622094549507,1280188097117381296048344,473252365126598445980487,401967959795865019787755,106533516681065071645740,52235159042178186145218,6700427940633281179731,2520634109028394950297,130259319238262173428,38255852990251708728,2124963860349595356,34848515502815931,2237369913028971,74574884654046,476155738170,43303377103,705770184,2595663,317919,2751,0,1 # cft deg8 r=0
3329030491335302653796179315000,-57927041570577430287086700000,-159077584178137550365962210000,-255275348556168230812826438000,-50981080491864441029965074900,1165179013578983000303262000,11137643354105398140049697500,3549935847654602135566746840,408597513111426718439528121,17041013113674386557591120,-17723675780929438313340,-11775281447779113402360,290333241096983097196,14585275094429084160,121345516438415460,15352086367724200,586319158536246,-563243852880,848682222700,-122758680,1950336,1639600,480,0,1 # cft deg8 r=0
155123880224103655377369529,143100982493213500301774016,84963079411149494845994148,15561723769353486118335200,3130464956266061597070396,-1729668072056805377764416,292438931404978161184844,-30874563843851690584128,179073745606958360159907,-3343023962457278036800,8892153172279816142568,-237853593882239463936,72092400570927330232,-1810093852500644160,14878803956088888,653038528883392,2744801376363,-66408516864,-14744973052,190793760,-319428,-84992,-468,0,1 # cft deg8 r=0
87524923840199424129550,-42704403927630176895000,24577923879205951750380,-5407871998454916607600,1519592123978611842126,-133310371122104081904,54414268794017397388,-9438412503029624352,1956672105063886449,-291062527120942840,29693005934179020,-3791482958470824,374665585357246,-28718324855040,4136033754180,-364068553408,17697993516,-1111184784,129005968,-19641480,1087200,-19888,1992,0,1 # cft deg8 r=0
2979666082200266525563718475550,1166203786895058672036606925800,139474489825411516114947638100,-81599755299476390443530282440,-19187504787143906989580018814,-592677382434339687773984856,661786375024450625354806808,17937295289032204285628184,490911421874276112164073,96360972866334448817224,10634724706550226602832,248156365064537548656,-2429898300633507122,1264654298636141520,32410203586099992,-614376664844248,11380131014868,-32548564368,98762974892,22738392,3058092,-201112,2976,0,1 # cft deg8 r=0
3916058956368216553799416565968750,286575558092976538453988475375000,175548486876662304721724771812500,-24486880858178048664876236350000,3435378485526702280504187943750,-2079638428800965652183691125000,142237412373566074146908037500,-61618848172874102169194580000,16469775873832249511564405625,-534432677290299415652081200,165872415062618330333875500,10450301553966421349982000,1172987765819447627288566,72772274842486506094896,4321229752172446738956,210531876460823329984,19693044952789144932,-4681616165659656,35592051064368416,-8328439478688,714001104,354611512,-31752,0,1 # cft deg8 r=0
8851409137985846515945705444,-5703722488184447249009970528,2183310743268509156691358272,-288338392539525045087872960,9817606564407073835275896,-8230240286460351915003072,6831013259587929993315056,-1807487679571927251655104,72207741337848988107012,14606283927524397756880,1691084415815325228552,4059772483941793152,14440616367002549932,88723417215630960,-615764706861528,-2429246709214624,973680540633,71295730272,102640922252,-562097760,735192,-616144,1908,0,1 # cft deg8 r=0
2331099525152003939888357326,1944586221678784047725180232,601577247988792467026990676,109651977348890937041295664,128115594090282984975491214,-5792646099334751253526536,10365136955711610728078332,-732135585437949991999176,188696071299806133241617,-24092254597814440069544,2974653729093260448780,-303244332378218300232,19057883158364645614,-1867241742532201176,76128395093158716,-4131396584852744,320405598128988,-141400762128,637027064752,-665047416,413280,-1480016,-168,0,1 # cft deg8 r=0
3070137422095736483289487504,498654789032715712267435776,137467773411097043044232640,-80327961397085829474604032,27240400521895484775883488,-2590810611591288349010304,487784174206064022568192,-64122168720115353473280,4163876232708757682088,-467673132141154353600,43710796552721322816,-1619070417331446528,92995912634291304,-5114056928975136,110042864165520,10769174502336,-25826279823,-1011636288,-269757740,732096,-2772,-35712,204,0,1 # cft deg8 r=0
20369551530590836284015625,-19815206624435653993500000,10801488100779404555062500,-3113482280066188946500000,865698645622659410407500,-157191658130129547240000,25748392885761362307500,-3049418369813150520000,280981428729768641475,-14065104112412483200,-185847908875887000,138968301026217600,-13704655522605224,229135762185408,62051006828664,-7180012647872,773248972347,-29241988128,3018349124,-32991456,5214924,-11264,3852,0,1 # cft deg8 r=0
1098745940849296,920756838440832,413119516108032,42573881987968,41298689058048,-14578197500736,7856607417824,-459697472640,1454850947160,-1992794144,114114102288,-18993318624,5121168016,-1827061776,434184264,-43888672,28363329,-2091168,447668,-127824,8244,1184,180,0,1 # cft deg8 r=0
66710868911821467603360000,0,3049192583118470813472000,0,30969005554076902056000,0,-264604198424571354960,0,-2090056516782828399,0,58285818564102792,0,275895351948312,0,-2566818865800,0,1708846146,0,47747880,0,-64872,0,-24,0,1 # cft deg8 r=0
247899725234176,712370414419968,1158252846907392,-629087231016960,-2490558741479424,-1531886707408896,15318945407303680,40714369879375872,58881449450115072,34975460416241664,-10808834395889664,-20837062110412800,-4457943140524032,3083576571168768,1247866383467520,-118241493719040,-90403481464704,-96009884928,2167423879552,2228397312,669888,2720352,1680,0,1 # cft deg8 r=0
1872542019067917950635995550,-81157496210901116428853400,402402442581708742847291220,-63093152599204978831890040,72269981550717093424710786,-12583959350879359372209192,3840186828630369175837192,-673821037478216172633768,58189230638134686661833,-8822500235919435124072,891629598854417376768,-35124975914944167072,4409988204331515118,-170613902214910560,4143685023136008,281201443310936,-13438970711532,202427789904,10095772828,-373880184,3058092,154136,-2976,0,1 # cft deg8 r=0
2588413631211901783011062500,4624945791730427720100750000,2818041786818551752847875000,338865605463175171339100000,-202384567269931269790200000,-49611589521993377045325000,2460323537516292830582500,1511880506734659878115000,247988077674897362180625,17897659763265592505600,494411045529561447900,18450931237797268800,-10955531686499308304,-2355909691284893832,-45363055216611060,213089605160600,278748228602430,5484989493648,6052130219572,121326466272,692239536,4881056,51000,0,1 # cft deg8 r=0
12679339496421193242154491904,11591283860462781053121527808,14431393241609229478711222272,1734803645556515416102879232,3701732473277785896219110400,66034917282856437282963456,237711410599602117923296768,3528989248663816716271104,33374013107360641879104,-62722337200622681115136,-520494486552728143872,-81481334662736616960,23953234979959632064,792561550052764416,338284074424908672,11860514302312640,3183886174753152,-3178161216576,11126674189888,-11938715040,6356808,-4716832,4776,0,1 # cft deg8 r=0
631719076234791801722976256,222229506812124707423182848,10195006366990254041966592,-107362469459653004183879680,-15367592485159228086895104,2631339033843088364811264,4789633369447883823016960,-652536906554269478688768,64780594752410455758912,-4712385349564813962496,-123902378586420426624,-4105274887651910400,1245510660832699648,266574803797356288,-8439329900471040,-817203423103360,-30594719199744,314013951072,320905628752,-4417201248,81038088,493472,-17880,0,1 # cft deg8 r=0
709384655321668084283815936,-28215481865703763181445120,-15073978881400370847700992,-4272217198332330163916800,2454933042736789925184000,42440137170221979878400,-109028085533562133570048,-10520341646205259906560,4578429161442990795840,500649879278660622080,-202711155246176760960,-7823899830411498240,3220028015454724096,129786324556333440,5631118626414528,111023700287680,4783323434112,47688734880,3988595024,-66318720,-2262312,-20240,-600,0,1 # cft deg8 r=0
1322064308031524830924801024,432692149334416984410353664,650889329153536647298215936,126672301785057194314889216,93800229810445672522013184,9398024404661226080037888,4746592686421646173374464,385050119345391033626112,119193785044404628903488,15556528959469149991424,2430198602132476456704,616670137002098870784,45425145061275348160,4813477652948374272,-149634425817005184,-9916225276410944,3767904679541328,11251064121984,72875835395936,216488759808,436740192,-4386608,25536,0,1 # cft deg8 r=0
2949658340539658609878063504,669470106308096806474016256,80707492012278461035447008,35045286132556589973100736,9081140372912717393946000,-367941822706621330198848,260833202805293865012232,-17589645749181824796528,508379157153237056049,-269266655709691292992,14250653718703354992,156283346056342320,150387219523172584,-396973952762208,-22723462960992,-21737669521840,-97734810798,2327479488,1684861072,993840,-64872,-58144,24,0,1 # cft deg8 r=0
1586023761437632924528762384,103998295470535631921207616,20662302775687124128089984,-21718943144749861544747872,-250656477095331280733544,318828526365158499577104,47025465110837016606560,-27566840595382158361608,3597793902701362162017,-119935067373265910920,21060315507541787616,-64424383096512888,63492264913089124,-1105215931982520,473923465751520,-23334366749336,2012607658998,-69965197848,2570386208,-26314440,-1212372,54856,-1728,0,1 # cft deg8 r=0
164071349111759964135424,247287526169385865543680,140667633536355717709824,41037055581643450015744,11605465413129962603520,4265847130779146078208,798616383797526279680,23243644881715548672,7925912390794674240,-2638045403934205952,-1798486569170161152,-41693977177922304,24397400677513024,516836261029248,21339553279104,360656192960,454313707776,-12868659648,2049821312,-23777472,3806712,-12592,3240,0,1 # cft deg8 r=0
305673566447749517712,37198803529408062528,2266492874013019008,-94216340762645070816,-11245687167405629448,1782750161195320464,14175155578677978528,-390174746660995464,-52656021660017295,-773626531530949992,46465925237676000,-1442484179848152,21241921873527252,-1277131517513208,39868658470368,-7157879836632,474758128422,2548029960,1400263200,-8940456,-96228,-52920,0,0,1 # cft deg8 r=0
790915731246505351522970046,-419119234314358553731684152,86474210697027975950126964,-5986174449293921038547664,-831862856952912915851490,217639649211928259025528,-6587056655388806271444,-2484590583769945343280,452534210639803268361,-12070583171476402608,-666654742062691452,96560549617133448,32390678147724162,-1862105151522168,37209803128092,8472262411872,-191947301532,14343362712,737175600,-38007144,1666980,35280,0,0,1 # cft deg8 r=0
25485496001575176676,3049264272477415392,6511601848265622816,1022816322775007104,695796504996041880,140381525368813824,44087886568841648,9650817996200448,2162507818219908,341857681315120,91425676858056,5765319652896,2861859101212,50095597872,55895949912,1383917600,613628073,45439584,3830996,602400,26280,2768,252,0,1 # cft deg8 r=0
7428218217137252152998690816,0,167171535137370423044349296640,0,-7349547477857547394527476502528,0,80778705770603514170218655729664,0,348752637838893884206219818048,0,-435815375570366859184296960,0,-43912743637145034962752,0,120602073272231897280,0,131614568518705920,0,17422784100128,0,-19971720,0,3432,0,1 # cft deg8 r=0
200029684764982417622640165053473792,-40397460192614823843617064238202880,118341733562847516969444432228452352,-21185723914138788987427950153437184,24764969589246659200053391105399296,-3357124374013225733147236557044736,2250562954074976234199429033861120,-146438912409741976024860431497728,92178389814372413634719382038016,2604618939025111847462222137088,1920027206391696433200313249728,16406437630113510651446387712,16022147158933132308589898896,137755609480363991329537632,309183574767906154714128,3092028918849345378640,6358818586550784153,-27694818272657184,-111147852153980,-1725237159888,602727012,-24033152,53052,0,1 # cft deg8 r=0
53295374593509306718453548032,-22899761233078235490343108608,80463884707715187949777459200,-59511841823549275917393920000,60083914726161238413784902144,-33549661590351903553683812352,16199316949783724016509696000,-6879842283717445482351258624,1536104512155822647820719616,-168630177515569105444009472,23079888226071540431519808,-3043826376192279626824704,209094453203429203384720,-16547669286994840915584,1554731319597695285040,-25580286203181774816,5253706205133596889,-619282405629264,5845679471964900,-597255900192,13988196,152918192,-8388,0,1 # cft deg8 r=0
5499558467544064,0,13985298365119488,0,15010341816197376,0,68881760876782656,0,154587275840594628,0,126073673880107760,0,27634480035352632,0,2854688774189328,0,2169116359613952,0,440437998571848,0,1755738828,0,-83808,0,1 # cft deg8 r=0
1156678000887491901445932572242244,-352601140853169908801657163219120,31794881521349266149871716174216,-286572798811748418989384195079664,90684052540553998716829156206336,-1366352472388294983628413903528,244592968836997173916230212433420,-3759269800590321426092718750096,30843433258294990325225150169,204855916269956874593618094304,-1748087807265264598570935924,12279679622956210509637560,137425011451936649927329056,-856859415943483622430936,6306860966009194661220,-999308241285229814608,7314739103109144774,-197630581819824,2701059422558100,-204134048568,163088352,-77726800,17160,0,1 # cft deg8 r=0
15911710288692274231275787545822552868,193873610736692942726380510843627104,-2060211125739187184686552669994496,-8518864830682038470997659957650496,118605460293570561654166692430680,-143890839705142458287265664608,-188560449271505072016847433424,17037692979723639875311951296,-139919335570385375397171324,342924679538553859397141392,-2204361490059027262216632,-20324155886237777669760,30399711084874010024060,-411003492890521445952,1539592263457195848,429308903023684352,-5560874546746023,19716696936864,1986326958876,-21628997472,56255544,2581760,-14652,0,1 # cft deg8 r=0
27490977191027918502458098052,-1341126825167533167422913408,8355754087094625371060548752,395380562937311337975144062672,46083477193558022156333457324,-2943620154206233867930173840,1555787122954807283442749934808,-80464548159672073660030395672,1909151308433278941509714265,2373800843500684388519354120,-287405845399893024533538384,-1037189556900140584614696,4980048929592111700955776,-357198723641577283157736,865673993693832016104,6907563443789699042264,-51869996639014350,-1546995920642568,5749305764372337568,3576618451630488,963411935076,4742481656,1285824,0,1 # cft deg8 r=0
939232962065823401,-2118163009956466176,-4846520285440194468,5333608194372730624,11429285356795939980,4713033043476432576,4180728849250161204,7467395417814841344,1240049294059072803,-1768015743250724352,1320464169645521688,-184831934116912896,192754729218453656,-28866510021174144,2047906612211784,-89186215376896,6074452059387,-191386939392,5574926716,-255011328,3644748,-109120,3156,0,1 # cft deg8 r=0
1109048254504960000,0,56198065411871539200,0,2936622817027692638208,0,38382007340618201249792,0,335334825625027005504,0,184414949380116314112,0,123740988077087850176,0,753493666307203008,0,468649534343128320,0,70741774318455328,0,3513088440,0,118536,0,1 # cft deg8 r=0
572322306796571084533855712779664,-302676263854848623003520403322880,118976391200802125551533642763968,-33773859843177139151689717018880,8325385977464794050771331285152,-1554551475151922675181598459776,273858116255190862040505181568,-38673525083989130057991150720,4763253473593105468691755368,-569897389058768029827702848,48915876266844473855589312,-4844591669930175922168128,370130218220856130809880,-19082432949768192036960,2052451495263778181424,-25633132640424576480,5849390136196008465,-665548869520560,5845680156797796,-566086303008,13021164,152918192,-8388,0,1 # cft deg8 r=0
6254065295459294646324590640248,1093286683960373679153567117792,126592113736391064112021136400,339627530358511599453476286256,3378030134287231594940397516,-1084494799498684677052737024,30721543279642461351174526196,-2550267665677570880271533760,553417610536416760652525481,257718531278864506514073016,-89695100358749286545634228,-1743946484164987677978168,3456759878748479329166152,69690336923979735773568,1354453664897484463212,-95404194581716725504,-2193311200031191998,-11179330637970312,963444483513228,6316760358264,12136560444,-60585280,-171192,0,1 # cft deg8 r=0
167031912933430617341994237002752,-37669740484846269823265238712320,90931514059772216372054446368768,-17160989378653002643158232006656,15629270952949563034746792946176,-2834546810015279354120188698624,937199512421307932259298712576,-140184620566881835370970187776,7932270725348160724840421376,775555658516759555995073536,-23011726465366899970829376,-1500752207190097242813696,328712040521765535889552,-18537735128557632121728,246604154130753918768,83272448402483648,82576917696682329,-767638223864688,616207420132,-113365304448,602727012,-2972464,53052,0,1 # cft deg8 r=0
1515537662196624744054784,0,3859863206400172614500352,0,-1966378262403808586640384,0,411147772960492187953344,0,3992473904521229024381793,0,-1532022408656640267990480,0,146777420627742926012292,0,2006959870170589661712,0,47519041316577548262,0,252031191757049232,0,1088179277508,0,2086128,0,1 # cft deg8 r=0
3433678558651237390857184275564152,-1410860387881023619888079887890336,1641073073713710805031754839850288,-2130755237844908290525396719591184,-405337125839653195722493622366004,7881608654852604661008284515920,442225975593710733674787282891084,-12866976491972899565549893194504,1194954966346082210342291152809,-54608998091151831275352970144,2475473241364122561114489300,-48449463261642373612453056,6809682809754432807947336,-191106725843497777377432,10831640534518254387156,-369467730691759048104,16600815739483653570,13904854444832832,10651515819186004,8952523375056,12136560444,-53873672,171192,0,1 # cft deg8 r=0
6283751634637599432607677818777,3790516398494642514758404529856,719596516216379771912415133620,-439534302362071617713568888288,-174486864104209859081916980916,-8355284190559307771753200800,15241425490114938040865569660,2516833122620832003566221248,-73875057785510260058768925,-186726534345262819071026368,-9934523096136432375282936,135275828103783354953856,917135125770596363094872,-9825242459004438483072,-48869920342936637544,11066919299407973056,-201324424181301,-537380111486592,28515005196564,275405639520,619339212,-11288288,-47268,0,1 # cft deg8 r=0
36759435866304774840204130511112254,-25103760214172790776777731569106632,49089634519870776507645394072825020,1736818900528662979440158358876064,4830841809222045055883778225501006,-1062322991509174642041510425155056,279545685304255926434985744555156,-11509018790558073495806810040456,9131568164008006826129380060833,-251210234668678971299309310616,172682211326158521253667268,-1959771287097777048920694576,74230223447167943389545542,-282855791434940004946128,147852482272068276766548,-10818604709488468483448,34899509177261336652,2081467061027136,773952291114865480,42470969418960,614343384,753341088,30768,0,1 # cft deg8 r=0
71381408099793499988490500651018033726,32918615850292853706132579872478235080,12868385903856800079260484278567097612,-30121652036653754250328983694368208800,-14333110350664583825497135841329204698,60673681349723442652925213843605296,4697808345484075738836254062265268788,-11155074837145035169521147128750016,6475838354514305946332426746809,-3987563103798835145731815528778776,19280133562214044519668932875596,42777753514025175443091505464,1969741486199427536284541744006,3031310284244033764406508096,700822873830525332177412,-25473928001775223296422272,-17156717436457822366620,8170671078343526544,84603482095259996336,-30844036993856856,4887542074032,-15709817200,1364544,0,1 # cft deg8 r=0
70836141651712172189033233368064,-529284973312364718706951675011072,1642681811362594755761791203760128,17380805909789068984662520620744704,-14291756789137638636197186964899328,-49081402657585109358045427802112,2042686388505022911940485219951565312,6761219650807268422957342951492608,82711580860348686682347761289792,-3018622815911355122210382201899008,47203364031174696790053123741696,-73375087452416499756925801728,6684081994814507241304866872256,-15434124379753906917719386752,-43212388970116674946085184,1004062497776075064834560,2115018828957905526864,-2902462556814358848,65607098170681152,-71223542577120,305625288096,-77460080,446352,0,1 # cft deg8 r=0
398250567447570741095449119428,-3172457520583977537308267828256,6744574728128740768473425645232,23532483698283230663497498937104,-53926031259582938043720739794996,-143255331322358176600985765952,1261349235490170381993714637522696,3429443461498115594907831762120,90437111937861584816410139385,523422340146253918151819910344,-7159166892494518050993127440,-22071980277008822083348728,279106684096449148073796192,942064431049872706555560,538714009872646055352,-2771657787432103402632,484194254997012306,-2809028438176104,932618137726567168,74798440816296,963411935076,1408395096,-1285824,0,1 # cft deg8 r=0
2716545846748620696141751204,861982532266029719162664864,128285012693123983394407584,130101462051142696689383840,77080230702311015351553576,7640788757426284796660352,-120683914435974790745856,201438531642490980440736,55278247134079656965796,-24390110198017752518000,5037782462086377580392,-89977126546241863536,108931471938037362036,-2767732622670037584,-117143084004958320,47356931928003712,1558648077439161,15077214142752,4906354401420,140747909088,1017351648,4403072,63756,0,1 # cft deg8 r=0
11088216293766951736350976,0,2620092770491939991550720,0,1776801280283443704451392,0,622387238229872808721424,0,55242828455952381170193,0,1939535069093661860040,0,27637434146191081688,0,103535239350727800,0,-150729746921790,0,-237843922712,0,305138520,0,-33528,0,1 # cft deg8 r=0
18110540982731674009569360466343936,1119715109497068230878317621116928,1246835442074652966671944409659392,1013347202074243238326594439675904,-236957033276010694737592655946240,24574655236739989071092772142080,26881236417112617163140013378560,-3157555065748361598743442809856,235105903443843765772362653760,7693489329916357072636779776,2087604498258740376793931904,3075286091193277916131584,12301229842525754599398400,39019327283273704857600,14744806304264674560,312784528651645881600,233693766367937280,-14741480834784,2515518549280464,-198526427616,42817320,-96700736,7080,0,1 # cft deg8 r=0
30835142441413170416786747881472,-60708112886115413296846838611968,337785605714065957414013144881152,58975332601410248241614491451392,277255480014648076959030372880896,-8014275367295515712379966864384,135056409201495015166357103647232,-3936829867014745454770883925504,-14749856750193750375970659264,-76113319416340880096752241408,3460678197272836478953904256,-23905958521187353420539648,9761647568041507772371456,-603548821001363694751488,10721089265768599288896,105666651315238438848,-4745865485973222144,-748686689196768,678868048971120,311814253056,13415832,-43195552,-6600,0,1 # cft deg8 r=0
154973536415846576601092522453984,4772007122110337492514757172736,245167147386214435625896379520,359561755238987716662912580800,108953810266542968189948200464,9674258800331274656751375552,5987198449872453055750760912,-203334707088284204562667584,32813131645700655764940612,21154579934252679127555968,2101587772182408705412512,90166840025032956479760,103534343314138725296016,-764631104748106242336,1386560780058286342296,48425177160152450672,14475161534336371488,-296614871636832,79562951531334200,-1582169130456,20167812,558569824,-4752,0,1 # cft deg8 r=0
55457767222830680511377414815744,0,868550261312552795353808437248,0,10715306559489621599728057095168,0,34057569396857257357035811491456,0,17941200162400649284035563745,0,4795226654725960297189847568,0,522416554330686803855298180,0,70551053150717948182704,0,-1669139702946585007770,0,8847017173955272752,0,1088179277508,0,-2086128,0,1 # cft deg8 r=0
14224367048336583083119751420968960000,0,4239389832841373961925815079167590400,0,1680000337036238262060439751897382912,0,170015269497400166348041129079341056,0,399901173528059774288389454893056,0,-2709327732940498308197738913792,0,4510775536756644119332589568,0,712724874412281251503104,0,32025591441391378560,0,360009964444032,0,1565946432,0,85104,0,1 # cft deg8 r=0
2489998524220480586904460139774,-50393781191168742888913270033752,319578707244058103690964125500212,540902352788584254466240427884304,-6869230187297491471532557555809882,-156114773888768954853121453517352,36934375034928896489775320901225308,843215685501158118940006818963504,59635288399404459767295857233977,-3414266740712968473805884073160,632867706673835850811923227316,6108138203815187273764278432,2449306389867978731899162542,22742345653365321684014136,92664863692338205014876,78163165220374580256,-1867934459534332524,-10606316790667536,-83334239853384,-101455250592,385003800,-1869696,-13464,0,1 # cft deg8 r=0
28347761793350510571205409380,45250578745941368473626913920,37063342414811513495947416480,3564422677443188811250775520,794265299891667846553499076,27593236918704925744879536,6491218155289750819456240,920835551569973711366448,168724078671526649293617,-16255909578450622954104,802866892296489876864,98362116391171669056,15072671989493366280,3209965358344493976,-265940665178957856,-26600181756595920,1405552822373178,3969787762584,29286011319904,105085036800,1523425572,9763992,-14928,0,1 # cft deg8 r=0
36119106379138350245777848358080,73901394070514329189684648565760,39276369232548206477245918721280,3534525448679965196517569296640,3585459427220350683668234215296,76482307843592856275257777152,900557310166743347120833133888,23860020871438608472921192320,844404093979312865955888384,-716056435343312389607273152,-11730435054534069221990400,835706121961293826483968,321395857884513222949504,17802599340846467333376,486844693465689287424,4241887431439627936,-10985429482994304,-122723620383744,40414632257336,20461241712,38897208,-10117736,-8424,0,1 # cft deg8 r=0
404815249023020785919680,105828371432917632368640,17759866812953458809600,-107900307703229808257280,94004693257140599494656,45842766501732199140096,171245132740188181353280,56780496870997291440768,2162323638566096234112,-5018322056592735543744,-629479856093621492736,75537738215336503296,29782049994057451200,-2505700151339566464,50342987849576544,-2976093239525280,128378775306528,224396145504,80918500024,57432240,-2281248,-150408,-1248,0,1 # cft deg8 r=0
36328915109485683062500,77082961480605075000000,93367151442170328375000,34950867775138343750000,6740334457301635706250,1226110944106023750000,233003842316159937500,23833915487064000000,3298021697282090625,411212965768250000,36334065918300000,5951380372650000,457657321742500,95433902100000,11404486890000,414261280000,150644324250,-473490000,608201000,-10488000,3330,-50000,180,0,1 # cft deg8 r=0
1392312336172590012480,-13801743748177120350720,166548921223188011028480,41926085208319302662400,-1403406667543759658360064,134566306977224654396928,2953994506711430522231808,-284822621486034624460800,10394587126168646511744,1484040025802899297152,-126763873668546566400,3082939615416575232,2519666600940473904,-236718063040003776,8419478759656704,340692345130464,-33849274024224,858405968064,14690621376,-1039588992,13261968,-305424,7776,0,1 # cft deg8 r=0
436729206275829619752960000,0,230888735672128738689024000,0,-1058988068418938030150123520,0,1304878067734461968457400320,0,59783847524909894009327616,0,1574098116672140257075200,0,10686736521497613643776,0,3759909125561441280,0,-4796243556753024,0,1404653731200,0,-1329984,0,-2160,0,1 # cft deg8 r=0
1347090770432114969582714766566400,0,116728167212670868836585482304000,0,661727311414413365780791238432160,0,1013528647832045783536786319002800,0,6405140132431759905844793801481,0,40601497609135677967947667800,0,66472092018153103963745736,0,15176309840515448454240,0,47142746394446937366,0,52051594700933640,0,876392136,0,58320,0,1 # cft deg8 r=0
196695885870390625000000000000,361083730918875000000000000000,239199541492950000000000000000,114897660115276250000000000000,53727325222943250000000000000,8993028627281250000000000000,-3881624327463400000000000000,-7141529417403285000000000000,-1414236276035887500000000000,-974098691204373250000000000,1079221428357600000000000,-5297140258020000000000,76638948356239986250000000,-85279405884669000000000,443248185798000000000,-19994131862990000000,272721823110000000,-19886850000000,47924369600000,9748920000,-17460000,2278000,0,0,1 # cft deg8 r=0
2193442118823457277818202756016,18508482403618320976298343962688,39578429493854293099672933325712,20669205819725476226043174938592,78238736109820594273358550177468,4509733565314482187554554535936,54828408204377897367644505339804,3192532779064069001609802609120,91334631071179804598261134785,17033561966086505287717279464,-480071299542814448979255972,2149552163621223076733424,4576469303548410953645736,-43645695221779733847384,171322153236706874724,-54697952634120913248,368142832651864734,-87789680553672,270726550955028,-2426546351376,5439850524,18413496,-69120,0,1 # cft deg8 r=0
1413799202031753690000000000,0,2196692228400658794000000000,0,4711913037354574644435000000,0,2531511251502135715687500000,0,2947895434913644046570625,0,-36039983248058499756000,0,146780409793010392980,0,189064327240812960,0,-545506214595354,0,549093716064,0,40843476,0,13824,0,1 # cft deg8 r=0
41210023572763901533551748900,7260419174560482696687171600,5943566757217307030961742800,1133455809887293604905984400,-90222054461461274969658090,166987155536847727330560120,53201028250681581326560940,48243199569804055855897200,550368780967848164469471,-1592483243954878547700160,2758479071480103719106120,-508280195657120706024840,263658878299528162302286,-53039871652656066687240,11129902348441934948580,-43790435721195678080,-12912619524692606244,4620681165545280,15968201877139040,-5716536395640,586762236,-141050240,40440,0,1 # cft deg8 r=0
267168213319388701750374400,370771933463607194264371200,4277577103820839983213527040,2785780194687992188734586880,61116390111141061069751402496,3394483509131660991686713344,218378485465010331781040312320,12119151807107950268711227392,382816249049763425418319872,-83704817415063001251951616,-5341405732024947841913856,-177541644492788582301696,6176854545168782990080,601955815605191076864,21800965833794133504,489165941912084480,2971470998210688,-71347850573184,-361201821536,-4358484480,-123876288,693968,7152,0,1 # cft deg8 r=0
300695448540420105679595686698180,-39024482143352004467005438152000,7432718361555229725417256168560,2333841640333334182835663572800,-366784437463857290118348049284,-7119785553992928056841710112,6585944137144982025856014168,69234888258875639188245600,19502149130225193122059329,3855955284185885025093792,-803350833507493209747000,-20988074023536828322368,13164118949301601105584,326011484277940656384,2681281019736332784,-46256787958402656,-3067260797850534,-69215974907616,262224119016,28968306048,354876228,177696,-17064,0,1 # cft deg8 r=0
1085672471437135416643965067247680,-245783652364303198968031874641920,53997100420323245602965855333120,32436768146716810389268326599680,-8221739741123353496037687665664,1167386915881346802696218783232,296545923015715949663465153408,-65463860785008278542569091200,7375953450102632686156760064,176554522048383723645966208,-57516057418442030382722880,-1435745623119516160555392,156917945521261000069744,4441885397289458447616,92522648152335713184,-425624803096121344,-32160530189293344,2213223889536,3319368774416,-7024635888,14791608,979664,-8424,0,1 # cft deg8 r=0
91965995888892333142267963597900,3218936786298337882061944807200,356281752150368715165939937800,-255832505925946989880645103600,-10986283218270905425303231290,282612466752626616075991440,183351651337073423757006020,-7801303996053463022370000,101067657638538903018831,63159998611544699922760,-3289050236166337058328,-18135164198428934760,53121642534731963518,386931542211593040,2762453476743804,-2426076546824800,2117507347620,-31563299160,215444315384,1418879880,11587068,765200,-1128,0,1 # cft deg8 r=0
14466121496524204741057580747500,-5989946059718670630697721580000,784444543182213998969195703000,-1107204586082890846290156858400,190468925917998170470644792030,-5009330962473399885845399040,19723885808912866227678631220,2267627670135106628742632520,281909335106764570424999391,91663582683491273015224880,-7096416850823036822221992,-508382166767867466286320,205397424098213356875358,10757106487177651191000,162472005610904601756,60578691366333160,-26418267281568780,18682722450720,7797660855416,-322127520,18912708,1965880,-3192,0,1 # cft deg8 r=0
29091270756100337156699500,-519027243325461824362962000,2788862105562429523960468800,605174539725417847225192400,-3190950551932495266551337870,-384962058653547295616639760,1018179873128701912390025320,112240307663888090255353800,-20598635299615962379939089,1105868630901940757853920,606594668329676131876140,-43570541180951127990720,4135378305134944144786,-274154457632097675000,38483210660206817880,-376874441727798040,11348622524444436,217447613812800,407985974244940,5121761561760,19357579116,8666840,165720,0,1 # cft deg8 r=0
1058346444236742908284480,-473135715772412895198720,375980965758613340006400,-128693036528077750156800,294674428130791517227776,19925843955426025765632,59245074400525601882368,4188766896267623504640,523056674103267659904,64901379704001804288,21690663386191634880,1184031289659241728,163641463187596944,9876295692835776,659891029587264,24395202576576,696147342336,17655597216,437974336,29525472,751608,13824,-24,0,1 # cft deg8 r=0
3649453696104914471902069293062500,-23634896765110916418965812500000,987236232433113995485332708375000,-11060008503229614533640243750000,105270686385594739725943687706250,-1426057414370338536049578750000,5661196302870365916199867937500,-85077700365329776140754500000,162145180022202544419217940625,-2542622289691754196121500000,2355532375768344521469675000,-35853856408230836103450000,13647672380743401195622500,-200237988786499925550000,659003130619359795000,61613118238348260000,-413073138702741750,-563017975560000,61349798914000,168841944000,68993730,-16596000,-13620,0,1 # cft deg8 r=0
75641361883992818784400,1934664224706186969600,1976960019244869242640,-8908551874998993974240,2802309506454338429556,1004126022361554293232,1572443425049343031748,345220864924721796000,28501778149948521369,-2905400081095000592,-728581814859068820,-48366388651203792,2962480314984604,640089908216256,28576289432484,-1798088762944,-178101694674,854648496,312260516,-15190128,-13752,40304,-264,0,1 # cft deg8 r=0
19798088853168897549926400,0,613769554577003957452800,0,81071785215501832028160,0,4880480437478782402560,0,12915177686298464256,0,-411876560997089280,0,59790707501377536,0,418257841950720,0,-4502042446464,0,12065241600,0,-69984,0,0,0,1 # cft deg8 r=0
638336491126177639028141128900,124567744261197178395429042000,17960639942802719866262409360,-155886751485675178172445760,-161481105814334381718476154,-25215114012907752639066888,-461075031241239418965260,95043829396107701730024,16451778582163613814687,548054499452755975352,-11769808360801675944,-3462222781081762992,-172141119220228430,-3421401061204128,40859105168556,6988098078920,498799537308,23743532808,1863633856,33189600,3057192,24824,2568,0,1 # cft deg8 r=0
301670353003644156220035849163789636,62959285591624448821497893817611616,56244438180230996891022224633516088,11499760525208702137725175839097936,3439373624495720806728558300426858,644871495103174785289217235495552,68090542790400777456750327948316,8224122211902858278732806800720,194111465583983962955778388305,-176357751589407139300269469232,14886779219156946654782602512,-598050097114153424433957648,130981005268858802389015696,-8162521032143169596161968,147147866838435674242296,-6084074321657594333264,201496737839446871874,-390228027912980784,71709900544025752,-145966101411648,74477405214,-534765008,543180,0,1 # cft deg8 r=0
3390635106817637080289147500,1655929693417654996425420000,454864922038118113655463000,129615538020986612331029600,31607586501669523361416830,9682938137566642811220720,295086639482213248306100,-135561331997198415044280,55285132774454680920831,-11484347202072985670320,-2297683865872709947752,90186630849729160560,47153779670951209918,-2014796725169198280,83988447284826396,990387024639400,-43823470669740,504826439040,41286157496,-1628024640,18912708,-82520,-3192,0,1 # cft deg8 r=0
3571342830795242850354880,-2120619851987769433674240,6006865346307453521491200,-13609538736835807951208960,-27252095157416580915800064,41574879180880111050363648,32946653685097003753005760,-53285677441971417661083264,15607466724743480919699072,-2940175050411655986763712,2132245992017713509037056,61915892995065719423232,69083157516223962001600,1877261357526902265408,13492955200802018976,-2154769899710922560,-31354961990445792,-3185236800288,17565933992776,-694446000,-2281248,1579576,1248,0,1 # cft deg8 r=0
466472410179900772813320609933376,-588727592512034803127101873520640,224920885183376640866974574976384,29011240635040639663426494074880,-40227916773534727103816100775968,9121915511533492345178632581120,1911117795072850005681449587648,-1034818347208377530912028733440,107278192076077440862422396768,15707059659359385551078584320,-3514428078786402017212946592,105828019196617874439313920,36884111960814549173322648,-1300787182942927551083520,11735954731369226755728,-91713710398020814080,1340581627180634328,1925040541685760,34666367302888,368628462720,69688062,13800960,22884,0,1 # cft deg8 r=0
6468737371669400129304952350400,-2141239781113189947189818304000,1540631058186962901521349043200,-247961832417271144800618387200,202492632068527676218361717760,52314349264838013744099820800,-14968059987691678336418184640,17686396760788652808411538560,879524092598933174244158016,6762673271800865785750720,382554848430851047552223040,4806211747454947017469440,42615135466399048499263936,535554547641872996091840,2689300213445651041440,53273431093746920480,-328076998860316464,-514553778378720,118619239587800,94244308080,34141536,-20711800,-4320,0,1 # cft deg8 r=0
17411404412753777416762399420480,-8708033689702425494152194255360,1179489005118709137507914254080,311334501315804621448833505280,-26864887273403118184369497984,730068660294589333509884928,18539676892789305841863250048,129285466814728748942680320,84143362434101433876849984,-7467584495224208642403328,321226027301497106474880,-20559901363484574912768,2240343210683433114544,-86574789932547596736,4632239759337761184,-284968048025343616,18228813657818256,-64583392550976,23606012244496,-87499282272,82991808,-974464,3936,0,1 # cft deg8 r=0
12007075741727069095885586257174732480,-782245737302802862145947996194608640,35345479745489915748044103778275840,60029351739317039675102421918158080,-658636098764563527789308694240384,56481026202713796207627607932672,102903243436082743608994861314368,494326951463523497992278301440,103020470520333555674200189824,4320930148980730500634076608,24354582802950110847329280,3155839045937645562523008,603157785759454338895744,4280543539402186397376,574749863211101325984,6874400222213499296,100010061738416736,-348348528703584,27401684564696,-82687870848,78697368,-8796376,4536,0,1 # cft deg8 r=0
1740118265422010220736101958917696,7801532431316448169842567581787648,13956342888204699445237700114422272,12480849427833729663951345216717312,5868963819048984398245535501029248,1708896031777110273196677502680576,425303645345613226576429237609344,-91346079663945292310513972991360,2708153872434913002383908693440,-9446931669954237261581821303296,-17534858818744301197870216766592,4291710400981938690915790464,976299475788218742631253585136,-241572588126755309104832064,650835456640775965145664,129047975722295196109632,-13215931951949857296,18778404350164608,6209233915486608,157930100784,120044304,129541536,8640,0,1 # cft deg8 r=0
5889561867690175641759567933580,6822783627960406395240973926960,3379997238104529172392557195880,-23998484571652946932571939680,-284454319202826540412933405584,-39222012512382868611321647544,6873554907082804283438196260,2614113187203089674109912688,128208286802199815695285497,-74186424780266573519995024,-6815322180113015225121756,12260337272897181124896,188543997534403549676800,-372897399825412323984,8529306737836895604,-4550165151986701520,81731224249361658,-9408737454336,175005128222564,-15792816480,7030512,11916712,3672,0,1 # cft deg8 r=0
1804083533723685309999153471180,-232992895121811838472217834960,2561966975967926603330053866960,-394208739501890990349720800160,1283811615194527676728487272266,-169121946944377283964501798432,278152841399851979313961693608,-35889181896029614613852983200,29935423479416582636856953199,-2720421638803243700828126568,1735468016441701008240710460,-13123254732931236718692648,42634613271389671085687874,-328687217210669479819776,854535675656092790664,-179595119047833793296,738502334071877556,-90261884235096,194888630277036,-39374416872,83299428,-7325424,15336,0,1 # cft deg8 r=0
298017524277359406637425359500,-111310228734454008489220722000,27318320757566547019910335800,-2468461191937030911705928400,-214194591383181210790519920,9268010848349369675566200,13401988892818334471570060,-4171540142942941384811160,553793357848789430842761,-30067527068537916515720,1405138553337824689500,-10293156731267978040,35142493833680654896,-3023592783629135640,197214925638329100,-4099812368863240,-161922384361494,850286480760,268056009980,-1236127320,5747616,162560,-3720,0,1 # cft deg8 r=0
10479043009866933062500,5140105490507550000000,2139523202667828375000,-698272786758593750000,24581361319135706250,36238557358451250000,-3282701967840062500,26112063636000000,893087289032090625,-154771815778250000,15699048618300000,4145681269350000,-339736378257500,105289794900000,3100366890000,-464524480000,138764324250,-547110000,608201000,6168000,3330,50000,180,0,1 # cft deg8 r=0
2910827000114858809887268536580,-1015429900090183354034807221680,411810895591357753310783963760,368418597570473284929814016000,-13400686105234906494257392194,-4693975532463402653262820488,8148884279697586732662375140,1004502054926087899410248784,45916048164931078541800527,-735398723263186731577288,-145342380839721429347544,-335291064316562423592,162469054905002504950,2829768099403172832,135047104881276636,-3004748491618880,-257680943607492,-856045851192,268867222496,1051330200,4981212,-326696,-3672,0,1 # cft deg8 r=0
40706540439106797077299298889280,35645768527604723586304671544320,3593247073709363360732788485120,-908862098316899784839387083520,-168647211469711972685950343424,-206757724323008574909878807808,204302417507627200879808172800,-33180753062187025510877669376,5994406581255924068598544512,-2516863825865245267482601088,506398285917034142597006016,-563040679474963742291712,48085917021895417232664880,-53752425241006191748608,37364090219579039616,122646300988721619680,104829548377462848,-511853732196192,631104972794816,-1238679792480,950269032,48212144,-38232,0,1 # cft deg8 r=0
1733994418243009858973729185503280,2363135138340496210105425754353600,836529281736081822728813690894160,9706783500127365960316630893444800,6725516531102320393715026085274156,58697040314559726822356050937328,13629325878133359578091033770368388,118443142280089924844103934470360,1259547754990075477280719457409,-489365896636387861095214928128,576251144917327515091897740,9176559388778462272626312,8778143165365989690910264,39961366015210489678944,212447051468948509524,19011277387320527944,338664573179333406,1826868985435584,82761024343076,597320162328,1201224348,17605936,63336,0,1 # cft deg8 r=0
7135376344266078062500,4687199728636762500000,944537081359525875000,-1319387875983781250000,362043049152612206250,-75223891973632500000,13734094580461437500,-1433110065741000000,325717451011040625,-31635603135500000,3689830112550000,1919671005150000,-191264893947500,36493061850000,232026030000,-437727520000,86527262250,-939240000,609155000,-1788000,14130,50000,180,0,1 # cft deg8 r=0
12273699151135695807793962833580,826902639675601659242127187920,101167413940582408414908485280,9638679424444761292847172000,731994992694440326384091586,54045806370750419459627952,2561743731718549726231680,140070105955709729487504,8723810025102990080367,7999740968238759312,-11039525425588454604,-2108378238774002712,-146816517785421150,-11337536936889288,-770063893412184,-21943595757600,529092284148,36449226288,1563456276,127140840,15591852,91944,-2592,0,1 # cft deg8 r=0
149772023933744745881774500,-279248674630811187284196000,216951490546774140364335000,-73493060021661857077942000,7358932235909221137273450,1244029247634016090148400,-272447316912303370196900,130494780506569637214000,93303793143931389690465,-16193076226771858012720,9891683359236422231640,-1155309043996623778560,206704360427118343636,-21009053457852575808,584387254761951384,20765493207654032,-1035812413264518,-4200937655472,444995966704,-908194704,-5320206,1300304,1452,0,1 # cft deg8 r=0
-1323,0,11907,0,-18144,0,14931,0,-243,0,-15984,0,20286,0,-13608,0,5670,0,-1512,0,252,0,-24,0,1 # cft deg8 r=6
-5605763,-10047408,-16906680,-25783072,14735334,1320624,35628040,59889024,28608903,-9761248,-19562160,-16187328,-5470556,-962976,-157680,99200,27675,-9072,-3992,480,342,-16,-24,0,1 # cft deg8 r=6
295936,3459840,41156928,-395336832,-1588788480,-8519472,258863994976,992659397292,924018902181,12780306651636,4460813714376,-6074143764984,-1597188533754,-497152685376,-59013641502,-150869526012,-24049942857,-1451489760,54688186,10489884,238563,-19464,-1290,0,1 # cft deg8 r=6
151,-390,-810,4216,11847,16884,22375,18108,5643,3874,7440,5265,2602,2055,927,34,279,513,241,-3,0,40,30,9,1 # cft deg8 r=0
2115049,1724988,-3899592,-3298200,3388584,3046308,-1895180,-1940472,751299,1027828,-225972,-478368,73726,182688,-34476,-51520,14220,9552,-3692,-984,534,36,-36,0,1 # cft deg8 r=0
613,0,0,-8136,0,0,32458,0,0,-6336,0,0,3435,0,0,-360,0,0,22,0,0,0,0,0,1 # cft deg8 r=0
613,0,0,-2780,0,0,27838,0,0,29608,0,0,12283,0,0,2752,0,0,370,0,0,28,0,0,1 # cft deg8 r=0
9929,-118704,183114,923730,2708259,4657788,14699677,29496270,35986635,26676712,17060592,10152468,6912997,3908142,2984085,1017904,657969,128520,57588,8568,675,-418,-60,0,1 # cft deg8 r=0
15790005584896,15064700642304,-17425935224064,431430624656896,538449306733968,-600084197230608,4073709283480516,11640640557848328,6653599850978505,-3201532823613252,-3105892308112470,259351165684980,380568031230641,-32148832845660,983135774142,184572463776,-10213809084,168428844,119408014,-3024540,26721,12132,6,0,1 # cft deg8 r=0
1069422254178304,-2042083017621504,1546266471579648,-1065313715122176,901476093652992,-430333641474048,124355095666176,-105466118694912,60272095742208,-4940178387008,-2103863056320,-557359913088,-67465107036,106000181280,15868739880,-1547225360,-1640890476,-216256176,44638896,8044872,346248,9912,1080,0,1 # cft deg8 r=0
81,0,0,729,0,0,4320,0,0,-6561,0,0,3969,0,0,-1377,0,0,282,0,0,-27,0,0,1 # cft deg8 r=0
27,0,0,-324,0,0,1468,0,0,-3084,0,0,3048,0,0,-1136,0,0,96,0,0,12,0,0,1 # cft deg8 r=0
1083,-684,-3168,2958,9141,-546,-10466,-864,18135,22434,11970,3096,3450,8592,11658,9232,4320,1170,306,270,261,162,60,12,1 # cft deg8 r=0
3,0,0,-18,0,0,28,0,0,6,0,0,60,0,0,-74,0,0,108,0,0,-6,0,0,1 # cft deg8 r=0
13357,0,0,-3398,0,0,1741,0,0,-1552,0,0,125,0,0,-76,0,0,31,0,0,4,0,0,1 # cft deg8 r=0
1,0,0,-5,0,0,22,0,0,-85,0,0,269,0,0,-445,0,0,328,0,0,-5,0,0,1 # cft deg8 r=0
2109,1818,9513,5856,16323,13647,28081,16335,16056,5559,23004,23985,14943,2760,1929,1654,567,495,360,99,63,27,6,3,1 # cft deg8 r=0
18481,5862,-61257,-61556,61161,94278,52537,-59463,-76041,-13543,22839,35004,23426,795,1482,797,1395,963,358,102,60,31,6,3,1 # cft deg8 r=0
676,0,0,3276,0,0,697,0,0,-10746,0,0,26043,0,0,4752,0,0,643,0,0,-18,0,0,1 # cft deg8 r=0
2321152,-24960000,98540736,-160393472,108971664,-21447360,-909916,-3920112,459360,1855528,579516,-688368,-54836,42504,16056,9548,12888,3384,1292,552,84,44,12,0,1 # cft deg8 r=0
6076,0,0,-6320,0,0,-4876,0,0,7228,0,0,22570,0,0,-10630,0,0,1847,0,0,-79,0,0,1 # cft deg8 r=0
1176559133510800148,597872959514092848,2927808229636323648,-279586452647885392,1243062588328441704,166647579499520208,48077015417185732,41127616682837568,-1112314923266247,1681682200381644,597631628030958,27791098043580,51803330681988,2882701068732,240241342446,60019435644,1092576969,118923228,10687526,-203532,82656,-1864,-540,0,1 # cft deg8 r=0
28799681384327684,5858332695284112,30342679434358200,25196709938081160,17277673861926480,6495059119174632,2705442101174672,788457876283836,193299651932193,43045592840884,3299936821866,641958645708,156944413332,-37009675380,18102289482,2745346444,128980701,10635948,10802686,-161496,44964,-1320,-408,0,1 # cft deg8 r=0
15376,0,118944,0,874392,0,1242472,0,874881,0,417168,0,155508,0,44928,0,9846,0,1744,0,252,0,24,0,1 # cft deg8 r=0
71344,0,0,37664,0,0,37936,0,0,21296,0,0,17980,0,0,-376,0,0,2116,0,0,80,0,0,1 # cft deg8 r=0
71344,0,0,141664,0,0,120208,0,0,59792,0,0,19628,0,0,3560,0,0,364,0,0,-32,0,0,1 # cft deg8 r=0
31213,0,0,732452,0,0,4142002,0,0,-2655716,0,0,736919,0,0,-114188,0,0,9670,0,0,-184,0,0,1 # cft deg8 r=0
3,0,0,144,0,0,2332,0,0,-1056,0,0,2652,0,0,-56,0,0,1224,0,0,48,0,0,1 # cft deg8 r=0
532,0,0,11144,0,0,55748,0,0,-48844,0,0,111076,0,0,-32552,0,0,3188,0,0,-74,0,0,1 # cft deg8 r=0
676,0,0,0,0,0,6412,0,0,0,0,0,16332,0,0,0,0,0,256,0,0,0,0,0,1 # cft deg8 r=0
29452204738521,35950545927900,39026399890902,22484920668146,11819281082067,3725335356678,1013777744444,95099202624,-5323614282,-14556265200,-5179135230,-1534850346,91387455,351244818,203429700,67889584,14569206,1766472,2318,-46110,-9165,-770,24,12,1 # cft deg8 r=0
3593810919424,-17400063590400,133956618190848,-124123901345792,1819899959500800,577979197489152,8468126999533568,2177035074299904,10899640645834752,-2528770791828480,2431028977638912,12518270097408,817827804547968,49336757078016,31075174289664,1296900080896,-136170452736,-9257910336,60454880,28485216,430560,-27284,-432,0,1 # cft deg8 r=0
718873635888464,-4293052309997472,8414572388729472,-16863760425173792,-4008836398921152,8529283010373408,885594991033674992,-648457752973344432,115374050222137776,20993653677564816,-9575589082169112,-614101560233616,573562455281332,45574358038656,5010638127912,-654095273080,-45333423264,-786287592,203903492,-3412164,136764,10490,882,0,1 # cft deg8 r=0
877395244,1419094368,-10022991984,29334931140,124442706096,196978262112,1649723361488,1296000305880,6567913384056,2429218128160,11359715736132,3497806282248,12028137990794,3680892373188,619339528224,79811447980,5643231936,487103508,51315402,39708,234432,-4562,-1020,0,1 # cft deg8 r=0
310764524,2032194456,8911393416,-2970231876,3590876904,28634467824,11261513760,-3932372244,12979681092,13696478592,1616745984,-2549777580,-809123090,270262728,176348412,12031652,-5503098,284886,272072,-11442,1476,880,-36,0,1 # cft deg8 r=0
324073422369,1152508479183,195522309837,10743340129864,15546527831031,-29878331325291,137155889788312,-160873753455177,100678817279142,-40166684596730,8590187432307,111781374903,86752388522,-512464495617,120583593630,8698439468,1059409488,9570843,59990460,1906428,97137,-6526,393,0,1 # cft deg8 r=0
4595862693981671951834207899965663805,-280757258075272908462142317665286378,24328180718322473164397941408053123,1936967885609292676227783838932781,-138433635081041294349663863709744,13781655589734909045760491842652,43985156896930591994311850082,-11015624118028328123033407989,2091131536524979895149125564,-48504853391457570116048274,2141590237748702211903924,-1338489666190371250431,638153137024909565796,8001409083139858557,16492918566943143,2248976634823315,110385044708451,112892709024,119122315986,438093747,300375,677046,549,0,1 # cft deg8 r=0
389869772580284964551920557,38962097005305035001917529,2030670934238015183196090099,-818638816306380036690852200,1273010643396459313498074003,338039253891357998941115829,-195011477468666032332086531,135391786354357918263895854,-46705000699031119419710880,68041670104251201893985970,33888974940275885922994974,1720530438405727344772527,10162201699382027592737782,538131836370398939660082,16401380385051206596350,146960126678516098264,254476498330265808,865666835049789,967229691152046,-356695718223,1057359852,48046006,-49305,0,1 # cft deg8 r=0
72792711278794488379920338231527302,-65766039649206580060144902881429841,106230959836969252091132610324161109,-37810504506803154373409260000022125,33153494352996042961112033709278007,1229761935801045226311870654543708,10041764333091538979531892545539367,-3778846742063047590568050316573674,6771467198437862200448675240294163,-2375343853953446154719466948235298,2157498856437462529656908420979741,-3040723623046726458853623515502,369978817053612028169549983521669,-521684693776477486643296092858,893400179419682570165784849,-159146396731843623541491518,-106400704698972704027808,346639506049598611482,56017816087538683792,-75433937729244120,28950117171246,11546915372,-10175028,0,1 # cft deg8 r=0
18775038508991061023926590771623191,-5982260376991667293172203196121156,3452170952091324929307008019118110,-91090611412515842776794492088822001,200783575248845240703493855245147834,136142622466441942397299825571870328,498582079522582210904301630599128746,572057805548991039709579584285473322,1038726576887429634671134442685332043,-416022590076334031265457921128127402,-200194943994323260788538188606439233,-306190053438486739956278066758446,140858020419988942393476830715372658,215475578967440139400975539453207,314256369996402562820118100716,2308510099387564332617160908,3293740706688863675499909,-214172915010402596877,12606717319930570478,-123866012212830,110109114648,3437901416,405693,0,1 # cft deg8 r=0
133079296,531025152,1161925632,1313007808,1028985216,-3861393984,622577456,-218227392,99645120,158394676,117359376,40358160,7589669,1331838,-720792,-395432,-299859,-83034,8944,5058,558,246,60,0,1 # cft deg8 r=0
974656039,-28123515,22088648736,25148240736,126232063851,95326143948,186884477638,77219288265,11496335724,-70499513887,-70093788900,20036399265,24344967994,-6000677745,-287747478,167739020,21979305,-5740245,-226108,34911,8496,250,-162,0,1 # cft deg8 r=0
159066103,-130533648,1234170252,-209887072,929142786,-648524304,538152076,-257761392,269064639,7781264,55047096,9274608,-7204976,-2274336,-1355400,139156,355020,2844,-32404,-504,1728,12,-60,0,1 # cft deg8 r=0
37468493919,465177999384,2245523655141,4864911699310,6071137107252,6832866913128,6729399691663,6498728110884,6137425502991,1500597294368,1896666826443,171689148882,656556483084,52821860334,12307162482,4846361786,302701272,11601864,7801176,511908,10485,3950,168,0,1 # cft deg8 r=0
