# IGP24 class field sweep: deg4.
211247,-505870,1464809,-2736870,3152972,-3604859,3771756,-1972236,1328072,-771539,227393,-178108,113939,-52982,5775,20208,-8980,-945,2235,-893,-54,124,-15,-5,1 # cft deg4 r=0
278566225,-593474875,645651156,-553029340,323937680,-32033329,-79472233,8724051,41071923,-13184845,-9054752,2665797,2239846,-392543,-414317,19465,59220,2862,-5707,-896,426,85,-20,-5,1 # cft deg4 r=0
5822329,5558854,19121013,4986758,10975770,-2516816,2040265,-1397478,389623,-75361,467521,-198830,205383,-121449,103181,-63179,40082,-19663,8962,-2957,892,-200,43,-7,1 # cft deg4 r=0
33448547,-41999110,69071388,-20215980,-22631674,18103852,-10103832,9673876,-4654613,1556162,3249761,-3980722,957079,625048,-473351,12574,70435,2030,-9201,-1402,1034,84,-51,-2,1 # cft deg4 r=0
20457845117,-89573233183,196536114191,-285449976994,301733923876,-239838644274,142454743714,-59420276088,13505291479,1683658077,-2808958270,1121705006,-163332152,-56316633,36634928,-6176351,-1317382,684698,-39571,-25658,3984,409,-105,-2,1 # cft deg4 r=0
14865563,-50555122,98354238,-120034147,116944870,-87509705,67286777,-40514140,24033014,-12926728,6744107,-2888687,1420772,-529170,211807,-71557,30082,-3027,4948,809,653,150,48,7,1 # cft deg4 r=0
257869,-1885522,7544186,-11137409,6269106,-1413490,4450713,-4051686,-245963,-502461,920112,142448,13612,-111016,-6336,3308,7925,630,1087,507,223,10,11,4,1 # cft deg4 r=0
5843989,-1099370,-4382605,-3596862,-188202,-1115566,2317255,889782,1131147,1108234,-302432,-64660,-579,-58806,38873,-40706,-31254,11880,4588,-866,239,114,-33,-4,1 # cft deg4 r=0
87420928,33468416,55236608,-60365824,-31674112,-15098368,30303616,17176704,-24912048,6453968,5820628,-4968284,18835,823432,-109871,-36886,17385,-2424,-2483,-166,329,68,-25,-4,1 # cft deg4 r=0
30159324,151638264,263085921,122790384,-105803874,-42550596,107203878,38124864,-43108416,-17211168,10026432,5728194,-769572,-1197720,-152289,174600,58482,-18486,-9833,1186,937,-34,-47,0,1 # cft deg4 r=0
9450547,7582297,-9390327,22793661,159564380,234899882,186436708,99401049,33710970,3271673,-3640570,-2032749,316305,1124941,915145,501434,217287,77493,21856,4480,600,72,26,8,1 # cft deg4 r=0
90465984,30606336,234226080,20539008,195038748,62457552,77702013,22800636,21103146,4518018,2950083,521712,644256,249780,194874,94296,55746,22068,8316,2184,543,114,34,8,1 # cft deg4 r=0
157299712,268107640,319143166,282878711,244098232,117594510,64680961,59913135,68510733,52772923,25885144,8610043,1513199,-137099,-37053,86188,50913,7743,-3851,-2240,-335,98,58,12,1 # cft deg4 r=0
522446311,2555372272,6394145731,10300184812,11647306418,9657501048,5923918434,2650773076,847292955,192942128,39892033,9909092,-1616451,-2518785,-555728,59796,56306,-6241,-2239,130,492,-23,-12,-5,1 # cft deg4 r=0
75302507,5110331,41138729,29570781,53918312,-111644852,-46911039,-5738577,46838717,-24763247,12562544,-2231383,4644017,-323540,556557,-108825,58556,-7260,6495,-728,282,-59,21,1,1 # cft deg4 r=0
106929,-185409,334962,-515565,633348,-650043,562125,-412002,369477,-180759,192327,-81480,75658,-32340,23334,-9782,6201,-2439,1359,-534,231,-71,24,-3,1 # cft deg4 r=0
2905257,-9242964,71524161,-193777770,320840745,-368584242,329482117,-242386482,150958224,-80893194,38523570,-16563564,6632835,-2583258,986700,-371612,137460,-44964,14232,-4020,954,-246,45,-6,1 # cft deg4 r=0
20568627,-15496218,-34927389,22815783,29542050,-7876845,-11073807,2311794,3648213,-676962,-1036062,214983,163413,-39078,-3546,3033,234,27,139,-11,82,11,10,3,1 # cft deg4 r=0
59584000,177560320,208056352,96961928,-13323800,-44561958,-20248997,-1044432,5680221,2633326,508498,-543050,-179875,-36416,50307,7780,-747,-2868,-191,304,40,-4,-14,0,1 # cft deg4 r=0
48887,133931,3513,-91207,119806,80009,89962,15909,-855,55770,-19329,27852,85482,-28857,-43353,16341,11325,-3693,-1330,443,138,-10,-11,-1,1 # cft deg4 r=0
1776574,-4020912,10189603,-9686145,7480615,-2040159,-167360,-267594,1348932,556125,-121929,562602,337920,-236202,-104982,47895,12792,-12048,-2705,1497,442,-66,-23,3,1 # cft deg4 r=0
32573,38426,15303,-37798,27190,90893,50083,14199,-15327,20760,30495,4443,4590,2445,-2358,-1245,921,213,131,-40,-96,38,10,-7,1 # cft deg4 r=0
323069283,-45716697,774301815,316354275,1131291603,260660214,941214825,146568069,459628335,47308385,131983777,12801830,23934382,3290293,3056155,620768,322263,69231,28057,4601,1681,191,59,5,1 # cft deg4 r=0
260696826,856972062,1379055921,1461369672,1230201915,940199157,680762427,447657777,261097986,138217860,69422889,33190367,14571570,5709899,2056527,731594,261855,89019,26460,6831,1591,333,64,9,1 # cft deg4 r=0
16803,-17262,88326,-302562,598896,-596610,667782,-899334,1044009,-698593,302071,-59224,-59660,59887,-32630,11396,-189,-1239,1522,-469,277,-37,23,-1,1 # cft deg4 r=0
100905334812,-197727398820,191154182544,-108644763636,32111888787,399287691,-5356724767,3439940162,-1240143770,-7662448,213567881,-60629893,-8116740,5419496,-324039,-10383,7105,-29035,6343,643,-95,15,-20,0,1 # cft deg4 r=0
516132,1627128,1793340,1896048,1780137,872694,1490742,525240,814734,303579,273492,182961,95299,74210,29434,18684,8717,4499,2380,868,385,84,31,3,1 # cft deg4 r=0
5819,71663,253311,-42965,33346,111181,-99807,-633614,883025,-391317,-275926,475550,11888,-389441,226657,1115,-29316,1472,3128,-236,-336,87,9,-7,1 # cft deg4 r=0
707501263,1344092792,2755858693,3643164920,4073027437,3740994303,2957379451,1954581568,1176687099,604357703,291521229,122235349,48843111,17096750,5802144,1709218,489222,121616,30817,5532,1459,148,49,1,1 # cft deg4 r=0
30887321,-96259951,120628584,-92075855,63083311,-36760451,11805792,-1191506,-402550,1411522,-1542426,713573,-213009,81809,-7041,-2942,1423,-3971,1788,-278,104,-59,9,-1,1 # cft deg4 r=0
1240940131,990947761,896615776,1722461244,1865571202,1532241603,1134821767,668061704,347918586,177977455,78646494,29025527,10501337,3649382,1091362,314562,103097,28388,5277,947,342,87,20,4,1 # cft deg4 r=0
189208,-999760,1549044,-774384,362386,4244,1003619,-677960,122438,197116,-248572,25103,32296,-32444,-4488,7112,2265,-416,-85,354,134,-42,-23,1,1 # cft deg4 r=0
484637,6922567,41085928,119522968,166491844,112026666,106962582,77861117,45125502,28876012,17820435,5689673,6000715,475415,1401328,-5032,208721,-4201,19874,-157,1221,-1,47,1,1 # cft deg4 r=0
52631,-211459,455475,-2154260,7816206,-14418160,15372574,-11437903,7807544,-5005046,1612873,619405,-475054,-307717,476279,-346464,251343,-158273,66872,-18179,3691,-677,88,-7,1 # cft deg4 r=0
2014631,-10817475,28837269,-52834533,76998033,-93254526,96490476,-87667689,70645431,-50546605,32837709,-18784239,9972340,-4601913,1997409,-747080,265797,-79680,23862,-5403,1413,-204,54,-3,1 # cft deg4 r=0
9377171,41802810,81012855,80512255,30313992,-30398061,-71252425,-82485864,-58947879,-14573614,20019858,29023974,20456011,8739318,1613025,-561667,-458076,-96825,14072,9987,921,-311,-60,3,1 # cft deg4 r=0
5532553,777062,-1885117,-1138190,6713447,6733782,-4701755,-5662488,6178918,2095510,-3439596,-96468,974516,-80702,-172322,9920,26416,1098,-3957,-358,451,38,-30,-2,1 # cft deg4 r=0
43603,228564,714637,472706,-1073216,-4047971,39176,3893589,1177699,-258153,-63449,4451,-25004,-86963,-13531,-1168,7153,681,-312,-220,132,136,52,10,1 # cft deg4 r=0
13133,-50559,51581,578685,611642,-3380952,2147084,1913610,-2624247,-943511,3763257,-3115367,1110753,127063,-294807,131254,-14391,-10023,5695,-891,-101,75,-2,-3,1 # cft deg4 r=0
4132,80,179104,-21340,-253071,1183738,-979900,-248270,2319783,-3879710,4428333,-3836994,2774214,-1713324,936201,-449236,191833,-70858,22914,-6236,1519,-288,55,-6,1 # cft deg4 r=0
4374,21870,47385,7614,17496,54513,-17595,-42057,-44037,-99,41346,-7578,-12913,3773,2107,365,107,-175,56,79,16,0,1,3,1 # cft deg4 r=0
245071,115094,586217,-881995,982466,-1431032,998141,-679039,404267,-210059,189537,-63283,34209,-40485,19024,-9061,5995,-2943,1084,-287,105,-9,-16,1,1 # cft deg4 r=0
8624827,-35463422,70288705,-86409774,77133661,-51249360,24692681,-7990026,2190130,-1562106,1685715,-1352222,801978,-341712,85798,6392,-20146,11742,-3815,594,110,-112,38,-8,1 # cft deg4 r=0
743832,1163916,1689264,-5361,4054410,-2326647,4470154,-2089236,1754973,-1538176,465786,-917106,507545,-300786,290175,-62122,75255,-8055,11051,-567,975,-16,48,0,1 # cft deg4 r=0
104652657,-55862784,-143012151,15908946,33959727,23264334,42293595,-8770614,-18877800,7748194,6249912,-2022348,-1320723,306714,237966,-39460,-34374,6672,2984,-636,-150,30,15,-6,1 # cft deg4 r=0
18398863,-19307862,-5340503,8327188,26387455,-9664480,-11882006,-4462044,4961055,2183200,194280,-159032,372265,-57320,-29083,44314,1356,3948,4627,372,148,82,-23,-4,1 # cft deg4 r=0
25931923,-15177095,16613177,18727296,31907823,60032279,58362370,40168635,17091978,-1489228,-8477926,-7920401,-4464726,-1585173,-85427,304820,241296,109464,34249,7336,1106,150,36,8,1 # cft deg4 r=0
89406055,325397728,854455644,1625602902,2331296297,2852449292,2865552406,2433210147,1772352327,1030215446,527600570,187327497,62584401,6553702,1744969,-899695,226224,4602,40984,427,1335,-75,47,2,1 # cft deg4 r=0
22473225,-23280570,110478447,43784406,-99016155,-20263059,89351136,106168815,101282508,87635711,58199207,31249918,14843895,6000330,1954888,537836,120687,13401,-1988,-1067,-367,-87,9,8,1 # cft deg4 r=0
542086147,-2248635769,5953073885,-10315970590,13570445051,-13360633198,10369337350,-6141407070,2855860710,-981127607,261683462,-27706186,-4869061,7828526,-1668676,998815,38712,65388,19606,3407,1568,128,62,2,1 # cft deg4 r=0
10189801,-3793968,17374531,-4204445,41088604,-25313317,56703217,-34089645,50945490,-28669432,29521716,-15572824,11502557,-5595580,2936068,-1166188,466530,-138879,44077,-9183,2356,-311,67,-4,1 # cft deg4 r=0
233307,-1252071,4192533,-9453591,16787088,-24080598,28552635,-28411560,24181524,-17963766,11839941,-7039584,3840903,-1941246,897174,-367470,131058,-42030,12412,-3311,830,-171,39,-4,1 # cft deg4 r=0
34207258311,-3190767480,3998991717,-1365053454,-96270354,1139481720,-235035639,77750946,13482918,-81405198,70153932,-39065142,20969274,-9781680,3637002,-1189758,364479,-93498,15846,-1636,247,-64,10,-4,1 # cft deg4 r=0
225645824,12076096,-296670924,102339152,265801539,-148024108,-124657910,88324908,32209953,-22069582,-3439313,3449406,1074362,-1024374,314264,52198,-13056,-19536,10283,-1094,-84,-40,45,-10,1 # cft deg4 r=0
1519561,5518586,6604510,1666760,-1606021,-412042,-844883,231396,2704734,-663856,-1879481,799526,589798,-431126,-42485,119180,-25725,-15210,8281,-94,-830,176,17,-10,1 # cft deg4 r=0
3613811,-20925913,126771576,80916858,-145752447,121718989,102229553,-193974441,237147294,-154231303,97818830,-40685883,19629345,-6166191,2711311,-666511,273897,-47787,19927,-2237,1092,-66,45,-1,1 # cft deg4 r=0
89461,-853790,3495347,-8398646,13913759,-17914246,19700113,-19131477,16504818,-12720759,8873664,-5605869,3211026,-1669263,790440,-339603,133224,-47091,15097,-4235,1097,-233,47,-7,1 # cft deg4 r=0
1282392,12457476,58095630,101193291,104222835,85537773,53994474,23027355,11195433,8839900,4452345,1237242,655354,444762,158406,60028,32760,11151,3175,1413,516,127,27,6,1 # cft deg4 r=0
1515275,3535080,113634,-4126800,-3831447,-5124423,9067008,5240622,-6853356,-637491,2545674,-802779,504773,-950757,578703,-84164,38307,-22020,-5958,2559,978,-261,-39,6,1 # cft deg4 r=0
192429,-6723,281205,-841716,564201,1453077,81692,-831489,98607,470783,-14178,-331266,-63892,122964,43596,-23886,-12603,1581,2389,435,-204,-103,-3,6,1 # cft deg4 r=0
658570967,-716251659,914940528,-149227949,207266511,124992870,91488191,18258633,42288939,8211867,2852688,4292688,172617,216663,268869,-25760,27246,2307,3188,-906,723,-168,51,-6,1 # cft deg4 r=0
488917656,-2543090364,6598961010,-11813139777,16893544860,-20550724215,21443858752,-18946826001,13988664423,-8536847080,4242426342,-1666405818,483110632,-83438895,-2411328,6168862,-1561830,14964,89007,-22005,1287,311,-36,-6,1 # cft deg4 r=0
15368237,-20241465,-22143483,93306489,-82192389,-27453984,114464499,-123866025,95115594,-61583045,34110231,-16687659,7552397,-3183315,1238829,-438633,144039,-43050,11283,-2754,693,-158,33,-6,1 # cft deg4 r=0
35751487,98518450,83509577,-125989599,-420789065,-206403612,723627080,1491061170,1362347837,699040179,194560047,25674425,8132148,6662316,1602554,-441934,-307033,-59754,-1502,3399,1177,-7,-52,-1,1 # cft deg4 r=0
671371,11643602,103083279,77051007,50036860,11245252,31147895,45075854,47069375,31462190,15030420,4652020,839272,1441,-22563,4906,2893,6227,3011,460,-124,-60,6,5,1 # cft deg4 r=0
10488731,-43024940,229125738,-1164177897,3560200298,-6755728505,8473348457,-7271274140,4307040928,-1721967314,399142932,29200320,-88788609,46139766,-8013057,-2420852,1178675,-63024,-26066,2319,-715,36,58,1,1 # cft deg4 r=0
92761616,19196824,61875676,27377270,53762608,7207167,7619331,-8448616,3511126,476213,2772579,21946,465852,-126494,110848,-16150,22378,-1854,3438,53,379,8,24,1,1 # cft deg4 r=0
5571162,-53280936,105387561,51301586,307735894,129740506,286443380,72388680,141961312,13765758,41663631,-2627656,8205084,-1544268,1401100,-282090,181575,-38410,15126,-3270,1036,-122,50,-2,1 # cft deg4 r=0
991025,1082835,-3157668,-8988740,277230,35161236,86529205,126495591,135476706,116290350,82284477,49710120,25906029,10564410,3230070,981330,293997,51663,11741,3282,534,34,36,-3,1 # cft deg4 r=0
11211299,-31446744,54562476,-55620144,35035302,-14081985,3532231,-3469929,1889778,332307,583158,-507381,-58122,1887,36744,13577,-6876,-1449,-420,324,99,-26,-3,-3,1 # cft deg4 r=0
18496,134912,38528,-651728,1072076,-6867360,18714153,-20253830,8451380,-1216946,1823382,-1242136,-348358,331734,31641,-37378,-8954,12712,403,-1828,289,116,-30,-2,1 # cft deg4 r=0
2764504,9161484,38332696,64666683,99675691,100545923,92258520,67985389,46713088,28012711,16013499,8460429,4073306,1683243,574415,170982,59171,26170,11449,3818,960,214,52,10,1 # cft deg4 r=0
12704089,40091430,43626050,16124044,22018669,52047604,47386546,17182486,4320438,7896054,8043626,4023584,1122305,285496,205394,98586,18942,-6470,-1678,-1120,209,-88,42,-2,1 # cft deg4 r=0
9160913,-2196994,-155782,-15096478,10724206,1989744,12582036,12792222,16200959,13269894,9752036,6029074,2909088,1264582,464436,159920,48082,11922,3910,748,338,40,26,2,1 # cft deg4 r=0
497669,-228726,863688,-152634,-350328,-1892570,-1236716,24006,1586016,2628254,2115528,1303530,661386,304278,149264,57538,16016,3194,1276,234,-8,-6,16,6,1 # cft deg4 r=0
24584341,109110806,177459060,123820528,23658619,-22072948,-15821822,265322,4078794,1735562,306686,194918,399304,146468,103822,-7468,12625,-4374,2148,-826,139,-90,12,-2,1 # cft deg4 r=0
4319114805,23971340556,56845634472,71912629032,48814398715,14472672138,2248329933,7427427936,9869798843,5820199416,1823239231,427860192,223230743,130889602,41364413,5244190,-188715,40100,74038,12410,-891,-288,39,14,1 # cft deg4 r=0
3520053,1931238,6605700,8939370,18825550,19140840,23254808,21160690,19767503,12213908,6940224,2159856,360683,-653850,-424154,-191238,-4784,1718,8614,1210,909,86,48,2,1 # cft deg4 r=0
19867293,25489422,-27752367,128288226,556855400,581791920,103224609,-68689174,78605487,36726196,-51048350,-23017784,8906460,5140430,-1011096,-675976,149383,67206,-19028,-4820,1396,212,-53,-4,1 # cft deg4 r=0
341613,-975174,208606,-13638,1707408,1226850,-188616,70154,133003,-269036,181562,-105822,43639,-3464,7444,4102,3114,1172,1016,176,163,20,18,2,1 # cft deg4 r=0
29129506493,-36110285222,17310021426,-3935507368,-2603411975,3146433144,-1000647478,-271066890,289283274,-41084350,-25178286,15046228,269013,-2869688,259646,436938,-36226,-47854,2342,3916,45,-224,-18,6,1 # cft deg4 r=0
1573925,-1148610,3540396,1071450,2027502,3138822,2025288,2549414,1600215,921972,776280,402596,-7884,-109156,-26160,49188,56979,19406,-84,-782,254,126,56,6,1 # cft deg4 r=0
218773,1163854,2771676,4005462,9370998,18237010,19392412,7192474,-6621449,-9297700,-2796056,2977196,3600388,1578356,78280,-258556,-124717,-13642,9212,3934,294,-166,-36,2,1 # cft deg4 r=0
5390656,-18103488,13796784,9085568,-5742676,-13992604,12394802,-7017674,5450613,-1277536,1755448,-2362816,855430,-310360,172770,-41842,48355,-26916,-400,1168,546,-112,-14,-2,1 # cft deg4 r=0
3648625,8262510,16891958,38851466,68670654,72824088,62454220,51258266,26271047,-1472458,-9092496,-4167918,-557088,384630,292472,63084,-11462,-7342,666,1080,226,-56,-14,-2,1 # cft deg4 r=0
44287296493,27202897710,14551435157,604060412,-9190992191,-6654327476,-4019712159,-532144962,763534509,894886816,621125806,293730622,127046501,40970154,13669933,3413376,1003900,209500,56488,9504,2294,300,67,6,1 # cft deg4 r=0
40381,-3942420,369815640,-603594416,477076843,-482205536,429905067,-211434156,154879538,-74895996,34600377,-18005238,6308330,-2704910,1040103,-265534,144776,-17418,15273,-694,1109,-12,49,0,1 # cft deg4 r=0
11571410752,48107344064,90889818000,108509668560,93526791692,62237215164,34308949126,16231826998,6877193361,2605058966,903859746,287472430,87508332,24868268,6773502,1703572,428769,99552,23472,4782,1012,166,36,6,1 # cft deg4 r=0
113872,539584,2580896,8734576,22727884,47633496,78220512,100758180,105047105,91472776,68399106,44498744,25339213,12655824,5560746,2154156,740416,227252,62690,15436,3349,620,98,12,1 # cft deg4 r=0
15351808,11730944,39530496,13971456,37235712,314368,16257536,-8329728,5962752,-4592896,2859392,-1552768,1142848,-528128,374976,-164160,76912,-32336,9576,-2472,624,-164,46,-6,1 # cft deg4 r=0
335261,2126428,-419478,-12665182,15033767,11536076,-13142332,5075014,10634354,-4685584,-1488566,4548400,1000577,-1337152,-294614,265768,65701,-32934,-8986,2742,836,-122,-44,2,1 # cft deg4 r=0
57902749,-22848442,169335996,166528174,123909102,41129402,154758596,-56209694,78941479,-17740420,10961688,2044364,-718892,837108,6600,-63228,85019,-33954,14444,-3674,1118,-206,52,-6,1 # cft deg4 r=0
283099833,-416596284,-265500870,513562156,183717878,-220359040,-142949850,12387672,55033546,26726544,5882608,1394206,1664791,885680,194326,35588,25552,11050,1990,468,220,48,6,2,1 # cft deg4 r=0
28879569,69242710,159491238,141210722,122140912,87709174,46350980,24314594,10359235,3617368,2659406,1036834,1156183,525892,398016,140614,80798,18612,9636,1176,711,48,38,2,1 # cft deg4 r=0
3032192053,977762630,6545071236,2045323430,5467859590,1697977514,2743485836,839020874,913038583,308809148,198367112,85738044,29833060,15716372,3819640,1742612,449843,117662,38324,5310,1974,162,60,2,1 # cft deg4 r=0
8335133,54037794,153737389,162092118,121855603,104664622,62262008,28222502,7871069,-3983440,-1734353,-1416968,-1206186,-211110,-17733,-60794,12017,10010,1548,1990,395,76,37,0,1 # cft deg4 r=0
50490233549,-51810941146,20946904790,78730673574,60237747480,26899504028,11192498523,4691024708,2412541878,1131625956,510287261,195373838,68796082,21430514,6511730,1859328,533517,143444,38047,9074,2046,374,65,8,1 # cft deg4 r=0
4567748033,4230096570,4171962964,-347740390,-1933749385,-2890140480,-1844539277,-816168370,-30974255,254315846,267756273,182355848,97541755,43983470,17225407,5757166,1769419,448154,110806,21134,4327,596,101,8,1 # cft deg4 r=0
167283313,794106662,1795770293,2482898278,2913903159,2919305422,2505532644,1906497258,1289367861,783241544,436404703,215647580,98483014,41783318,15596127,5462578,1760933,477022,117516,25498,4407,720,93,8,1 # cft deg4 r=0
284004421,940740248,1499874865,660499482,2771266269,219915880,1041318751,164695082,825332978,-66865516,164350961,-22407812,56821149,-23663974,14796669,-3982252,1614662,-291976,99322,-11216,3826,-192,93,0,1 # cft deg4 r=0
16218069,55355268,104290849,114938626,164122846,203848888,149877870,76560478,72344655,53315314,44122697,27850020,13994038,6257402,2379002,851184,260561,74352,19235,3914,962,144,38,0,1 # cft deg4 r=0
285227072,567017792,852547696,1332577376,1558936860,1253854228,863058894,524348086,131703721,-146127036,-162533672,-56497012,7644268,12841612,3486916,-339832,-370114,-41524,19528,6100,80,-240,-34,2,1 # cft deg4 r=0
11855452809,7527264180,8320806598,5245868324,4189927470,3894379502,2195339121,1473947074,727874147,444603008,241035632,104693220,49652599,16790852,6893232,1781272,498433,138714,27289,7114,1033,178,37,2,1 # cft deg4 r=0
9819628649,-16463794672,5968323149,4807560168,-3679168746,-158228960,1003202426,-558267316,138571107,26096784,-10229170,-6377828,4900067,-2313152,369650,36124,29771,-7568,11214,-2052,498,-56,9,-4,1 # cft deg4 r=0
1909273,-419270,1930900,1940278,537706,276622,5578264,-7008646,10535011,-9308284,8143200,-5423532,3324784,-1736484,791144,-330228,118739,-40334,12476,-3594,966,-218,48,-6,1 # cft deg4 r=0
1649360249,6134433006,9867032416,8618072462,4874694738,2448036690,1972909360,1623570626,954593279,414224108,166956736,83265004,47102172,20796036,6415712,1155492,28071,-47546,-6304,1574,946,10,-16,-6,1 # cft deg4 r=0
520757,769228,1719892,-3797926,-106601,230870,2106972,-1077710,-232714,387548,213172,-259254,10643,62874,-25488,-6594,7702,-176,-568,-42,75,2,-8,-2,1 # cft deg4 r=0
39512489,229059294,633064368,976217280,987880009,632479606,368099604,106227118,1064842,-24963534,-12881558,-2858554,550661,676120,273906,80512,17155,6348,2234,558,-10,-50,-8,2,1 # cft deg4 r=0
20194393,28239338,54906868,89922726,111197554,96151268,67494344,38511206,15337515,3569304,4499056,8873060,9158871,5692506,2262062,557062,73304,1878,470,994,401,22,-20,-2,1 # cft deg4 r=0
1390841,-10008364,32750054,-61891208,75291870,-65339958,46049230,-29288128,19490132,-12536990,6931448,-2493854,371368,154510,-89464,27668,2917,-5132,2652,-234,-32,22,6,-2,1 # cft deg4 r=0
3628273,-5391596,2989842,-1968736,10106096,2978200,4509106,98068,1112453,1577204,1054842,950952,128720,145736,-8344,9276,4280,-5348,2668,-1428,510,-180,46,-8,1 # cft deg4 r=0
136986541,142195352,-52852934,-364564800,-9579304,173943286,78133574,-15419880,-30170376,-11107786,884626,2953410,809438,58466,-100488,-40788,559,1836,2298,-262,104,-82,12,-2,1 # cft deg4 r=0
434137,671180,1699428,4755922,5717196,4889616,4528246,3835658,2869679,1181588,10776,-331392,-155485,-53204,-1434,15468,7816,3852,2290,878,275,94,20,4,1 # cft deg4 r=0
669173,-1836848,9944054,-10497976,26182202,-17622500,30306070,-17141100,24416434,-14063468,14534964,-7508710,5246475,-2280688,1144554,-404208,162212,-43842,15686,-2996,1048,-120,46,-2,1 # cft deg4 r=0
1297216,-4537984,-2198720,21724992,-14853664,-22660032,35820608,-18134368,19179776,-23044320,-1679792,13296496,15908696,-7706704,-2165744,355688,619064,198040,67004,15740,3026,388,84,2,1 # cft deg4 r=0
2081355277,10098142282,21733427630,26744486778,21421795759,12931686706,7158058294,3765473584,1601883582,577391450,237642894,91359366,26977207,10087718,2940506,-110448,-26842,111942,11482,-6102,567,294,-22,-4,1 # cft deg4 r=0
92756197,-253256930,669598732,1173741324,1932494555,1866839230,1445434128,907460322,464574401,216007034,90246762,34210914,13574682,3944046,1491220,322274,118575,17706,7872,696,464,44,26,2,1 # cft deg4 r=0
60169,-109614,498972,484936,723379,1516360,2882333,2656918,2498085,1786632,1224421,624474,385117,136222,79369,18228,16939,18,3814,-426,545,-52,39,-2,1 # cft deg4 r=0
1477793,-7428416,15245432,-13582668,1548074,3960184,4119318,-8555768,2924177,1223420,211380,-1121452,183843,205648,5142,-41892,-4836,6316,738,-772,45,0,22,-8,1 # cft deg4 r=0
1363261,7502706,21517970,34841448,60787649,77037896,37789182,-1423986,10031114,-8758718,6346662,-3058164,1340221,-805024,91378,-64190,17798,3794,2934,356,373,56,30,6,1 # cft deg4 r=0
89090033,164932208,-17279514,-133867774,17479185,107415484,68034464,-3600690,-6910509,5260314,7200694,5046778,2664280,1362698,412058,120418,44396,9168,4400,1352,473,104,38,2,1 # cft deg4 r=0
482490493,-98237038,127929804,35828748,69610015,-12078970,33170116,-9959786,5006237,-4199638,1245598,-781518,487134,-81458,129500,-55898,8183,-8526,3336,-260,236,-88,2,-2,1 # cft deg4 r=0
75776000,-219627520,272080896,-99393536,-133705728,147243008,-12728320,-80005120,39361536,33880064,-1347584,-1014272,1250880,-2335808,-1365984,373664,322816,-13360,-34104,-568,2112,76,-70,-2,1 # cft deg4 r=0
196256569,-278626884,128159118,-50278872,77544430,-38818650,-13217164,12385456,440406,-675252,-268202,-501946,403198,38948,-103670,26904,4362,-5158,1828,-48,-254,84,2,-6,1 # cft deg4 r=0
20224109,20103510,36275704,-17871458,30811606,-30428718,11367824,-11537062,2838215,1082940,256368,516940,753892,-998652,745248,-560940,345707,-172210,66392,-20234,5030,-950,144,-14,1 # cft deg4 r=0
9680,-208160,1703552,-6865504,16792304,-27081360,30050672,-22956832,10924616,-1248224,-2757384,2496064,-976420,27376,163712,-67080,-5376,14352,-4972,-156,806,-364,92,-14,1 # cft deg4 r=0
3138565,-846660,33540134,-42151160,60779122,-50192580,78865558,-71347628,59153643,-45633208,28493844,-18134576,11439168,-6552016,3488308,-1700848,738447,-284388,96598,-28040,6782,-1324,198,-20,1 # cft deg4 r=0
128775697,172608260,-25593802,-44491862,-10617439,-65320976,-20440751,8730850,6984424,5386480,3600054,1079104,-62479,-191880,-137148,-54152,-13845,-1938,691,574,260,88,26,4,1 # cft deg4 r=0
99625297,226806608,166161890,-59395848,-185596600,-94875298,67666438,139280616,110424680,54396650,18365470,4454250,798538,111906,27008,17644,4827,-2792,-1546,106,156,42,0,-2,1 # cft deg4 r=0
545173,929258,9785610,-34646860,66813149,-107382364,97976118,-81294510,73627938,-37017046,22896266,-8992216,5792697,-991984,546630,-265322,32882,-13610,9162,-2024,665,-112,38,-6,1 # cft deg4 r=0
43261753,252959848,955418654,2383581494,2634698525,-715464804,-2047361008,-204244026,627815511,136430258,-101547934,-24359930,10753984,1351846,-1070034,118398,101804,-31556,-8400,3288,613,-172,-26,6,1 # cft deg4 r=0
15707078125,-42143413750,66106187850,-47964778150,7217527286,16738786100,-11873185100,516113350,2818510071,-1021870978,-241087992,217417882,-8911568,-25338086,4902176,1692416,-628730,-40054,42798,-2124,-1882,264,46,-14,1 # cft deg4 r=0
1308337,2231526,3119118,-7884778,-274860,-6039912,9476074,-2052186,3572274,-220086,532338,-1867884,871212,-709164,194850,-5534,10290,7494,2572,660,519,96,30,6,1 # cft deg4 r=0
351490837,1216699634,1877056256,1959706782,1741273840,1325730906,859515908,504424794,268279352,130765070,59227936,24796106,9819546,3447302,1253600,341818,117696,22718,8748,558,568,-38,32,-2,1 # cft deg4 r=0
32627597,53404868,169173581,-76686088,562711193,706682818,1054108662,2026424628,1866366553,739520124,84749495,38266996,73461596,40681116,9801108,1575854,827664,414770,92263,4134,-1444,44,106,18,1 # cft deg4 r=0
7468381,17112198,27583917,49727618,74313291,61868178,62687804,52746648,27989539,19236568,15108809,6102006,1063232,501268,325432,32400,-12418,10578,5321,-1130,-994,-120,38,12,1 # cft deg4 r=0
4901,-15342,12921,17730,-17229,-33576,56239,-31978,58067,27404,-81392,42950,171552,-26884,-118189,8288,40622,-522,-7289,-26,742,4,-41,0,1 # cft deg4 r=0
264006173,358708910,167931929,-122116636,-175804938,-66124288,35039139,43427902,15668873,-2676740,-4535479,-1971814,-289045,67138,68669,24384,9659,2754,1286,442,241,84,31,6,1 # cft deg4 r=0
50773913,47997714,232339932,63705254,159476770,45648388,59951660,3143718,27109707,-14883368,19075652,-11393676,7821563,-3522926,1612302,-481754,167892,-30426,8242,-718,241,-34,36,6,1 # cft deg4 r=0
6656000,-22364160,44249088,-58607616,47204352,955392,-64307712,96965632,-70841856,7792896,43630976,-55712256,38314624,-16156608,3371840,402912,-473808,100384,11928,-8584,672,260,-34,-6,1 # cft deg4 r=0
238963264,665391680,188859056,-825085856,152262540,493612212,-249985046,-84034626,99278001,-10707636,-11982600,5050564,135073,-545440,219894,73214,-30212,918,4096,-350,-19,74,0,-2,1 # cft deg4 r=0
334549477,646016328,870511602,1024140064,1155590286,1090510762,845086088,565686760,378015734,254090940,155119262,75743678,27129954,6263024,676614,-82592,-21598,18086,11680,1856,-222,-172,-14,2,1 # cft deg4 r=0
101310157,-228549582,426864104,-259737796,270151465,-122582270,95018860,8836466,36984002,14378954,7542058,3056374,461685,-99816,-154106,-59672,28339,9944,-1274,-222,286,74,4,2,1 # cft deg4 r=0
117598169,197025068,413802826,369915884,429528228,225889466,218398230,75014844,86139508,20766418,25112798,5111770,5250902,1181522,819240,219484,98571,28624,9710,2386,768,110,40,2,1 # cft deg4 r=0
536436,-4596120,15639888,-26271356,24001116,-24049372,39069022,-21777544,-24746256,21811094,7087668,-4288722,-1880987,52048,471076,63778,-54267,-10922,554,1674,197,-116,-4,-2,1 # cft deg4 r=0
58159237,84476596,-45714812,-80599004,50998439,66874756,-8387980,-15602190,3598108,4475584,2393244,1607660,678193,207616,71526,33090,9000,584,442,368,123,-40,-10,-2,1 # cft deg4 r=0
69796917,-46212192,100562397,-67425902,91451965,15948346,-8791567,38026542,-5661879,-6412502,15700878,8260366,-769003,-1060094,-214626,-23480,6577,800,491,1508,256,-146,-32,4,1 # cft deg4 r=0
3896621,-19164256,49478379,-90807542,142569326,-191001856,210130660,-186997820,134586355,-77966946,35408136,-10258996,899241,1405416,-1031702,343942,-51649,-17190,15198,-3152,-562,278,-9,-8,1 # cft deg4 r=0
869861893,-601586584,-400399212,104397602,484373123,-422315250,156618184,-72697558,104241146,-91513340,43285516,-11063766,3150791,-1388694,589456,-122378,2506,-14636,6444,-82,211,-146,8,-2,1 # cft deg4 r=0
431790137,1384334076,1941744584,1252766150,1267296319,637922002,317504140,102749958,11560934,-7623100,-8760488,-3546538,-461709,1350,114300,32922,24202,7152,1248,-390,-113,-26,12,2,1 # cft deg4 r=0
2170825861,-5910097014,12348488400,-22713998562,33811566178,-38817362546,34479735068,-23589023550,12386502643,-4882607212,1358348784,-195317748,-38971000,34510444,-10719704,1513444,170055,-132462,24544,-170,-730,150,-4,-6,1 # cft deg4 r=0
6060889,19500246,32860232,33158314,16629474,-6427438,-18573100,-14675690,-3622381,3364796,3717592,1381340,-63520,-313564,-158848,-30748,8579,8126,2736,698,158,58,28,6,1 # cft deg4 r=0
813353,167740,5966380,109068,19387459,2851364,29797931,12443420,26686234,15538056,16494130,9016056,6658769,2905700,1566584,516076,222535,57242,21433,4292,1408,198,56,4,1 # cft deg4 r=0
619157,149072,-903903,3299516,10389178,-38505352,65030898,-61965650,36804970,-16435068,8066746,-2679224,-1227744,1895550,-741706,-35834,122727,-28688,-4975,3122,103,-158,13,10,1 # cft deg4 r=0
127217,702876,1412030,1787418,2545521,2566272,3196605,2967642,2892704,2418504,1900374,1457240,942401,611136,333140,173752,84599,32774,13559,3502,1152,176,50,4,1 # cft deg4 r=0
36988853,-80946052,30270060,101098502,33467565,50765038,26980457,-6223850,3058436,3457876,-621298,213352,79653,-330092,-67812,63024,9991,-9600,-1805,830,218,-44,-10,4,1 # cft deg4 r=0
4429,79808,509163,965634,284615,-2036940,-2081181,871388,1890103,-129724,-1613544,-945098,437955,1049540,777980,268284,-1721,-33332,-5753,2858,916,-80,-42,2,1 # cft deg4 r=0
3048533825,3713209940,-2769418933,-2706350482,799278531,476114628,428710279,-355390532,-4280149,13307708,24278074,-7167676,-2522043,28130,483646,45532,-37631,-4848,-231,220,94,56,-8,-6,1 # cft deg4 r=0
69637,-111912,2371411,-3829760,2899509,10320922,-9049635,-9098644,7771025,2441198,-3081128,730466,353521,-487484,142624,32904,-34147,11778,19,-898,298,-160,42,-6,1 # cft deg4 r=0
1094209,1691824,11272261,15123382,4250335,1466460,18448989,28888622,20426699,6551256,-600004,-1858092,-1400617,-542564,120140,281160,193003,93336,33405,6798,32,-248,-14,8,1 # cft deg4 r=0
172909,1064712,3325057,5900902,7009109,7767938,8171517,8278562,8607621,6020870,4528974,2733446,1446253,1058630,491346,7848,-68831,-25544,-2101,1696,916,-58,-48,0,1 # cft deg4 r=0
673777,271828,487177,416256,1938481,1773518,-224449,1610454,1382461,391470,959428,62104,366197,-177692,-164920,43536,-4815,-1446,5469,-338,-298,24,-14,0,1 # cft deg4 r=0
167403776,256915456,264553216,219362304,159782400,103463296,75641344,62967424,47332352,24927808,9379744,2937920,1280208,694016,303648,97808,26792,7376,2536,1104,364,60,6,2,1 # cft deg4 r=0
64549,-443704,1328824,-498730,-2184985,-935526,11944924,-18291522,11938946,-1310812,-3324192,1980822,126587,-584262,193660,52178,-51342,7632,4144,-1622,-37,102,-4,-6,1 # cft deg4 r=0
114217168,-123487728,21684104,238128648,-163968888,-122143124,239141970,-74571178,-62566575,62520892,7691484,-23634196,6905466,4441104,-2301386,-555162,366771,12548,-26132,1352,1402,-76,-46,2,1 # cft deg4 r=0
5181157,-16468656,8396472,18894578,-15523953,-11103760,9588720,5207990,-2972392,-1611534,792980,299606,-220162,-57626,32068,10620,-1793,-1332,316,248,17,-40,-6,2,1 # cft deg4 r=0
1246825,-4244340,8398204,-8674186,9414667,-11661294,7130468,-6790414,5656190,-2141788,2802724,-530338,871319,-141014,195844,-30530,36386,-5900,5404,-886,567,-70,36,-2,1 # cft deg4 r=0
26272733,36845332,-2533248,-87766670,12203183,-29026546,43517464,8704738,18192282,-81556,1871768,-1600558,114519,-191762,240652,43262,63466,10716,6252,110,511,-26,28,-2,1 # cft deg4 r=0
96667904,90818048,175554560,525877248,706066304,364800384,-148089984,-318560256,-125686720,85338688,125023008,60737120,6302368,-8213920,-4597952,-792192,175336,116264,21448,-544,-1044,-196,-2,2,1 # cft deg4 r=0
11284677,39999906,102517578,174028290,270687919,231573710,184018639,102580002,61217645,29499966,14720283,6359076,2645117,1057648,363055,131736,42697,14822,3810,1008,269,64,17,2,1 # cft deg4 r=0
10112517,5464470,-24979744,53865934,-18309909,-86979216,178437311,-175266210,111728797,-58487054,35249717,-23713892,12837943,-4515062,738211,106430,-73677,5782,4730,-1398,-117,140,-19,-4,1 # cft deg4 r=0
1,233,-1847,-11454,-2084,16196,-12959,-9314,37922,7894,-62648,-5679,66236,-3405,-40689,5284,15748,-2612,-3803,637,551,-67,-41,2,1 # cft deg4 r=12
-4621,-25759,-18001,169827,465134,183775,-999113,-1501860,193425,1989168,1074859,-931888,-1065382,30722,409812,104368,-72329,-33771,5003,4558,99,-288,-29,7,1 # cft deg4 r=18
-1,4,497,279,-2383,-1238,374,5663,5962,-7892,-7088,-1456,13606,-82,-12033,3168,4923,-1869,-1149,481,173,-64,-17,4,1 # cft deg4 r=12
-43,2015,1407,-562917,-977866,771562,1820295,-1050328,-1292760,2174286,659442,-2219720,-335772,1150994,100239,-364681,-13328,70751,-1727,-7854,764,376,-53,-6,1 # cft deg4 r=12
478871,-672209,-8493807,-1565233,47016532,73505038,8023696,-67381921,-50335547,13066213,30574874,6195726,-8197226,-3713934,1102504,878438,-49174,-116927,-6370,9007,1041,-367,-55,6,1 # cft deg4 r=18
42667,159475,318423,355306,253975,128834,327659,948815,1301311,1256517,993471,313499,-523186,-688394,-191788,155247,102299,-6845,-16351,-967,1292,106,-54,-3,1 # cft deg4 r=6
-1129,-29342,141234,-4618,-957542,1400798,2023399,-7857064,6879873,5025040,-16549384,15172802,-4747827,-2377718,2539446,-526044,-260271,140374,-3175,-10756,1683,300,-77,-2,1 # cft deg4 r=12
2341,-47812,277139,-361898,-1063047,2845574,-227997,-4168100,1966317,2591950,-807464,-2608774,1345435,1022582,-816926,-127340,213459,-5726,-28619,2426,2058,-176,-74,4,1 # cft deg4 r=18
-143293,-1094922,-4028290,-6473420,3800131,16517532,8063068,-68180584,102107304,-107825598,102076698,-66962436,9753059,25502664,-24228168,9869828,-1418476,-409638,216950,-29452,-2737,1208,-84,-8,1 # cft deg4 r=6
793,-12516,-51136,-464278,523094,1059472,333967,-1523370,-2837457,3085388,3208900,-3709452,-1199197,2116384,-15458,-576074,95557,76088,-19311,-5080,1637,164,-65,-2,1 # cft deg4 r=12
9263,7998,-109989,32056,100508,-86830,532096,-329434,-1157794,1010424,887776,-1060660,-259560,553808,-13098,-159658,26639,26232,-6779,-2404,793,112,-45,-2,1 # cft deg4 r=12
-6943,-104328,-331620,-21648,-668047,-785226,113947,900166,586964,-691056,-932584,981704,1132575,-780876,-636736,286088,163003,-51946,-21723,4862,1594,-224,-62,4,1 # cft deg4 r=12
-363527,-2428086,-1706808,13949762,39156511,31814094,-36727184,-86890880,-36127377,36764698,36974244,2809072,-8043747,-2391304,565908,164742,-124707,-40086,6406,3102,-307,-188,10,10,1 # cft deg4 r=12
1013,11800,84389,334758,444707,-869046,-3358148,-2704024,3047900,7062096,3489759,-2278934,-3005522,-359048,894436,394204,-79279,-84622,-7113,6872,1395,-212,-65,2,1 # cft deg4 r=12
-19190357,-72275090,-1525823,-76163868,11925485,-43754788,4865061,-8393742,1308350,-14528,-771662,578530,216011,-94210,-82509,17746,30130,2702,-5198,-806,467,82,-29,-4,1 # cft deg4 r=6
-389,-13502,-15185,643799,3902448,10671081,6437079,-13886541,-16502280,4758630,11608753,755498,-3922178,-989638,726920,306480,-75010,-49457,3630,4773,65,-281,-21,8,1 # cft deg4 r=12
24137,-208720,507810,-916238,1585629,-2187574,2532037,-2407744,2041455,-1463198,922445,-445348,148558,-20096,-22446,21748,-13259,2780,2324,-1750,153,156,-35,-4,1 # cft deg4 r=6
331889,3833760,-7360426,-4359840,9991870,5473245,-7171662,-8343307,6688067,5583628,-4123666,-2702133,2004916,796172,-641856,-159017,142904,17417,-19702,-871,1534,16,-62,0,1 # cft deg4 r=12
-1434197,8149559,-801494,-74212460,163329665,-57224210,-223048383,298375264,-50284035,-158946943,112659824,8068359,-36148062,9467874,4300920,-2375555,-90808,248081,-24299,-13009,2296,328,-80,-3,1 # cft deg4 r=18
-5337,15984,44163,-284724,551754,-565227,652161,-1224720,1233030,641418,-3061101,3308676,-1346678,-400194,664293,-217887,-43278,45717,-5618,-3447,976,90,-51,0,1 # cft deg4 r=6
10709,39530,660,-163681,-364880,-425349,-58251,573822,854023,597283,45573,-418317,-425522,-77619,144963,90762,-9069,-22152,-2946,2456,574,-133,-39,3,1 # cft deg4 r=12
19223,-15841,-178150,-132722,321249,563141,80743,-550392,-476075,124011,357865,23426,-222145,-70720,97762,60253,-15608,-20042,-1737,2636,664,-107,-45,1,1 # cft deg4 r=12
-2899321,3127124,19201577,-43514159,46260502,-55485753,53327453,-22521226,-10434246,16647589,-3483715,-2035176,2880750,710003,-1661529,-148453,451992,-28742,-68761,3094,4349,-89,-112,1,1 # cft deg4 r=12
-195264,10709136,49885884,4548919,-358460719,-925315541,-1223282167,-1069297666,-662932391,-273420216,-50867232,19933434,22514913,11975057,4724139,1458906,351880,64933,5819,-2193,-1312,-297,-13,7,1 # cft deg4 r=12
-4176419,2086726,23863089,-5705644,-33542407,564181,-1695346,10342633,24021401,-12375171,-22304304,4826946,10773027,-844802,-3018141,-2538,520885,16807,-52958,-2048,3019,104,-88,-2,1 # cft deg4 r=12
-11492783,-189446,114687532,-36472081,-304984943,216712000,329437271,-344383686,-160630568,247029878,35013754,-100516768,-2609278,24438123,-490417,-3661679,169485,341433,-23177,-19300,1705,604,-65,-8,1 # cft deg4 r=18
-20621,-246987,-747731,-1302351,-1517545,-1095695,-633848,-460461,-628770,-414767,131336,443539,193404,-144091,-132703,18701,44547,-1874,-7995,262,799,-25,-43,1,1 # cft deg4 r=6
1,-46,-296,2500,5318,-17020,-42710,-26313,3494,44184,-5449,-125170,5357,157026,7035,-88449,-3444,25695,-448,-3958,361,282,-45,-5,1 # cft deg4 r=18
-13,310,1222,-1540,695,-18576,41283,-13645,187,-80255,100240,19036,-57044,-52039,91945,-14852,-33210,15947,2791,-3104,227,211,-33,-5,1 # cft deg4 r=6
523027,3670818,12048279,24625658,34232993,33700086,22132328,5191511,-8606584,-11525121,-4567062,2461269,3075344,311461,-792275,-219446,122679,42495,-13054,-4266,975,226,-46,-5,1 # cft deg4 r=12
50367986633,13030989484,51353414433,5009738064,22244652862,-1485891158,6074407860,-1259044944,1331128853,-365977700,242619686,-71208128,35371342,-10049848,4001678,-1036426,348337,-77518,20829,-3708,896,-164,47,-8,1 # cft deg4 r=0
30713,244283,-2394105,-4639770,7294885,30123235,24777687,-19257586,-41054330,-10840411,19824335,13173636,-4118019,-5617809,-62912,1304418,260820,-133866,-43358,6087,3029,-63,-90,-1,1 # cft deg4 r=12
7529245,-64301436,129903805,-34741415,-152092453,192143416,31352467,-158672829,58787634,71879219,-47560977,-19108567,17846582,2424503,-4201691,-75110,605554,-24594,-53917,3552,2842,-198,-82,4,1 # cft deg4 r=12
2467,-199864,-3784040,-20460824,-26901895,48030979,54009853,-49605266,-28412404,25330266,2258442,-5742406,1509241,149599,-254573,123590,-4305,-5221,5606,-687,-210,116,-13,-5,1 # cft deg4 r=12
54833,-197747,-1046244,-998882,1190893,4533113,17670,-4995157,-3822909,6058175,3559137,-5302850,-1037396,2449584,6124,-609814,54000,85848,-11800,-6822,1139,285,-53,-5,1 # cft deg4 r=12
10462141,-25053153,-39085142,55563009,105657785,23405936,-98652833,-120046217,-4968211,80510003,39070534,-20024565,-19554683,74369,4213985,853410,-426797,-160668,15497,12911,476,-486,-50,7,1 # cft deg4 r=12
47441,330192,-675182,-2158276,1529751,4550651,-1473025,-3344357,6226200,3517327,-6162769,962516,3341882,-1903223,-952876,724253,145736,-128684,-13635,11992,933,-563,-46,10,1 # cft deg4 r=12
827741893,509646302,1189817702,802030732,994477023,626110344,512944370,279010440,170631948,76399632,35451193,12093680,4430912,1062650,287010,-6330,-11878,-8002,801,428,246,-36,-6,-2,1 # cft deg4 r=0
288523,6768313,41664730,72369247,8038250,-64336354,-27581154,3335120,-2703916,3332901,3713700,891241,728047,322510,75631,13253,5197,1682,-1863,-107,-22,-17,-17,1,1 # cft deg4 r=6
-59699,-142769,704156,750011,-3743420,421315,6861060,-3410712,-6055510,4603632,2686619,-2997183,-506975,1115880,-31111,-257391,36409,37872,-8427,-3322,967,145,-53,-2,1 # cft deg4 r=12
-19683,-13851,28350,359397,-145593,-377145,411017,-1222435,-784299,2525696,1207552,-1781117,-1048272,400901,258207,3580,-8508,-8633,-4171,-96,261,126,48,10,1 # cft deg4 r=6
-211663,84768,2353540,10078566,36725824,72393424,41353707,-86306978,-179470183,-129595764,-18972464,36576442,32885178,14731429,3588990,-27975,-279631,-14001,35141,8479,-665,-365,9,12,1 # cft deg4 r=12
289183,244737,-1949570,-2614749,1299169,997256,-4470085,-1418856,7474030,6024378,-2514543,-4577120,-1001204,994778,637286,91110,-41739,-27193,-8571,-1306,265,240,74,12,1 # cft deg4 r=6
-245519,-1149703,4409425,24233228,22264973,-33190671,-64697077,-13224384,41201163,33677472,-420090,-13457601,-5520917,1517047,1630193,121445,-218206,-49903,15825,6209,-352,-346,-14,9,1 # cft deg4 r=12
3413,-18964,35876,-117781,34162,228200,-129032,-132894,-77715,-46868,258954,99422,-204004,-40472,104354,18528,-31304,-7437,5064,1608,-413,-193,3,9,1 # cft deg4 r=6
106091,-287122,950852,-106877,5266052,11165633,-1045658,-6193978,-28195,-809183,341299,958209,245380,214155,80967,-11556,-1118,-5929,-2132,-511,-49,7,23,8,1 # cft deg4 r=0
-19753,33337,3539612,6710977,-19266541,-28088053,19172887,24744989,18287011,-5831637,-20332827,13115393,-5439614,172513,1426179,-842900,51865,111638,-26959,-5460,2373,113,-82,-1,1 # cft deg4 r=12
-49,455,536,-6509,-320,23718,-21536,-16799,58425,-42740,-29328,65916,-31551,-21637,34809,-8231,-10826,6369,911,-1393,124,126,-24,-4,1 # cft deg4 r=18
