# IGP24 class field sweep: deg6.
109908304,-477335680,-423504448,1437273088,1017229744,-1748767968,-1275238768,1069979520,815011040,-326880608,-302861664,29184112,77412060,9046336,-14820240,-2639200,1919908,279512,-148544,-14720,6256,392,-128,-4,1 # cft deg6 r=16
298045,356760,-5871940,-7915780,22336966,13610352,-35174412,-5850676,28272475,-1592136,-13779496,2156736,4830128,-1042264,-1241392,303312,220903,-50640,-25748,4644,1818,-216,-68,4,1 # cft deg6 r=16
-804179,15130652,-68025266,130413092,-127103131,63790192,24485610,-90021360,49754518,24269548,-22503194,-918900,-240219,744120,1647118,-284368,-431590,17684,53714,3724,-3091,-512,46,16,1 # cft deg6 r=12
24590225,-79497000,-201165690,694030180,1306480321,-1476326772,-4047607738,-1272494880,2283030610,1642961632,-263520558,-503772588,-32802711,83314284,10097026,-9159648,-575746,754112,-22766,-38668,3417,932,-106,-8,1 # cft deg6 r=12
-8816253739,-5946610084,76819554690,181756204868,109967241881,-76957692284,-119087016642,-22884140240,33728665974,18538076460,-1926279878,-3979711796,-705061255,337111132,142260026,-1642624,-10065086,-1458700,244654,79588,1641,-1428,-118,8,1 # cft deg6 r=12
-5718275,12862900,26012340,12326740,-25081054,-24972364,9280608,16399396,2765579,-7961720,-5245288,3761368,3050680,-1527384,-988440,417848,194711,-68508,-23884,6292,1782,-284,-72,4,1 # cft deg6 r=12
62260230400,0,-118245491200,0,100827813120,0,-50962874240,0,16923533696,0,-3865133120,0,617760880,0,-69043296,0,5304288,0,-269720,0,8464,0,-144,0,1 # cft deg6 r=8
15625,0,93750,0,-281875,0,-546250,0,288850,0,484950,0,-59035,0,-56470,0,23554,0,-1430,0,-291,0,10,0,1 # cft deg6 r=8
4267264,-3612672,-72343296,-179448320,-214300672,-197590272,-291882752,-448862592,-382397184,-68488192,160422784,130201984,6991984,-35643360,-13429888,3100640,2570448,68848,-197160,-19984,6884,728,-124,-8,1 # cft deg6 r=8
9030025,0,76075450,0,186977865,0,176743310,0,48758826,0,-21416230,0,-17421615,0,-4311166,0,-356302,0,17870,0,1889,0,-94,0,1 # cft deg6 r=8
1092025,0,11923750,0,5784465,0,-5789430,0,8550186,0,9844910,0,2631185,0,-114026,0,-138982,0,850,0,2049,0,-114,0,1 # cft deg6 r=8
-2012879,78894668,8333278,-75183420,-16448359,42541592,14304618,-24704084,-7308922,10306668,3068142,-3648156,-737227,1080624,65730,-205732,-14838,40844,-738,-4900,617,248,-46,-4,1 # cft deg6 r=8
-105871,-1006244,-1993742,-3609804,2316525,6697108,14607910,10132600,2552674,-3487884,-4614766,-3138068,-1961147,-1297452,-753838,-291968,-47110,14044,8206,444,-603,-164,2,8,1 # cft deg6 r=8
25,0,1550,0,24445,0,40550,0,351946,0,-277226,0,838085,0,-400174,0,-968206,0,-237734,0,6005,0,-86,0,1 # cft deg6 r=4
138180025,0,-318501550,0,333551105,0,-204305610,0,81797226,0,-23195750,0,4929633,0,-800150,0,98874,0,-9370,0,657,0,-30,0,1 # cft deg6 r=4
203401,0,2293426,0,-8901103,0,-3128682,0,27969298,0,28583538,0,7322897,0,-952366,0,-472678,0,-11826,0,2921,0,-78,0,1 # cft deg6 r=4
2697720149,-1338961388,-12471083328,-14208303688,-3520961662,5421523756,5507910216,1833353888,-280152949,-461789800,-145285008,4341744,16753816,5388792,911864,149328,-9505,-49484,-28224,-7112,-298,348,112,16,1 # cft deg6 r=4
2957204569,-3410773164,2052183146,-200671728,-867111351,775909620,-16252098,-590727068,629403462,-168351196,-208010078,140556856,39763969,-64596876,21533958,-2058084,-20182,-16804,-28054,10888,-527,-12,-18,-4,1 # cft deg6 r=4
-534979,-2112168,2355070,23464868,-22479451,-70227668,97221930,34780032,-103022038,13282736,45933282,-12959380,-11447571,3730724,1963470,-652392,-236142,89512,14498,-8244,-95,412,-30,-8,1 # cft deg6 r=4
136780847989,-725118374460,1765852207688,-2586752725496,2493320876786,-1602258515492,630436114800,-79731438752,-65978844789,43382372568,-8915609504,-2576951152,2503072888,-922448104,204560408,-26054096,93087,884292,-257912,43912,-4058,-116,104,-16,1 # cft deg6 r=4
255025,0,-277550,0,-6110515,0,-907390,0,-7868574,0,6863162,0,-2514203,0,415270,0,163610,0,45814,0,245,0,-66,0,1 # cft deg6 r=4
-721391,-470352,1921654,9017560,-9847603,-16193728,-10802158,8526392,6638298,3544368,-1485570,-1827288,-400987,90000,244798,31112,-5366,-16192,-1534,296,573,16,-10,-8,1 # cft deg6 r=4
869,71622,179887,-744678,-1480350,325250,739566,1265436,347927,-1088578,-127762,-203092,318935,100278,-76570,-15304,-11717,12862,2162,-2836,134,224,-29,-6,1 # cft deg6 r=16
12082541,8892,-57725342,49587620,42496581,-72633152,10015658,35440444,-19644942,-6125508,8724922,-984604,-2113747,881656,226410,-248268,25522,31756,-10438,-1340,1057,-48,-46,4,1 # cft deg6 r=12
555025,0,-1581450,0,-1724315,0,26390,0,7727466,0,-6309890,0,1566693,0,-126710,0,-33006,0,5770,0,-3,0,-30,0,1 # cft deg6 r=12
499189,50288,-4299094,-2713708,8301705,3418492,-5098070,3433116,-401846,-6875064,2425890,4179700,-1606379,-1355500,638430,247156,-176094,-12392,27374,-3412,-1707,460,6,-12,1 # cft deg6 r=12
-2516071,-776332,81127042,173042740,-56351071,-375456248,-180878562,230032880,221787530,-35341132,-99005622,-12048572,25642565,8994592,-2746750,-1950760,-49878,193132,41382,-5788,-3339,-296,66,16,1 # cft deg6 r=12
-1905776,-9096064,149250112,-152260320,-415503952,1214480960,-1408963360,483423232,587934448,-595438960,42365984,151735824,-46926308,-16187744,8077320,1264248,-907224,-82512,91060,-5152,-4212,704,36,-16,1 # cft deg6 r=12
1205,-9150,15705,136120,-66914,-382718,-126810,42334,575935,744730,-565178,-485646,251015,63842,33294,-14958,-45193,21126,4638,-4086,178,272,-35,-6,1 # cft deg6 r=12
-281057911,-751799376,7445346924,-15688884720,12242358790,979371752,-7208325816,3132533240,1021490555,-1068325320,52474240,166168664,-30696200,-18663960,6136064,1116728,-683157,19736,27044,280,-1854,144,72,-16,1 # cft deg6 r=8
-9307184,-57533248,181463584,425756832,503368064,229678912,-78265760,-74327040,23235088,31873248,2267696,-7736560,-2901924,760160,561248,-155408,-127020,12864,17264,424,-1156,-52,76,16,1 # cft deg6 r=8
3848141,4861720,-103309758,201145276,147586141,36155004,53812106,-482539248,-399177322,258158984,249828942,-62974956,-74147231,10101164,13070418,-1397160,-1462270,175536,101066,-16244,-3619,852,22,-16,1 # cft deg6 r=8
184019536,1222288320,2511006176,1444560160,-1226976192,-1766474016,-337003648,540186752,360063168,-5815232,-98174336,-39655216,1517420,5710000,1539000,-12816,-76512,-21504,-9704,-3912,-528,196,96,16,1 # cft deg6 r=8
1343749,11159872,29621286,18783400,-30689071,-32806992,23713742,24999852,-16662746,-9842616,9356658,746888,-2817359,558320,420262,-195148,-18810,29208,-3794,-2072,677,32,-38,4,1 # cft deg6 r=8
128881,0,4368468,0,20441770,0,33016636,0,20822847,0,3501576,0,-3536260,0,-1828840,0,-247313,0,36516,0,826,0,-84,0,1 # cft deg6 r=8
-165674539,820241760,-1242772728,-207720064,2849237206,-3637047056,1321764836,1338363032,-1158926237,-168720696,369075352,-21227336,-62953816,8400264,7008728,-1109960,-573945,83576,39696,-5144,-2254,392,52,-16,1 # cft deg6 r=8
2071600,176972800,-121354880,-714113760,723144384,688810880,-1001059600,-201788512,633957232,-44603280,-225066064,45958528,49593620,-13794080,-7261832,2262680,741716,-222480,-54844,12984,2848,-396,-88,4,1 # cft deg6 r=8
509092091849,-2520782095404,4973968228818,-4797484387812,1800142341413,710297940900,-958807572714,214726148176,148094956306,-92844590404,2847561046,12294243556,-3279609215,-496436428,359741622,-27643792,-15620746,3277572,191090,-112052,4797,1580,-142,-8,1 # cft deg6 r=8
11691341,31876028,-36109726,-49680576,-28104003,-39400084,300776986,-204850404,-184025026,-26276788,73899834,22143440,14090537,-8055868,-9478542,1809164,1218530,-103860,-49414,-2256,-595,148,50,4,1 # cft deg6 r=8
209225,-449800,-86360,4388300,-17675434,59279856,-156649952,307487940,-417736565,366700744,-150715512,-74606464,151503784,-95279592,24480304,2909536,-3554661,689824,82576,-48044,3362,984,-144,-4,1 # cft deg6 r=8
1290496,0,-5993984,0,2721280,0,19687296,0,-29090880,0,11209920,0,133104,0,-1526496,0,395312,0,-49032,0,-368,0,60,0,1 # cft deg6 r=8
570025,0,14281200,0,63754610,0,-41149280,0,-71749729,0,-1203680,0,3364060,0,-2240896,0,183383,0,22640,0,2834,0,96,0,1 # cft deg6 r=4
72675625,0,147108250,0,-70694155,0,-402326630,0,531669026,0,-298912750,0,90886165,0,-16414106,0,1808298,0,-122330,0,5229,0,-114,0,1 # cft deg6 r=4
72675625,0,130808750,0,471870705,0,-1079530630,0,845368546,0,-353043010,0,87832385,0,-13239426,0,1143018,0,-45550,0,-151,0,46,0,1 # cft deg6 r=4
13653025,0,26724350,0,-72680235,0,65281310,0,-29441334,0,-10883970,0,13847165,0,-5592286,0,1103818,0,-106430,0,4949,0,-94,0,1 # cft deg6 r=4
2656145,1447660,-17672910,22346800,8810541,-63138020,111052462,-141247656,151636382,-139673008,108624222,-70875360,39035261,-18175488,7107554,-2257500,550054,-84496,1314,3836,-1043,148,10,-4,1 # cft deg6 r=4
1771561,0,5885682,0,1048465,0,-3148758,0,84426,0,641442,0,-123647,0,-32698,0,9306,0,-2418,0,-95,0,22,0,1 # cft deg6 r=4
17642621,-16875184,-77291604,-39660100,110138626,135366064,38950596,-14115292,8886171,23309128,8527048,-2735680,-1249224,506952,181168,-73472,-31145,8968,2604,-1628,102,168,-20,-4,1 # cft deg6 r=4
1054485541,-80815112,214677056,-11940228,-213281270,-94843848,-48412840,-49934940,9384187,-2187672,3441840,877760,1311816,-664312,541736,-240960,103071,-23648,4944,932,-706,192,0,-4,1 # cft deg6 r=4
121,0,7566,0,-2138395,0,21594,0,-2252942,0,-2291906,0,445349,0,-1557514,0,-554918,0,-23382,0,1725,0,102,0,1 # cft deg6 r=4
36282630400,0,67524198400,0,48792974080,0,17161563520,0,2822804416,0,63310080,0,-45279120,0,-4758816,0,159968,0,35880,0,24,0,-64,0,1 # cft deg6 r=4
197149681,0,437830942,0,326554313,0,114952202,0,20918330,0,868990,0,-538727,0,-146546,0,-17998,0,-478,0,145,0,14,0,1 # cft deg6 r=4
110355025,0,51690200,0,-282017470,0,-233250880,0,-23215489,0,16110640,0,2746540,0,-972576,0,-288497,0,-3080,0,2354,0,96,0,1 # cft deg6 r=4
94109401,0,-44898944,0,171440410,0,-57304216,0,4479503,0,90176704,0,15779804,0,-2009744,0,-254473,0,25408,0,810,0,-88,0,1 # cft deg6 r=4
125401,-1674812,9853226,-34197728,78706605,-127685028,153457130,-142507260,104077682,-62524852,27675810,-9244800,1363001,547948,-484534,297860,-106714,-6468,17514,-4048,-411,292,-30,-4,1 # cft deg6 r=4
-81371,403142,521665,3381916,763746,5287598,-6865494,5164930,-9640009,9922714,-6727782,3945350,-1673017,277726,87246,-52762,8935,-2886,1610,-726,142,-32,13,-6,1 # cft deg6 r=4
9030025,0,230075650,0,571870685,0,353441330,0,4264346,0,-53248870,0,-15804795,0,-948426,0,321858,0,66470,0,4629,0,126,0,1 # cft deg6 r=4
1428025,0,-145700,0,-853190,0,6799580,0,-6431649,0,3561720,0,-64180,0,-748456,0,-462777,0,-56660,0,154,0,76,0,1 # cft deg6 r=4
1463551,-4568394,-2058840,12303392,1942884,-1485002,4654927,-2851494,479931,1292940,-1165028,568600,-164723,12886,13434,3828,-9115,1888,1821,-826,-117,126,-13,-6,1 # cft deg6 r=4
156736049,694506936,1392885608,1764276616,1661349890,1182288728,629301600,258487240,63286079,-2466064,-14666576,-11183248,-5004052,-1657872,-163968,116272,87535,29144,5096,264,-78,56,32,8,1 # cft deg6 r=4
15015625,0,123481250,0,286590625,0,286282750,0,146679850,0,48205250,0,10969065,0,1813010,0,222034,0,19830,0,1241,0,50,0,1 # cft deg6 r=0
7890481,0,4898896,0,-30763118,0,29472632,0,-13249921,0,4278112,0,-1009396,0,174352,0,-22097,0,1488,0,2,0,-8,0,1 # cft deg6 r=0
21859485749,34503265508,16216299034,2545925468,3287299729,4262157184,2529895790,1000791268,183489138,-121948524,-85616422,-30210500,-4007559,512584,977454,13292,106218,-18508,8354,-2820,437,-176,30,-4,1 # cft deg6 r=0
4000000,0,9600000,0,-31200000,0,20368000,0,769600,0,217600,0,96560,0,15680,0,10224,0,1640,0,256,0,20,0,1 # cft deg6 r=0
826812376781,-2361575887448,2849799882572,-1778890105296,514791159142,2443899608,-20227746688,-22656817736,18003220899,-4486999304,44781312,82018232,91357992,-61327336,19246352,-5047080,1535279,-452992,103748,-18696,3330,-688,128,-16,1 # cft deg6 r=0
606841,0,1615394,0,4515493,0,12018534,0,11147074,0,12073074,0,7899909,0,3549530,0,616538,0,51990,0,-243,0,-54,0,1 # cft deg6 r=0
443313025,0,2735525850,0,-16799336735,0,22030991430,0,18495440226,0,4010051354,0,337268713,0,11863226,0,457258,0,21582,0,-743,0,-38,0,1 # cft deg6 r=0
18155344,10861696,155871104,171238752,13403264,-72722496,-44431776,1251296,10287600,2241584,-585808,84400,495292,207392,110944,20056,-2536,-4904,1476,1144,440,-24,-8,-4,1 # cft deg6 r=0
397803025,0,1290942350,0,1945332685,0,1713497670,0,955966986,0,351061246,0,86358917,0,14254618,0,1557386,0,109090,0,4621,0,106,0,1 # cft deg6 r=0
331244090896,-1877226446528,4928783947712,-7882292535648,8470913543248,-6329757901952,3237686726112,-1010017579456,76341324352,93236239984,-47778472896,9123079632,760659916,-864026656,215576552,-24829448,671136,196544,-76052,26272,-4880,224,80,-16,1 # cft deg6 r=0
160000,0,5824000,0,72081920,0,393732480,0,1285543616,0,1212295168,0,374144944,0,27357472,0,655824,0,15272,0,272,0,-40,0,1 # cft deg6 r=0
34409958509,135222620484,236698219642,238892337612,150315159985,60377554184,17318934394,6373443992,3530597906,1351052700,209373722,131692,30207517,30553456,14097190,4874328,1625694,501164,124950,25764,5097,976,150,16,1 # cft deg6 r=0
737881,0,7061062,0,10227133,0,302286,0,-5083126,0,-657826,0,1463541,0,788826,0,185058,0,23826,0,1733,0,66,0,1 # cft deg6 r=0
5837056,0,-11457024,0,-13138688,0,30365568,0,14586368,0,-11520192,0,2879152,0,3310784,0,621632,0,60744,0,3996,0,112,0,1 # cft deg6 r=0
160000,0,142656000,0,252449280,0,1010486400,0,-210883904,0,2001540864,0,593496560,0,-13345344,0,-2083456,0,-25544,0,2740,0,104,0,1 # cft deg6 r=0
1574502400,0,2834432000,0,2156298240,0,1091133440,0,460005376,0,153522176,0,36041472,0,5742848,0,631616,0,48480,0,2496,0,76,0,1 # cft deg6 r=0
183738025,0,1788450450,0,6910960445,0,13072290890,0,7853755546,0,1917787498,0,319584389,0,43218382,0,4160034,0,249942,0,8597,0,150,0,1 # cft deg6 r=0
1575025,0,226578400,0,-674530990,0,409360120,0,413100831,0,87759904,0,9120428,0,2813296,0,781903,0,99072,0,5922,0,152,0,1 # cft deg6 r=0
33402624464,87693222656,93203681024,52709174496,27054523984,26623303872,23268371936,10625535424,800185072,-1616433392,-737672400,-21256432,79803292,21865488,-2091848,-1874456,-67672,126528,19476,-5728,-1936,8,88,16,1 # cft deg6 r=0
165145,2320800,14132460,48656140,103810566,140351128,113852452,39220316,-18449053,-26133144,-8218216,3609664,3880176,1189896,97536,81264,130771,72776,20412,1668,-678,-240,-20,4,1 # cft deg6 r=0
166799,-568810,-98643,14450650,37478354,30304450,-6691200,-23969912,-11986945,131502,2425272,1195288,331059,127862,68828,19740,3215,-138,-672,-264,-16,32,23,6,1 # cft deg6 r=0
22692919,19690036,-3247446,-86884476,-6773649,82858064,7374580,-44212720,8280664,8573192,-6748730,-286724,3662075,-816836,-663920,-43060,218452,-9512,-27042,2552,1755,-160,-60,4,1 # cft deg6 r=0
249337240784,-582650751552,598788171360,-342170486176,129722059392,-60572490048,49181174560,-35693624960,19374287104,-8623525056,3515613936,-1356080752,476800428,-149073232,42642016,-11678512,3069668,-740160,159432,-31320,5880,-1028,152,-16,1 # cft deg6 r=0
15178021,80145978,263213634,-402107980,351622646,-319534078,335794055,-270882234,149416447,-73046736,34339192,-18591228,11180771,-5953446,2940036,-1211424,415193,-125128,33151,-7086,1665,-282,63,-6,1 # cft deg6 r=0
13710161,59325780,115731144,102083060,26276078,-39548212,-26155652,2263156,10176075,1495088,-2189096,-809920,-42024,68960,122184,49456,-9613,-14116,-2576,1164,506,20,-20,-4,1 # cft deg6 r=0
346636489681,-1323466867720,2194082434838,-2014041899412,1060255101265,-276078569268,4973849170,6045850832,8244792618,-4821524144,522899730,211266044,-23578815,-24607292,6570450,421392,-319982,-26408,36462,-10940,2613,-636,126,-16,1 # cft deg6 r=0
5853184,-38346752,145526784,-286412800,319209472,-255275008,249014272,-191141888,116593408,-77435392,38385920,-17747968,8928768,-2638720,1369408,-338048,142384,-32512,13696,-2064,848,-184,20,-8,1 # cft deg6 r=0
1938025,2329075,-8815140,-22580895,124391,47339383,41650504,-19596706,-51034559,-15493057,26273392,18199536,-7047742,-7855648,1011516,1838678,-69388,-247295,143,18650,445,-738,-38,12,1 # cft deg6 r=12
-471369919,-1919141113,-2734873494,-1077721027,863184663,635341357,-64024922,87974230,63245127,-156436685,-43754466,63037250,13562494,-14490390,-2549426,2155124,321946,-211835,-27797,13310,1583,-484,-56,8,1 # cft deg6 r=4
42142621,-439588019,-2845076584,-1882336707,-3302858655,-8810670105,-5039410874,5185368328,6815835829,1233023275,-1673704230,-849826070,88741516,150736380,18948320,-11934910,-3393522,337551,227771,11060,-6805,-964,50,18,1 # cft deg6 r=12
-117107371,22610429,-151424334,-6878217,394965713,193071615,-170678008,-173717644,-2647249,62107129,-8083708,-50317284,-17606806,8639266,5501656,-421342,-765458,-53573,57887,9808,-2025,-566,16,14,1 # cft deg6 r=4
-119491,-902082,-2293773,7289696,-9694325,16031916,-2567431,-21884140,19770013,4968416,-16064892,6281694,3994329,-4257712,730954,778332,-441267,17720,59491,-20920,1250,606,-92,-4,1 # cft deg6 r=4
521345,13326125,1883920,-26002735,-3936161,6841987,-11016700,-5317640,2436721,1453821,1368166,915696,149202,-273078,-157926,81942,49834,-16227,-8871,1672,899,-88,-48,2,1 # cft deg6 r=8
85480625,523732500,-2200445125,2960617250,-1993564400,206966850,1007533280,-1111831160,669635069,-258696718,71410410,-21429548,10887435,-5621234,1866282,-381342,74079,-40584,20614,-5750,564,132,-43,4,1 # cft deg6 r=8
-96011921,-180260999,844975156,1381431781,-268511643,-1227509325,-421817946,47034002,-83774109,-37848101,72628142,49733750,2567964,-4930362,-128516,751420,135806,-35563,-8425,2728,843,-60,-26,4,1 # cft deg6 r=12
-603601,4883880,-19305507,44745364,-64996901,64118218,-47061175,26341614,-8471355,-2533058,5124292,-3298238,1475507,-409484,-99360,126728,-51939,20936,-2987,-1416,546,-218,50,-6,1 # cft deg6 r=8
87739,279039,1517124,4128183,10080711,19165249,29801136,37266036,37985479,30868985,19733124,9584560,3726676,1551084,1078522,829200,491338,206591,59095,10076,311,-318,-66,0,1 # cft deg6 r=0
-12504211,225017720,2102145816,5095296456,4655711612,-103691260,-3179690057,-1598098960,746943899,880990450,55004042,-212900832,-66684443,22808732,15004436,455790,-1304299,-281874,22425,18504,2579,-280,-95,0,1 # cft deg6 r=4
575860721,-1342737422,224637111,2153832656,-2136191072,134119942,873144138,-452230478,-73503671,117396226,5905400,-31869858,5637387,3515766,-881424,-306244,70531,30820,-6964,-1336,108,122,-1,-8,1 # cft deg6 r=4
-2355749,-21848046,-71474859,-73380122,90872369,227725828,14561869,-233120626,-75009365,128904942,49217662,-44655198,-15375103,10278874,2570430,-1583372,-211657,157762,3163,-9492,768,306,-52,-4,1 # cft deg6 r=16
885841,-5475666,-697893,35279288,6008500,-72035830,-23825740,54480372,20143963,-19696004,-12738514,-383804,5719849,3137678,-1369824,-1074286,165649,160420,-11782,-12744,682,554,-39,-10,1 # cft deg6 r=12
160352951,483415328,452019161,183090622,-133793529,-265653454,-159777327,-32835110,43003399,42236366,15813140,633952,-4575009,-2091806,-643850,148818,116619,44300,2467,-2702,-1084,-116,14,4,1 # cft deg6 r=4
16745741,84715385,-209590998,-806723777,4222430553,-9051451343,12129305660,-11399233590,8016697977,-4474575911,2092801708,-850802642,306873846,-99634194,29286142,-7804508,1909022,-432275,88295,-16054,2693,-444,78,-10,1 # cft deg6 r=0
10446896,41355840,55063952,24000104,-24274152,-58855504,-30367896,18356880,25519412,9990456,-11119940,-7520216,5359503,87332,-524745,-17058,68480,-10222,-1835,42,418,-56,9,0,1 # cft deg6 r=0
1217501,12132276,81477138,379064870,1116788133,2083944628,2558793608,2178090340,1366302274,654080952,220251878,33120946,-8457783,-4609816,-1172,841968,503514,150880,26198,-118,-667,-260,-32,4,1 # cft deg6 r=0
3072320,22687360,69934880,117315440,111887376,44777216,-32615860,-70511032,-65200272,-41141446,-18324948,-3539222,3081627,3726478,1807822,207608,-250953,-138122,-15628,9114,3053,18,-90,-4,1 # cft deg6 r=8
2213291,14065778,11639252,-33797334,2555519,66640386,-27300990,-70195828,29121180,35383714,-22202160,-10790402,11007475,2518486,-3256490,-478604,583192,68022,-64016,-6966,3979,446,-102,-8,1 # cft deg6 r=12
18994531061,-43325446710,385288587595,-96665396806,266778611594,-355997009886,192126992102,-158362850088,121912896623,-55391108586,21728818086,-9059271168,2760910823,-527410726,91318346,-17304456,882087,178834,112714,-40148,1542,524,7,-14,1 # cft deg6 r=0
295186741,-1984235082,7327907099,-18347384174,33945062411,-48685830860,55825965430,-52181751784,40213169381,-25681262632,13595682797,-5945571634,2134613272,-625549118,150150619,-30567444,5776977,-1095630,187728,-21160,233,322,-33,-4,1 # cft deg6 r=0
-2932889,2161065,11087296,-2935095,-8765147,-13655535,-8833842,22789020,9061691,-14112275,-1101430,4089070,-622988,-574980,165520,4640,-1224,11445,-3557,-1160,473,30,-34,0,1 # cft deg6 r=8
75625,0,-1156500,0,2085850,0,-619915,0,-1580009,0,1864788,0,-592489,0,-160382,0,12649,0,-737,0,101,0,13,0,1 # cft deg6 r=4
1025,3650,43075,363600,1312459,3961092,10693316,17565648,24033143,27153532,328109,-17032956,-5219824,3988562,1875873,-391960,-315721,5036,27024,2030,-1111,-132,15,-2,1 # cft deg6 r=4
-278179,335896,1980473,-6295134,7383381,-1458984,-8177702,13157704,-7221613,-5059120,10330157,-4581602,-1657510,2065172,-358009,-288310,212831,-87116,23406,-2532,-239,120,-37,2,1 # cft deg6 r=4
13138052831,-34535313312,45236951860,-48624988740,44377259215,-29018641192,12093435674,-2628216960,-231290400,543684072,-332496856,129475404,-33912913,6492412,-523254,-398236,208720,-60660,19836,-5144,935,-260,50,-4,1 # cft deg6 r=4
238907531,705298932,-20970116,-2416056616,-3448466361,-1256743456,1296509114,1526364728,442697852,-187914388,-181096524,-43867040,8091615,7644996,1773042,-44972,-169820,-45440,2348,2356,319,28,-26,-4,1 # cft deg6 r=4
86947229,-158333304,480572192,-525587360,305068003,-142740992,32225556,17345656,-15438242,4324156,4157532,-1592268,-2099681,368532,947704,-455560,56502,9668,-4760,48,319,0,-4,4,1 # cft deg6 r=0
101906236,317164164,538430816,844252472,1081566680,1114649372,1141374174,1082777734,811935874,559046734,362153494,168715472,96991595,32288534,16063537,4028304,1693998,327714,114137,16746,4716,484,107,6,1 # cft deg6 r=0
64487861,143353760,433115492,-6755668,-181293714,270589776,109138576,11131052,52875103,3726272,14771076,26121480,4802612,-1418960,2067028,1776168,460059,85472,29592,3212,-2082,-576,-4,12,1 # cft deg6 r=4
-23555929,11390928,75580786,-211068336,305606960,-15254412,-257764766,42970780,149643291,-37172256,-45149948,8405648,10952616,-1050616,-1955180,35080,244509,13360,-21558,-2432,1352,164,-54,-4,1 # cft deg6 r=4
-195372475,407985800,-702846380,569127080,-251013194,-41426744,92251740,-40315800,-20514057,27856400,-12888888,1592272,2816804,-972592,591416,147600,29347,43112,9252,3720,1350,360,44,8,1 # cft deg6 r=4
163216,604384,138624,788032,525840,1249344,383872,982512,-184032,26064,-49480,412816,-56540,-186640,-29140,61880,36396,-22764,-7336,4024,692,-316,-38,8,1 # cft deg6 r=4
6201616,12709632,29582720,39347200,52078544,45449952,33795264,13032272,1332496,-3276496,-1255296,470784,986676,338944,2124,-55688,-16580,968,4616,1052,96,-60,-28,0,1 # cft deg6 r=0
23102964736,-74077952000,129577145856,-141275359232,88038871040,-22705899520,-2142605952,1095773056,533786112,-36761280,-124940448,10095840,35584912,-20516720,4996672,-553760,86536,-61960,23164,-3012,-312,136,-12,-4,1 # cft deg6 r=0
1012475,9957075,-16630290,14198035,-6648981,110855,3780546,-2462414,470905,441255,-376818,85868,107602,-61324,-10660,22864,-1472,-5281,251,616,-149,-128,-8,6,1 # cft deg6 r=4
1391269,-12896015,56265060,-152469633,296350497,-439198515,514934084,-482350672,363320051,-216610033,100053518,-32549866,5549832,1261610,-999414,252428,104838,-83227,37191,-7844,807,120,-68,2,1 # cft deg6 r=0
-176,-3200,-22912,-76368,-136200,-278512,-885164,-1678572,-1443020,-433356,189294,472520,387951,-48690,-219263,-43460,58400,19894,-7867,-3296,588,250,-29,-8,1 # cft deg6 r=8
-102936529,-494752666,-1181235641,-1749727638,-1703872533,-1117805006,-424324194,65067646,221087201,144803298,40543535,-8824242,-16090676,-6513504,670155,1301850,229747,-93752,-35258,1844,2197,94,-69,-4,1 # cft deg6 r=4
31571,325215,-3260770,11053665,-19602241,19350187,-9020902,-1417394,4578633,-2386097,-1027970,1004902,433242,-229704,-92710,18670,11914,-3913,-1441,616,239,-48,-26,2,1 # cft deg6 r=8
209490719,-166295315,-592488178,26849813,39293515,243067645,259545642,-8266192,-44380411,-57375999,-35441890,428388,5547544,4135792,1907312,222858,-31730,-9833,-1735,3842,1359,-114,-60,2,1 # cft deg6 r=8
-41318149,128746895,-63752464,-159166725,206278689,-83658265,-13904130,58262880,-34162061,-1268085,8079342,-4291010,-137172,893160,-345116,-97400,82644,3075,-11305,480,1021,-30,-50,0,1 # cft deg6 r=8
6705810431,6836984562,14319838165,11976410990,2577456869,4398994446,2663786907,8681900,623272069,219384816,-27673308,63559750,2172263,126278,3271070,-585124,259377,15872,-3899,4918,-360,86,30,-4,1 # cft deg6 r=0
999571,5153198,1977323,-6022908,36709575,-132874372,325155725,-511788028,517289789,-340700134,135518948,-15519438,-17213111,11995146,-3500018,143092,287799,-113294,16145,1946,-1270,186,2,-4,1 # cft deg6 r=0
-44757851,-19416246,81378278,317064964,-438110985,9271740,94746874,-23971288,49730842,-47384514,20303294,-11374004,6344635,-2413036,971150,-375496,126250,-37614,10218,-3324,551,-128,38,0,1 # cft deg6 r=4
-46929739,406133403,-99580516,-545538241,132610037,460431845,3529664,-210190242,-59741453,32163697,17917166,96566,-1316058,-310664,-187486,-23226,31450,6731,-371,-264,-159,-44,2,2,1 # cft deg6 r=4
38394989,-199389052,551662707,-265929714,-136284001,119042966,-137447663,-3911396,75335093,7341730,-9105002,-2784280,-660007,620256,316360,-67840,-27739,-898,553,1244,-28,-116,8,0,1 # cft deg6 r=0
-71,2258,2947,-144034,583045,-735788,-1397323,6948572,-10780197,10472994,-3433142,-1534448,306933,-1801324,-62040,-86492,-50087,41868,2705,1132,706,-192,-32,8,1 # cft deg6 r=12
116447329,186918536,-503295938,-1332279172,-124036915,2411118836,2180274934,-887360452,-2031157774,-382584720,702865142,324231068,-96006603,-84223876,-157710,10810692,1504874,-754224,-169910,28836,7717,-556,-150,4,1 # cft deg6 r=16
1,0,-82,0,-2323,0,182042,0,270762,0,-931674,0,-668107,0,-53514,0,30762,0,1642,0,-403,0,-2,0,1 # cft deg6 r=12
-7977191,25360732,104072724,-127174468,-312165862,172099636,246039844,-193701932,-56160161,108253528,-18224536,-23144680,10980940,1733160,-2861272,236392,441959,-74740,-42108,7404,2490,-284,-76,4,1 # cft deg6 r=12
48309089,-126622624,-1062332713,-859683038,1022208153,1399147814,520070913,444106612,765195351,837695418,692644926,440789900,212840871,80309060,23487200,4634428,330487,-128386,-63503,-18168,-3484,-310,32,12,1 # cft deg6 r=8
291398096,-1001138496,1807566000,-3732360064,6477516544,-5136586304,-932735760,4280414608,-2078667760,-571297328,784563376,-138163232,-87370764,39893640,305424,-3831704,761612,160572,-79872,-1720,4220,-12,-106,0,1 # cft deg6 r=8
-225131,-4746400,-36492698,-117375260,-91911923,260433784,401531190,-184988144,-418948866,34658324,200681742,15186864,-54370963,-9517576,9046518,2530028,-766854,-346352,602,16280,2477,100,-18,0,1 # cft deg6 r=12
-1936,-25424,98304,109856,-883608,808792,1793956,-4121596,1637736,2795848,-3001274,-165572,1662283,-418220,-497327,177566,95832,-34432,-13363,3334,1212,-144,-57,2,1 # cft deg6 r=12
419820421,2582606484,2246729148,-4641393228,5159761734,1770573604,-6534447692,2199435796,1769870359,-1101124888,-452367448,307417352,66248324,-47868376,-4678376,3813736,359555,47364,23516,-7228,-1258,52,-12,4,1 # cft deg6 r=8
-5675776,-73570048,126663424,838438144,1516970368,1515604128,878405616,197808496,-109864304,-114500456,-43354572,-3556308,3999635,1508732,-225829,-366538,-148060,-33276,-4813,-1082,-428,-52,27,10,1 # cft deg6 r=8
232469,274700,-92745943,-267782806,-155815431,376587708,834440318,231004936,-711927809,-559060320,89586493,208261186,25138014,-35844488,-8687917,3525670,1151075,-214628,-85338,8228,3761,-188,-93,2,1 # cft deg6 r=8
269819,-2592468,10061494,-19251554,13412324,17729248,-48100153,38948338,1174303,-24553032,14561596,1940244,-5256699,1420800,601668,-400042,18577,42876,-11105,-1816,1143,-12,-53,2,1 # cft deg6 r=12
6400,0,614400,0,-3448320,0,-3898240,0,11246976,0,19482944,0,5916592,0,656992,0,-76464,0,-18440,0,216,0,44,0,1 # cft deg6 r=8
195745,-802530,-33371075,-37318900,28701834,-9395634,25985558,-13093510,2394375,-1155886,-355546,1293342,-725361,254734,-94454,13686,8167,-3150,126,34,-62,32,5,-6,1 # cft deg6 r=8
-3017821,23781438,-51304481,-47927600,293489718,-261988918,-124484788,305054082,-142624913,-48671090,60981852,-2984822,-15904025,4382614,2895972,-1708934,-43529,246966,-45700,-12386,3760,252,-107,-2,1 # cft deg6 r=12
47909696,-311362496,580676992,-743108288,90777952,906146720,-1439252064,860807136,417055968,-568757776,187221424,228555376,-95350920,-62928648,14167304,9878776,-716712,-843556,-14280,38704,2694,-894,-92,8,1 # cft deg6 r=8
-580864,6503936,-30798336,100387328,-210713088,280342784,-129493376,-251889792,581844736,-459267584,47153920,200899392,-111448784,17700576,-2206448,-5811232,2254864,298832,-59568,-8536,-2844,-200,20,4,1 # cft deg6 r=8
-893696,-4661248,-7138048,1602688,28280192,69956736,107170608,118418192,94432688,48818128,6029960,-16690670,-19225557,-12021224,-4739967,-975348,91760,133780,37749,1328,-1872,-428,-3,10,1 # cft deg6 r=8
-145638775,-140926900,448698650,-92209500,-185053235,-271307260,576490690,-205873460,-155594166,75336844,83034034,-53122320,-25738975,34080480,-10659834,-545524,1111282,-244280,1134,10092,-2267,96,42,-8,1 # cft deg6 r=4
50757025,34982900,-115579025,-39746700,157890445,47128930,-101345830,-19231350,49840691,14746890,-6249163,1233364,4332134,-319930,-1621245,-237684,371669,35334,-47258,476,2995,-240,-79,6,1 # cft deg6 r=4
93637001,-109038532,-264134189,-400653870,-350530767,42993320,417910079,409009078,183745989,65785664,41136272,43389968,42488243,31048844,17774800,8154584,3036203,931860,235875,49402,8898,1232,158,12,1 # cft deg6 r=4
3167293141,12617829700,15275324563,-3067566400,-21019344567,-10453520066,8620584510,8291759882,-792865193,-2634167874,-330539745,441960462,107557442,-44539340,-15349243,2724976,1401615,-13366,-67218,-11538,-567,322,93,10,1 # cft deg6 r=4
11387309,68432488,12972060,-426403568,-487267690,229707180,1097045840,302812596,-978359413,-321453792,397797856,144389472,-80527336,-38338248,8135224,5730664,-226953,-484408,-28220,22352,2754,-500,-88,4,1 # cft deg6 r=8
13969681,38733396,18743186,-33590308,-24696315,8046644,-7793170,-8151808,14117258,1938196,-8366182,3725780,3039277,-2850052,-177726,813872,-277798,-25892,51526,-13428,-939,828,-70,-8,1 # cft deg6 r=8
24025,-1606200,2321350,6935500,-2817395,-7534920,4913970,6081320,-1116794,662804,-2171846,-1297308,111113,-285708,92334,32228,12858,21092,2118,-120,297,-56,-26,4,1 # cft deg6 r=8
-1331,1090,61801,-329482,820642,-1141268,804932,-15712,-397767,99908,359528,-434436,217227,-43044,9458,-24826,25609,-14466,5234,-1486,426,-118,35,-6,1 # cft deg6 r=4
1046530379,-674382584,-548700288,-3196700984,4848109101,-436107042,-2839911648,1753696212,304512160,-707661696,180647980,102742896,-65268439,920334,8585004,-1989976,-415360,228696,-8716,-11060,1689,214,-64,0,1 # cft deg6 r=4
-7385023525,-175077104250,140197272950,233789609500,-153260168745,-133582351790,69041171320,42812853640,-15742242136,-8787183706,1731927462,1327741876,-85471009,-137529074,-3324144,9637152,915252,-462294,-70986,14332,2963,-226,-72,0,1 # cft deg6 r=8
-538731,-2657448,-3235302,1434456,-27423,-20436300,-37741534,-18989464,17357962,25517212,5553446,-8619196,-5747183,556972,1658722,314564,-225322,-86048,13034,9428,109,-472,-42,8,1 # cft deg6 r=8
1585081,8994296,-5668488,-10620748,16018415,-2244000,-34111696,2639276,34599038,4604216,-18678332,-5331432,5782527,2311836,-1091480,-546116,132378,77940,-11088,-6844,715,348,-36,-8,1 # cft deg6 r=8
-9163398689,-51401786982,-2562003744,245073570648,-20426639936,-148415200358,94497224196,-25623115704,9051827439,-9056619356,3132762640,1360652496,-1093274156,85351036,97524280,-22113936,-3472623,1509506,13936,-52376,2908,970,-92,-8,1 # cft deg6 r=4
-667451,1396760,-307122,-2924956,5339325,-5018276,3620194,-2433024,990666,96000,-350670,111436,58733,-39044,16690,760,1478,280,-226,-276,-23,-28,-2,0,1 # cft deg6 r=4
5300671,22537096,30859570,100594,-37205750,-21902564,21070227,25871610,-393657,-12587464,-7554824,-3178272,-1425515,629620,1310208,480374,-123473,-119224,-11945,9368,2165,-260,-89,2,1 # cft deg6 r=8
-3114911,-40980704,-211360306,-535852524,-689053071,-448763328,-227700438,-124145856,66063786,44015996,-22859498,11166196,-18075627,9581556,-2611670,1232724,-484786,-11844,55490,-8824,-1883,584,-2,-12,1 # cft deg6 r=4
-13503859,56862156,-12189455,-18316712,-131915666,175911490,208266248,-148348352,-75258131,51080208,-3452312,144238,3229517,-2732656,149820,300384,-90223,24176,-1474,-4494,1376,80,-67,2,1 # cft deg6 r=4
1579429511,4106626978,-865749307,-3410975038,13586813774,14167060640,-11880486714,-10782411880,6110862773,3530870936,-1707481222,-688267936,284752199,88606734,-30416752,-7869354,2188423,487400,-109454,-20494,3852,524,-89,-6,1 # cft deg6 r=4
-84736,-100352,1311616,7410944,21236672,40941728,57607696,57988736,35267928,2963920,-13985444,-8724370,2610147,6022094,2964556,125332,-486913,-196884,-13240,5134,565,230,64,0,1 # cft deg6 r=4
182704,-1610752,5233072,-8029456,4653632,2031704,-2906340,-850960,2902860,-1774152,-102228,617826,-216077,16298,640,-28900,18531,3908,-4328,-190,493,2,-32,0,1 # cft deg6 r=4
-1589179,-1317992,5727678,4925576,-6134538,-3716018,2380699,-3595420,-2599661,2102526,-1090900,-464496,691849,-311016,1160,81936,-39101,4160,5119,-2378,97,186,-37,-2,1 # cft deg6 r=4
24729725,5184600,43235650,-88882800,73964965,45295140,229556730,-342009560,-58214666,229678924,19361986,-54789760,-8597511,8507768,2636810,-1471596,-70046,169300,-13458,-3452,1057,20,70,4,1 # cft deg6 r=0
340363045,-2781150910,9716032150,4017165220,21740516546,31568229554,-12407787218,-19460250524,6176025387,6535458772,-1554955684,-1295593448,196955328,158434924,-12151772,-12800072,227023,730394,10270,-30828,-114,882,-34,-12,1 # cft deg6 r=0
1466905,-15666400,67384150,-111561980,85750621,-2019452,-62707630,60429324,-20652490,-6977888,10006162,-3774892,104121,256948,144194,-240300,143202,-56024,17910,-5492,1681,-444,90,-12,1 # cft deg6 r=0
57844,-240668,1142792,-3485312,8459996,-17550460,29941318,-41249560,46354200,-42765570,32242398,-19782040,10004689,-4364454,1779322,-725712,290501,-103114,27944,-4040,-495,354,-46,-4,1 # cft deg6 r=0
-1,-86,-3018,-55154,-547591,-2717246,-4733696,3069804,13266120,-969814,-14135630,1723146,6616629,-1471906,-1125412,53716,346108,-141898,29122,-3738,-755,430,-32,-8,1 # cft deg6 r=16
-115600,-2577200,5339200,-10350800,26630840,-38527960,54200060,-82721180,89672156,-85306720,85898650,-62856812,24542003,-4763692,1170210,213312,-871409,416668,-32498,-24152,5241,312,-134,0,1 # cft deg6 r=12
150191024,-211727904,63875680,1320594400,-2833451280,-514169184,2556294144,-274283216,-502992848,235634704,-21331584,-63873856,17621604,9748480,-2165172,-1094464,120188,99792,-5256,-6724,356,308,-24,-8,1 # cft deg6 r=8
-21387391,88063890,-69298978,-227596832,725154101,-685457036,-38601614,531758432,-388173004,25519526,139551018,-91162760,13762827,10633688,-6019188,575212,353216,-59094,3696,-11052,2189,432,-96,-4,1 # cft deg6 r=8
4729741,21273912,-44008114,-123864504,-104151579,-62785456,-39199262,-17597248,-5439866,-4832764,-4659650,-3770600,-2505699,-1265780,-445214,-67428,46178,50340,23610,4740,-423,-384,-50,4,1 # cft deg6 r=8
-3981056,-31196160,-56078592,10008576,100666624,54439424,-54058752,-59961600,3297216,26461440,7259584,-5967616,-3546544,494464,890768,147424,-104976,-49472,-1312,4232,964,-56,-52,-4,1 # cft deg6 r=12
-3321194224,2825243440,11257872432,-15996499040,-4662888240,20568980040,-12453088860,-247470200,3417250552,-1997825040,712386732,73577120,-283586147,110846060,14568874,-18480440,2295899,954360,-224156,-21280,8143,180,-142,0,1 # cft deg6 r=12
-32881,-189604,1226634,9886294,24653066,20880356,-25556245,-85490554,-95561421,-44639308,12020932,29996080,17678145,2990176,-2297484,-1764690,-510221,-19456,36419,12000,761,-388,-73,2,1 # cft deg6 r=12
738931,-32773430,-7387911,493208642,-773012697,-163709200,801551425,-43040118,-376449301,-6854054,60502144,33295588,1768325,-12623428,-2276908,2163228,430229,-205182,-43355,11174,2510,-328,-78,4,1 # cft deg6 r=8
-477993829,3773220778,-14169549422,33440889234,-55291407227,68134707110,-65227010044,49625556916,-29968696632,13912988434,-4545420242,726471022,202962085,-198232798,76058940,-15227020,110364,820422,-230710,35666,-3463,-70,64,-8,1 # cft deg6 r=8
-726521,-7376584,-20150043,-15918200,14083432,33352726,20687632,-4979114,-17391579,-10411142,-828496,3242826,2603097,463818,-399404,-266126,-42211,28918,16424,710,-1454,-306,31,14,1 # cft deg6 r=8
48441889,374911840,1086175100,1464789284,356594806,-1923743540,-2258461728,-405573312,1134584147,918207664,66711296,-243968472,-115142280,5911864,20134680,5264704,-525013,-472288,-44428,16148,3314,-212,-88,0,1 # cft deg6 r=4
4887581,-5118484,27403828,-18195460,25610830,8271124,-7990292,3972132,3601895,-5028104,-8441208,-3180136,-15788,300904,183000,62600,98267,91740,26628,-1620,-1666,68,124,20,1 # cft deg6 r=4
-42939031,8267052,115700406,-12567100,-106849443,-23756080,58308174,45862780,-11522654,-42714892,1645734,23118788,-583563,-7564256,161602,1718564,121826,-205860,-29078,12332,2301,-360,-78,4,1 # cft deg6 r=4
-352571,209032,520554,764444,6071773,19178540,20307646,6093220,-6218378,-8049504,-4110638,-1285268,-289307,-169004,-228270,-183476,-67122,-2000,9662,4420,565,-68,-22,-4,1 # cft deg6 r=4
-47092775,-39979100,6475460,-51123220,141881986,353425940,211002988,-58741204,-188005249,-214056984,-190514600,-107126664,-33186660,-4067864,4440872,5212760,2052103,127860,-32988,-3300,-1150,-252,44,-4,1 # cft deg6 r=4
639932721109,-2648271466116,4750472377454,-4826081298224,3047498873885,-1258769359544,387359326322,-133688784840,61700744454,-24885559440,7390299086,-1939273844,610995537,-206100808,57756498,-13506484,3140778,-775860,175970,-33244,5517,-900,138,-16,1 # cft deg6 r=4
145817005,506383460,-377713390,-439704340,-940709399,3418733732,-3455860182,1937438896,-874987786,378066372,-70896078,-120948828,179668009,-144010676,82358838,-36353184,12832270,-3693492,875134,-170724,27201,-3476,342,-24,1 # cft deg6 r=4
7440488011,8533877092,-7332240609,-2093777736,297969681,817191978,-99971851,-222260036,150590263,-63825362,8564882,8429860,-6801969,2783836,-578432,20836,60797,-52416,26971,-10132,2892,-638,104,-12,1 # cft deg6 r=4
32596976,-209869536,632169312,-1263436368,1872879440,-2221476376,2198506756,-1849691880,1334873188,-836657416,462770372,-229024020,101717277,-40190684,13944254,-4219584,1113519,-250856,43372,-3580,-625,212,-2,-8,1 # cft deg6 r=4
-308495,261660,2915760,600880,-4344184,-1199044,-6225723,-11218816,675273,8581060,305664,-8154640,-6619669,-1219976,1125936,667138,18479,-78272,-13655,5918,2033,-36,-71,-2,1 # cft deg6 r=4
2338171,-5802248,780465,3552782,227464,6722994,3150878,-862708,298861,-664846,35670,1202848,889097,549866,324926,101148,17693,2990,-1350,-876,-38,54,21,6,1 # cft deg6 r=0
-13255,118790,-137259,-1974428,10006326,-21901946,26628746,-19040080,6878639,-744816,1533606,-1307172,-519603,515364,183252,-197452,12181,24794,-5116,-1890,736,24,-39,2,1 # cft deg6 r=4
4855939,2118764,-7885961,1267546,5397601,-5775268,1233107,4314898,-3946081,-617952,1886808,-90392,-588601,12616,224128,-49972,-40567,14768,4391,-2418,-140,188,-6,-8,1 # cft deg6 r=4
14378705,-182786020,-771592811,-679562340,552348029,1422534902,103550849,-732081348,-386410517,202652162,191003698,-37158582,-39956931,2740064,2975448,1699138,-417513,-376156,125917,6970,-7448,740,88,-20,1 # cft deg6 r=12
49414459,-242488194,685946317,-1295167838,1901152971,-2220146862,2162804797,-1768600254,1239934907,-745749448,388514740,-174619044,68003919,-23061498,7073142,-2137698,675003,-208958,53067,-9562,1792,-594,154,-20,1 # cft deg6 r=0
-1222399,1412084,12399432,-11534162,-37859652,28852008,31822939,-26411990,-2548373,24101516,5824008,-2671408,828731,404488,-516834,-121466,53159,852,-4331,1968,583,-140,-41,2,1 # cft deg6 r=12
19186136975,-57135925,-11988190440,2674864125,3033289291,-1707501371,210875910,440843354,-267340779,-28019713,56052422,-12361476,-3173688,3861946,-352522,-415612,89200,9619,-9881,1632,813,-144,-42,4,1 # cft deg6 r=0
-175573141,-11404206,924417182,-518704248,-1183461229,1152177542,236744050,-547852816,13630384,147563442,4062290,-51581928,6203823,14527306,-6826778,-271560,1134024,-352290,4610,24232,-6565,562,58,-16,1 # cft deg6 r=8
269,-6736,55819,-250372,889456,-2813158,7452560,-14054902,15211197,-7254786,-1248872,3985126,-3105683,1560682,-509664,44758,76853,-50086,14136,-2606,280,118,-51,2,1 # cft deg6 r=12
-164525,2131950,-6318710,4035180,11534234,-24577132,9174025,10061782,-13007537,3965900,958864,639320,-1280295,1125206,-819916,361860,-128869,36594,-4039,-270,397,-172,33,-6,1 # cft deg6 r=8
1253846989,11651220852,-48072325254,73527098376,-55994525231,16238421908,8513413786,-11060035500,5444430086,-1572891884,336774954,-83164020,14833301,5619984,-3891542,210876,479814,-171296,7362,9448,-2375,24,86,-16,1 # cft deg6 r=4
-6093859,23157216,-57029698,33548016,-25977151,14897480,-11124018,7749784,6228246,-4145280,1730414,-3050704,1221233,-347688,342898,-97288,17006,-18000,4034,-176,601,-72,2,-8,1 # cft deg6 r=4
-68351,3247546,-36996153,-122039606,1508347386,-1480263136,1812876760,-1100463982,705742463,-197759146,22994194,30374702,-18454757,6809860,-2076960,241922,55199,-72064,23178,-3868,602,172,-37,-6,1 # cft deg6 r=4
-4882895,-37687540,-133759974,-261879028,-485781479,-717751592,-706277434,-405932496,39725658,289573452,252755390,76295880,-12984503,-14850612,-4588278,-159368,420890,28208,-5154,596,-1359,620,-30,-12,1 # cft deg6 r=8
126929,300216,878110,1349912,-8141247,-34001024,-51164138,-28769904,20350250,48480424,31692670,-1183440,-14474535,-7945864,244498,1963888,635754,-93040,-81478,-4584,4001,424,-94,-8,1 # cft deg6 r=12
-1257649,-329798,-14263360,5187196,-29263214,16220198,76010239,-21336202,-18116733,34906524,10961568,1479868,5532201,520282,772086,1743964,291227,-261416,-64579,14162,4257,-310,-113,2,1 # cft deg6 r=8
10018208281,0,63729916068,0,3861619602,0,20517363292,0,6477149583,0,-2286070104,0,101758220,0,10550808,0,-502537,0,-55628,0,4546,0,-116,0,1 # cft deg6 r=4
-8830301,-11097730,103356656,-132469238,-40047218,165596742,-20514859,-124961594,33476991,62600852,-17733120,-27341078,3345089,8680430,460850,-1949992,-204235,273370,26117,-27094,1045,852,-67,-10,1 # cft deg6 r=4
654481,-2443180,-532774,9820302,-1983632,-19687830,4684353,22994494,-3119445,-16727080,-675416,7489508,1635379,-2419836,-1269376,299750,345091,3618,-45599,-4108,2991,310,-87,-6,1 # cft deg6 r=4
-1248725,-1143900,4198610,7026100,3982344,-20140234,-33729143,31979186,54962855,-26862420,-42799738,12224236,18319261,-3262448,-4598910,537810,697495,-55470,-63987,3508,3417,-126,-95,2,1 # cft deg6 r=16
-281,-10056,-76880,-68140,413327,271460,-1577510,-1453360,2053096,2848896,-1350340,-2726676,706487,1397108,-331334,-385004,96276,58872,-15444,-4992,1335,220,-58,-4,1 # cft deg6 r=16
-378064,-1635520,-1808624,-398944,1178448,1313472,1115808,404064,740208,490560,97208,-539136,-438620,-72008,31588,82872,18040,-5692,-3932,-1992,772,168,-48,-4,1 # cft deg6 r=8
-9678064,-179218688,1320612240,333051200,307554064,1444047984,-13917536,-409929680,-61948304,-136759376,-36654000,90863408,25871540,-20992000,-6336172,2765768,836108,-227036,-66064,11532,3168,-332,-86,4,1 # cft deg6 r=8
346019,-3798996,15617938,-25942792,8374580,32877274,-46761339,2259674,43100835,-21875888,-20084614,14962212,5965505,-5099300,-1270970,1021210,197611,-124766,-21391,9104,1489,-362,-59,6,1 # cft deg6 r=8
287639,1025560,483255,-2913748,-5899408,-236126,11293166,9010106,-7699471,-11938802,831778,7231570,1629749,-2380462,-980826,433146,257777,-40430,-36146,1398,2694,26,-93,-2,1 # cft deg6 r=8
585181,0,-7159957,0,-20400522,0,21151718,0,57440107,0,-608638,0,-27855185,0,-5193134,0,1692011,0,-35546,0,-5778,0,3,0,1 # cft deg6 r=12
116764021,-239237920,450688897,-1266211584,1689798331,-161539260,-1618312997,1240800696,134584993,-523686632,148408042,81092226,-50559343,-2803684,8065844,-1124964,-661439,199194,20371,-15810,1228,554,-104,-2,1 # cft deg6 r=8
17662391,6402010,55376177,20081542,80438431,38633702,74910085,44764562,50694937,33343408,25549726,16675178,9560449,5490198,2660082,1122084,473215,137990,31567,5640,-610,-544,-48,8,1 # cft deg6 r=0
843691,31561843,-21192074,-93792399,51755665,98377843,-30849666,-63478328,2590265,26729379,5092776,-6788718,-2875208,826428,743274,30470,-99680,-25153,5391,3338,195,-170,-36,2,1 # cft deg6 r=12
-362231,649178,3335678,8936188,-9757390,-29808188,20032885,34044466,4058907,-12009844,-9489090,-48622,3581311,1718444,-93552,-380530,-127341,8932,18179,4198,-579,-360,-19,8,1 # cft deg6 r=4
-10235269,2738538,72275565,71295276,-75744439,-209546192,-118813051,97238302,170820223,68006612,-35574182,-41352790,-4697265,9677096,4043234,-734400,-865571,-146654,42971,18262,838,-556,-78,4,1 # cft deg6 r=12
4777519,-23660910,-62894943,-17652776,41864637,16104110,-22739986,5476296,40767143,27140962,-3766467,-12609890,-4155032,2253492,1961801,177296,-293379,-101424,9346,10118,911,-366,-63,4,1 # cft deg6 r=8
102821,-4309784,5145219,9004562,-12662011,-3597284,15737851,-4079654,-15793007,1258648,8314100,1727464,-476185,673140,195984,-449792,-254325,11820,39687,7102,-1646,-572,-6,12,1 # cft deg6 r=12
261291361,-535497998,534795175,-336196952,27734192,140499370,-138223132,83357832,-26043935,-4286716,12395884,-10420308,3165855,1921292,-1615934,58952,258659,-50782,-21070,6374,990,-368,-31,10,1 # cft deg6 r=8
-612050801,2627688392,-7073760708,12939376892,-16477291884,14485251020,-8238664401,2175596668,764021263,-975896630,333770202,36026546,-69720433,18087596,3774058,-2993860,301771,184572,-51159,-3154,2729,-138,-69,6,1 # cft deg6 r=4
4868869,21566172,15426953,27141846,2403672,26429458,-6208734,15860636,-6527819,6450298,-2256260,1050464,-102565,-72530,107648,-91062,58111,-21716,4344,-1294,572,-116,5,-4,1 # cft deg6 r=4
12221,102454,508498,1459208,2543892,2932712,3156871,2575654,2086759,940650,1151202,788282,1224113,686466,618484,241080,125521,24498,6131,-1380,-299,-194,7,0,1 # cft deg6 r=0
-48956,-1080072,-6227240,9158922,1666052,4262082,6150235,-28057404,-3016018,22700146,845116,-6011694,-721547,268136,310332,149692,-22220,-18862,-4917,-1052,250,100,12,6,1 # cft deg6 r=8
-58816,698560,6555136,41100432,77211216,-10903288,-160365716,-96436256,108680760,119663294,-18015966,-53871840,-4985435,11698960,1724087,-1473886,-156246,114166,2933,-3830,592,-6,-37,4,1 # cft deg6 r=8
1205284,9521740,32342112,58664866,52720614,34866,-53506779,-56055206,-21107782,5028776,10321818,9122770,7389433,4228544,1436276,299244,49446,6342,2785,1118,-110,-38,-2,-2,1 # cft deg6 r=0
102014699,-744789200,1879825579,-2191536106,1153241413,-123082268,-119806665,109702162,-106639515,20444572,39436532,-17044546,-4990331,2081816,1305896,-523128,2111,-3394,8521,-3876,1492,-122,-46,2,1 # cft deg6 r=4
2795711,-9551672,-92151181,124271834,395851429,-623705114,-440896917,1065399310,-174156903,-408436228,101420036,78415362,-9436683,-11366796,-1071850,1292114,200541,-85736,-8991,2022,384,66,-28,-2,1 # cft deg6 r=4
-1566151,1947775,37247828,40792551,74554715,-17911057,-58715976,-13966056,8042683,5997507,1374674,-768206,161760,-250698,128736,-88232,30988,-13453,6455,-1310,637,-72,40,0,1 # cft deg6 r=4
-147637729,-675415650,278511885,1011894860,-161721047,-459682958,188104803,73376248,-100425005,14829628,20619484,-7261030,1340677,2079846,-189974,132092,105091,186,6655,2698,68,140,26,0,1 # cft deg6 r=4
233526131,-1146146792,907899336,-541886016,2583955956,-3332722932,1027614069,653011940,-634415001,326892332,-121371212,-28823914,53592945,-18638396,819348,950930,-396211,123090,-10033,-6030,1085,78,7,-10,1 # cft deg6 r=4
-416569,-1959678,-10381733,-34379876,-65270837,-65701284,-11439721,45716898,43156213,8480810,-9625624,-8205052,-1836079,1151854,744730,6318,-87531,-13736,3799,930,132,26,-26,-4,1 # cft deg6 r=4
216492044,30752676,-377981592,115023662,265585266,-193072462,-37590495,47019416,19946894,-10355064,-9382288,3012360,2283621,-599478,-459370,149736,115312,-9760,-8311,4082,1760,-38,-70,-2,1 # cft deg6 r=0
3949201,16193228,37429189,73789882,120206211,140783958,110755989,54142038,10025199,-7586458,-7288028,-2127836,905063,1373432,887908,389076,118935,27680,6101,798,-72,-6,-10,-4,1 # cft deg6 r=0
832345,-5153725,9311860,-10406135,18840701,-316199,21602520,-855752,4736741,-652439,1072844,897112,150984,56914,-14654,8402,24120,507,-281,60,87,92,40,10,1 # cft deg6 r=0
98413381,-2078967,8689148,-5323321,44070489,-25100919,6261836,-9058450,13593837,-9764023,2014584,-20676,258456,-273062,29154,43348,304,-2493,-223,764,191,-112,-26,4,1 # cft deg6 r=0
-298096,7056592,-18338576,-7250224,83757352,-85930664,-86956212,196925100,-21197332,-150843812,77367056,41809690,-42369315,1152306,9066382,-2462708,-665545,380072,-9824,-20974,2599,482,-90,-4,1 # cft deg6 r=12
-6543781,31573261,-17531636,-99278411,142516363,16974985,-117547078,35212630,23792665,-7875173,3264098,-6968846,318686,3501764,-1130658,-612290,325520,45173,-40929,-792,2609,-56,-82,2,1 # cft deg6 r=16
-180511,194480,-814913,1239862,-1828863,3359712,-2341641,4545738,-2007747,3129856,-685246,1435918,561845,541702,428346,90772,70293,7328,873,600,-462,40,-8,0,1 # cft deg6 r=4
-827389,645669,1308362,-617359,-621193,61447,-427894,-33520,564531,-172527,7904,98884,9826,-48986,31114,-51386,13122,-6039,2055,972,87,160,24,6,1 # cft deg6 r=4
89208551,-194864110,-474388761,-395139522,-417353158,-187566002,157165478,190756252,52425299,-25485254,-21275036,-4137688,876741,716982,245316,56490,-7063,-10484,-1756,342,12,-50,-5,4,1 # cft deg6 r=8
-2591900,10350000,-18799100,18124050,-3991210,-17937750,38491045,-51390100,54181154,-45566490,28760808,-11966042,1682865,1727956,-1543420,664988,-157562,5290,10777,-4028,602,44,-24,2,1 # cft deg6 r=4
841591421,1043730589,1558373536,662893503,-860222675,-2210043161,-2406046358,-1725149564,-751902621,-93397211,130502458,101818882,33445400,988750,-3703352,-1525974,-177588,60067,26637,2250,-867,-262,-8,6,1 # cft deg6 r=4
95438423329,65372268504,-83257721097,28240086604,20817641929,-9430383672,-6099286059,5961574158,-453395461,-1217695368,514969202,45324256,-82120827,14842164,5565432,-2370512,-49127,175458,-18367,-7034,1534,150,-56,0,1 # cft deg6 r=4
-98687500,-744500000,-2535100000,-5154856250,-6900036250,-6217891250,-3576046625,-969734500,252134550,320368000,85828540,-17299900,-12769511,527824,1349458,-108752,-214754,-14644,21459,4772,-800,-366,-8,10,1 # cft deg6 r=8
118525,-2489800,21645000,-92481750,162394710,4143190,-267862525,48912410,188159851,-8584570,-63559054,-2984706,8484385,-838972,-718030,436674,69347,-73394,-8363,6730,959,-288,-53,4,1 # cft deg6 r=8
106854725,176773525,193350840,26526855,143132471,23383031,86985734,-14246918,27287123,6866099,8194738,-589276,2602372,775598,-98120,203648,37822,-3489,5565,908,-189,12,26,-10,1 # cft deg6 r=0
1787911939,2247517580,2656730303,355504320,1054853685,-436368638,402567139,-153489978,130015779,-51612950,22349712,-10799364,4379117,-984190,-24606,50030,-15239,-3878,4247,-1206,-30,94,-2,-4,1 # cft deg6 r=0
-7970519,215274104,-837114992,-1758144376,1405690147,4016664700,910538596,-2560841640,-1837120338,113688792,552061396,168530344,-39348245,-34181096,-4481140,2458456,956162,-31468,-70296,-5520,2695,344,-60,-8,1 # cft deg6 r=12
1399,45840,17568,-1317330,4074810,-4791026,1001865,4583718,-5806609,1141100,2728172,-1948956,-443347,1194512,-336662,-304230,167051,29198,-27521,-608,2097,-50,-75,2,1 # cft deg6 r=12
-53875,365100,-988545,1166700,9416,-1503982,894418,1550318,-2338039,189098,1802354,-1273450,-236183,660418,-207130,-118362,93605,3170,-18010,1318,1768,-98,-73,2,1 # cft deg6 r=12
9114137329,36036359920,-119859826090,-61004511300,199186674005,111079958096,-162281091826,-85686844420,81481086750,27849413336,-23753909870,-4194078724,3872530197,307752960,-356409258,-13994484,19828898,542736,-688606,-18852,14697,416,-178,-4,1 # cft deg6 r=12
-204611,5183024,-19103250,-8345132,51640905,38289624,-93087990,-119959512,15978354,111879620,65310870,-4864232,-19164759,-5805032,1191298,1064044,71354,-62832,-11862,2368,421,-244,90,-16,1 # cft deg6 r=8
36301,752808,948294,-3681814,-5867994,15358382,-8071695,1255586,-777181,-4260316,4569320,-1770656,249947,289408,-222204,117494,-46515,8298,1749,-936,-71,74,1,-6,1 # cft deg6 r=8
7168001,-11341456,-37229242,52187474,46985198,-36955406,-23516543,-16252786,-16533545,19035928,21078940,-5800056,-11018749,-1489528,2092016,746590,-125603,-102102,-5587,6368,1101,-186,-55,2,1 # cft deg6 r=12
-890531149,-3223231460,-3302076426,523087036,3320042487,2972990242,1794492138,881739076,216432768,-67546168,-95469674,-72184968,-38811129,-12960922,-687758,1082620,497180,110800,7838,-4932,-1569,-222,2,8,1 # cft deg6 r=8
25795099,2360860,-87536473,-18003544,110383768,16877146,-98374034,-34269494,46034565,33691026,-3699994,-12609782,-4989963,615594,1513590,493518,-72671,-92330,-16902,5054,2022,-46,-77,-2,1 # cft deg6 r=8
2006250041,1085941740,-622457616,-309219928,687842802,34641184,-245079608,131805708,47598799,-38326416,7188284,7662832,-2210316,-76104,569492,-14264,-28521,19156,2676,-1480,106,88,-28,-4,1 # cft deg6 r=4
38000,676800,4560320,23400320,72072784,138490864,169960560,122139472,24564768,-40809296,-36459312,-602688,18086964,13114584,3230836,-813520,-729864,-126760,32644,15284,784,-504,-74,4,1 # cft deg6 r=4
2173999,11553192,2930245,-49750460,-38458648,3569358,15331820,8496318,-8853327,-4490678,2856964,1089470,-632399,10822,-15060,2806,13665,-1722,-2420,914,-34,-50,19,-6,1 # cft deg6 r=4
22669,10608,-78180,-810304,-2860569,-6120516,-8862392,-8561072,-3469754,5581732,12895240,12372512,5950011,708304,-696932,-388716,-109998,-30300,-4176,1892,515,-116,-32,4,1 # cft deg6 r=8
-28949,170292,-253204,-262020,1151899,-1899480,1382226,2602700,-5513860,4427744,2007912,-5671032,1165671,1913768,-654058,-247152,118648,3412,-11200,2144,743,-180,-38,4,1 # cft deg6 r=12
39601,0,-380274,0,282841,0,-855022,0,659330,0,-117738,0,52745,0,-28882,0,7810,0,-1718,0,281,0,-26,0,1 # cft deg6 r=8
-13225159,-15645620,-22087498,-4040956,22061845,25491452,43122526,28485632,29365058,18048652,11072406,5943100,2031037,810148,126130,69872,4002,7412,-822,180,-75,36,18,-8,1 # cft deg6 r=4
31664258224,-80419634176,58517727104,-703500320,-13057703248,2765536768,263840576,457549344,-93397904,-311206488,113907352,57732960,-17077364,-7431152,-1125064,928152,442916,-48472,-41012,-3492,2276,330,-86,-4,1 # cft deg6 r=4
-10221475,40880400,-7753870,-5603100,-94322299,-51183436,-79539178,-11460036,-28623942,197800,-7706326,843924,-938655,-210692,200934,-146916,55610,-9624,-318,1508,-363,68,14,-4,1 # cft deg6 r=4
-114301,1556,551117,106718,-891989,-426616,686348,593890,-407967,-380842,232491,69858,-58180,45326,-16903,-29042,16163,8334,-5220,-1288,841,58,-49,0,1 # cft deg6 r=8
12539,724485,-4647682,7848079,-5700439,15703937,-38142804,35201996,-9628905,-3369647,3180658,-1537694,504760,-440770,239136,194998,-165080,-413,25929,-4372,-1403,372,28,-14,1 # cft deg6 r=8
40000,-80000,-260000,290000,280000,-712000,-577500,671500,1333600,620850,-328150,-186600,-58475,-37720,61165,-37330,38764,-16654,2833,-1092,318,88,-35,-2,1 # cft deg6 r=4
3868108901,2549424424,1555641416,-562818024,-211637899,1675766,-72929058,-64223104,39055218,32023460,-6137336,-2493912,2952285,-120646,-900714,99920,194438,-3652,-15512,1792,761,-202,-26,8,1 # cft deg6 r=0
25806979,113629895,152692870,77657725,70336511,54206357,-2350392,16008670,-27925693,-1198301,-8988310,4188944,-1064838,1621984,-526354,152274,-36824,-7419,6521,-3616,887,-230,44,-6,1 # cft deg6 r=4
10501151,-68506768,97570535,183152962,-152530243,-146992790,221442659,-122570798,11582263,18867182,-3227370,-2683030,1035293,262262,-296858,-13252,43443,-4648,-4391,1668,436,-154,-32,4,1 # cft deg6 r=4
-4210704,22457088,-75275568,221585220,-487344924,675075018,-482657051,-14061378,342824386,-264249562,29205798,72485796,-40271033,-1325324,7982638,-1931084,-573596,300620,1539,-19150,1752,558,-78,-6,1 # cft deg6 r=8
-121571,2950030,7958175,1531500,-11746658,-7812738,10396396,7132154,-5153573,-2604606,783074,104570,597533,295594,-413830,-131400,119605,25660,-18850,-2316,1610,78,-67,0,1 # cft deg6 r=8
7099475,11707150,-94016250,112100150,197477780,-639022450,685315265,-325161240,141755049,-209101892,177328028,-50248238,-2788153,-3655534,4231942,-33622,-253765,-85038,24111,5152,-147,-318,-11,4,1 # cft deg6 r=4
482669,1220670,-773703,-1154862,12808711,36313166,46331939,36380872,19936345,6395044,-2091908,-4400658,-2643645,-667810,136774,228256,119995,35636,8061,2566,1012,346,82,12,1 # cft deg6 r=4
182305,239590,-2262115,-333950,8459469,-2530720,-16477579,11550306,18486177,-26519342,1912228,16478584,-11126385,357420,2621764,-1291460,334283,-100702,29469,-3362,314,-158,-10,4,1 # cft deg6 r=12
24421025,110378900,-80285325,-583176850,282240895,758170670,-487450705,-272135310,239593961,27073546,-46720526,2972056,2169455,-640418,610498,-4504,-105973,6210,4011,-134,472,-28,-48,2,1 # cft deg6 r=12
6766451,3795630,-190880842,504021746,-402874063,-68698466,316773344,-197162768,52419032,-11513394,-12254654,27368518,-16572775,1929962,1770096,-1035464,429372,-97638,6342,-262,-843,138,4,4,1 # cft deg6 r=8
-1502909,16346083,-22518558,-26406417,43941427,-6048687,-28933496,26311458,8769309,-10781875,-1045532,-143400,-439096,527804,290464,1566,-27496,-20599,-5199,496,439,206,46,6,1 # cft deg6 r=8
-112894099,400868057,-266088500,-1091725227,3091552539,-3903714809,2709175700,-695563792,-546329383,656460225,-280091886,6466782,54451130,-27405838,3837826,1949000,-1094304,167675,34547,-17550,1561,408,-82,-2,1 # cft deg6 r=12
-36539,-765947,2093848,-1225595,6010183,-21182133,11980280,48445446,-104498659,91139327,-36554876,3849374,-107800,1273414,27000,-536212,170700,6291,-4651,-386,-765,336,-8,-10,1 # cft deg6 r=12
3914684,-39897720,147550352,-314921694,440790168,-382678904,129073421,165558016,-341483910,360133488,-275931440,164064474,-76491271,26529340,-5835436,178908,454184,-201412,43393,-2604,-1386,442,-48,-2,1 # cft deg6 r=8
361,0,829027,0,-460174,0,-779190,0,361179,0,-296286,0,-171073,0,158362,0,15699,0,-750,0,-206,0,-5,0,1 # cft deg6 r=8
321893531,1542544962,3180081263,3936013624,3516682994,2609882250,1763961784,1126048554,671261959,359184906,166791092,66082270,21702655,5199654,275884,-585074,-393677,-147902,-33472,-2258,1484,664,145,18,1 # cft deg6 r=4
36520559,55469269,-16482930,-66150995,-42577481,-16804419,10910658,13500574,12226345,6604907,3957776,1748444,831006,359032,162388,84018,35770,15537,5213,1736,527,142,38,6,1 # cft deg6 r=0
-89111,-845668,-2827553,-3671630,4791656,25708094,51972972,78035366,100450017,110171148,100413800,76235562,48862259,26421740,11763314,4116182,1038163,140710,-16710,-14548,-3554,-298,49,14,1 # cft deg6 r=4
809369,2343225,-4307510,1038479,15319847,315065,-7850362,4459050,4009135,-1669933,-173744,1004050,-3108,-117842,87522,7894,-12438,3219,175,-858,25,24,-12,2,1 # cft deg6 r=8
-8132429,49232730,-139190217,121995124,155728317,-410591644,-106105139,470895596,155424219,-257745642,-136126854,63278872,57722927,-874972,-11856700,-2781596,922437,517718,36635,-27360,-7516,-414,112,20,1 # cft deg6 r=8
-11191,195610,-1351561,4683756,-8188575,4705962,5476805,-4911296,-6211931,2133068,3835318,97832,-1122585,-278452,117464,46596,-3505,994,2727,160,-482,-148,4,8,1 # cft deg6 r=8
-22917679,-76714965,-8739296,-44504047,199396315,245231161,362133352,270674776,227598927,103355609,61264092,12684990,5032066,-1469124,-680760,-517946,-131176,-40281,-2261,226,673,170,46,6,1 # cft deg6 r=4
1,0,-259,0,4055,0,-7120,0,-38195,0,-23169,0,-7966,0,6079,0,-1871,0,-1072,0,-105,0,5,0,1 # cft deg6 r=8
11746151,-13641997,-72733134,45143041,171455781,-12699063,-182252670,-60319600,74306023,47987865,-8792300,-13718002,-878042,2361048,501096,-301962,-130422,12607,17305,2646,-717,-298,-22,6,1 # cft deg6 r=16
3919921,-8563609,6498152,-12271751,47139659,-97681493,128918624,-132302812,121527431,-102040367,76253100,-52300408,34563962,-21404612,11473426,-5005378,1712762,-446293,85941,-11854,1159,-132,42,-10,1 # cft deg6 r=0
225625,-156750,-456375,-266610,1132869,68596,-704851,-557282,828095,271124,-225308,-420264,254687,94282,-34168,-53656,12027,13672,-2333,-2644,576,186,-44,-4,1 # cft deg6 r=4
-33221,254631,1108910,-1379329,-5124099,16672451,-13230350,-7471214,15540071,-3441841,-6128304,4496202,287206,-1901770,646936,355310,-247116,-9403,37379,-6222,-1817,636,-26,-10,1 # cft deg6 r=8
2224121,23499409,102818042,237027693,295689713,151906373,-81442066,-172923872,-96255411,-3519567,21256442,8831038,56656,-271004,291000,65998,-44930,-19181,-3661,-374,85,42,18,6,1 # cft deg6 r=8
417029,-1614618,1500087,2882992,-8051605,1708050,11917708,-6189686,-6804509,4920444,642067,-1774264,981492,289216,-506287,-7798,120091,-3906,-16414,516,1325,-18,-57,0,1 # cft deg6 r=8
45809,-75759,-70118,356827,-1067911,2162347,-616064,-5307908,8146351,-1417465,-5858622,3599114,1806178,-1850272,-319176,499298,46534,-79791,-7417,7346,875,-342,-50,6,1 # cft deg6 r=12
-20454491,-15022506,27780745,32663248,-17689036,-39714086,15219566,24063732,-7026851,-8584914,-1392442,3785466,1625685,-1471554,-511612,394136,84137,-67260,-8334,6980,592,-404,-33,10,1 # cft deg6 r=12
327536,1080288,-4513408,-10012768,8866016,32459424,11895616,-34622944,-43176640,-10280928,13490592,9552096,-257580,-2148376,-505612,153856,78664,15720,4736,-928,-1444,-320,16,12,1 # cft deg6 r=12
-62761,-133744,-199224,-1240348,-4489297,-2865584,8602938,5295064,-10058316,-3178484,5671940,2387652,-855121,-1129388,-262758,75448,133424,8284,-6436,-3468,895,336,-50,-8,1 # cft deg6 r=8
-12361955,15791120,26768149,-3606910,34298094,27574440,-16282574,3720220,4730371,-13512506,-5986134,4131774,2022943,-1067860,-372692,386320,135597,-61222,-24832,4362,1990,-150,-73,2,1 # cft deg6 r=8
313717375,634643700,-355030830,-1243913900,129678101,2258551406,3074805292,2584102332,1456527356,373161960,-108610926,-118775612,-39960203,-1369742,3995184,1488980,186184,-84680,-42466,-1612,2769,190,-80,-4,1 # cft deg6 r=8
52362871,-249439080,740738122,-1679968384,2768287076,-3111489644,2181259530,-657106976,-343043725,485599184,-216459272,971992,49171240,-25166984,3630968,1840888,-1021691,133512,46110,-18536,500,676,-66,-8,1 # cft deg6 r=8
-298308791,-1185530060,432038950,-2381500332,132760777,-1205868488,1253575982,384028160,-460354550,-454410444,106347322,155759548,12886361,-29333248,-7542610,2980440,1204590,-149636,-101482,3884,4581,-40,-106,0,1 # cft deg6 r=4
-621189059,-2581072624,-4279088952,-2995593556,391508766,1563968904,-580391956,-2330455956,-1546085681,-259349832,-165419804,-468942200,-375069852,-139821800,-31886156,-7010744,-958621,434712,230676,29228,-3794,-1248,-48,12,1 # cft deg6 r=4
7508600549,-12460247986,-1237088320,13372524588,-3170580988,-8223960308,4426136349,2137156416,-2221607957,120108864,532620786,-223506382,-36570179,50028068,-5131120,-5215644,1117005,307024,-89885,-10882,3949,220,-95,-2,1 # cft deg6 r=4
-776471,-5192052,14640960,-32699440,44046138,-40086976,36015752,-20423892,16788831,-11122576,7145236,-3587336,1165540,-423544,228860,-114720,32103,-1820,2604,-1576,50,-8,44,-12,1 # cft deg6 r=4
43681,0,369006,0,687789,0,-621810,0,-1662330,0,-952794,0,-839695,0,-175794,0,-12730,0,1590,0,229,0,-54,0,1 # cft deg6 r=4
-10906955789,-31736347660,-50410136555,-51062202628,-36144029124,-20975769284,-10568669600,-3679586584,-89132421,896981310,652690880,224917392,17498391,-18245680,-10366740,-3761732,-731469,171304,138228,25338,-1468,-1070,-97,6,1 # cft deg6 r=4
282032381,-221514652,230988598,-28083576,-412702779,90396884,-146268406,-51915588,241167590,120243580,-43744002,-68061592,-2262059,20520476,5061150,-2702852,-1159058,144876,144458,18808,-3283,-972,-26,12,1 # cft deg6 r=0
188408584661,185110709212,160870661006,113837591032,69592123085,27298689708,19860987382,1760975676,4516956538,-728731072,862751318,-253114980,135450741,-43253308,16582938,-4855768,1506754,-380724,97222,-20612,4177,-712,106,-12,1 # cft deg6 r=0
162537001,0,1650202466,0,1853016729,0,849169286,0,256075898,0,83890770,0,26788081,0,5894986,0,803170,0,67206,0,3345,0,90,0,1 # cft deg6 r=0
65649135616,-57653936128,152723914752,-87633125376,112531880960,-49884510208,44017116160,-16111642624,10923280896,-3407470080,1867108096,-507969792,230916416,-55560064,21212288,-4579392,1449536,-289664,71440,-14160,2388,-488,56,-8,1 # cft deg6 r=0
332341,-2547516,9945908,-22822948,33072888,-28613116,13920909,-3727632,1100345,-445998,-213510,637904,-512715,79660,123688,-61552,-5327,8870,-993,-314,117,-48,-7,6,1 # cft deg6 r=0
36330269,107852104,142338790,-296463184,-282206483,199970468,461986662,326215600,128139874,10335564,-19198014,-9175644,2995233,5331436,3761346,1772012,591154,136744,17310,-1868,-1631,-320,-2,8,1 # cft deg6 r=0
239863694101,-485912964316,713364520526,-685704635164,583542303337,-392198550404,239415750650,-123184188968,57890381854,-23437541652,8601292518,-2696018268,740659929,-159862428,24563494,-165072,-1249610,484236,-98294,10108,1233,-676,142,-16,1 # cft deg6 r=0
391208921,2901067350,8814788890,15495221960,19423973742,18923054522,14767592198,9506888152,5097416851,2241426636,796813868,201247712,20763376,-12010068,-8008156,-2608368,-321325,133630,75658,13896,-782,-710,-58,8,1 # cft deg6 r=0
3021842821,2981538960,5161348400,59893522964,159381038966,198630693556,184937285428,121129452696,65013085175,26804154080,9443352668,2581897872,639596284,120332040,26047596,4031224,1104579,119520,30788,-2356,30,-204,16,0,1 # cft deg6 r=0
1600,-3200,-21280,-7680,13984,-47424,-21576,130792,59680,-62204,85186,96604,-123669,-117624,51301,63546,-7512,-17948,-539,2766,300,-216,-33,6,1 # cft deg6 r=12
-6138064,-1040000,41452544,-90159328,84757200,22133984,-160935680,203256528,-125362832,16849328,31508888,-14630528,-10991100,13524272,-4836948,-173000,751128,-293348,54760,-1168,-2408,612,-34,-8,1 # cft deg6 r=8
-61250149,-56229552,396002255,1051050786,720008441,-842944668,-1672454050,-501590072,891991489,763446668,-56066909,-306579018,-100504740,35432408,28049821,2246022,-2524445,-664488,56138,40212,2395,-864,-103,6,1 # cft deg6 r=8
-2878424375,-4272482500,14558986250,-16630688500,7653653425,1722307400,-4594273550,2772162460,-546898854,-342938012,310257834,-105168176,2421697,15804340,-9095042,3120836,-717314,99184,3670,-6340,1997,-420,66,-8,1 # cft deg6 r=4
-189151349,1435321232,-2552153714,-181505536,1574717421,900764880,-3498595544,353385108,752669776,151443400,-694239826,356456188,-46422615,-9842744,2665372,-526700,190184,8928,-5338,-4040,1153,0,-36,0,1 # cft deg6 r=4
32416999,-33139116,58979409,134019786,41456439,93757460,184899432,72591072,-73603697,-71589892,-6127453,18721774,8279676,-1212692,-1935993,-368342,175165,96800,7108,-7056,-2375,-176,57,14,1 # cft deg6 r=4
-310000,6150000,-41054000,108936000,-101847400,-31951800,174861300,-64351100,-131122684,53662524,62766654,-17221796,-20005487,2271188,4160620,85772,-543893,-69536,41190,9384,-1417,-552,-4,12,1 # cft deg6 r=12
-912980531,-2086631040,-601691506,-400827160,-1551375591,-145132672,324903598,-212611224,-173795314,70316960,13340806,-35784108,7675533,3249196,-3153594,623344,134642,-123748,26726,480,-1795,420,-30,-4,1 # cft deg6 r=8
2548304,7566144,34240464,35002880,31255144,37644096,-7928044,71339716,-130316260,-168919096,187983912,89045856,-88681955,-26368308,19779226,5468704,-2103633,-667840,91728,40576,-609,-1140,-54,12,1 # cft deg6 r=8
65536,0,3080192,0,23756800,0,-24911872,0,-212992,0,-3126272,0,1220352,0,534528,0,9536,0,-2144,0,320,0,40,0,1 # cft deg6 r=4
3164561429,13369350384,20815092068,16125896104,5157389622,-2009734656,-2447980100,-750761048,124352407,161881824,48607336,-1282288,-5328348,-2049024,-339848,62544,62387,23216,3060,-1208,-698,-128,12,8,1 # cft deg6 r=4
-102987824,187196960,48048064,-318760576,114498656,325852280,-82786508,-155589448,39945276,58830216,5332856,-6449760,-2413247,-248012,176794,161148,84303,12848,-10712,-4728,259,588,162,20,1 # cft deg6 r=4
17464591,45515670,17860571,-46172750,-73925045,-58950640,2441241,48134980,28921707,5224150,-235822,-5132080,-4822499,-679500,612368,166400,-6237,6640,1277,-1560,-250,40,-8,0,1 # cft deg6 r=12
-14449021,-76559016,-18384123,233944228,101208539,-293865542,-114581636,187418812,63065673,-61450876,-23144161,8674262,6862700,161954,-1529515,-206784,222295,33244,-21308,-2922,1325,148,-49,-4,1 # cft deg6 r=8
22168519,-5868357,73752836,-6600957,111203853,3555599,100806216,2191358,57840017,-4451229,21765694,-3863942,6040506,-1527598,1255634,-355518,193322,-55279,21523,-5182,1503,-264,60,-6,1 # cft deg6 r=0
41567011,225340765,4577736288,6561867493,872896361,937202809,4136424576,550219878,-2640214273,-1502961385,-16631168,223050734,80426762,9039536,-4276290,-2809992,-622168,10197,38265,11866,1699,-180,-84,-2,1 # cft deg6 r=4
2324755,-3723688595,4399356494,-2328004769,-2214683441,-556426077,960681682,-405254128,-871423087,-266085789,256422516,244350024,58585060,-26793598,-23214440,-5825378,577870,793945,216717,17328,-4177,-1098,-50,10,1 # cft deg6 r=8
-12810599,65102516,-146268462,221236286,-259201668,277973714,-392177443,446549042,-166057265,-155333448,185199696,-68249032,-27722301,43870540,-3928456,-10095790,942787,1057510,-74007,-55076,3163,1394,-79,-14,1 # cft deg6 r=4
41163598400,-215427113600,546302510240,-874383851920,968064029456,-763107922072,419692036844,-142858566204,12158670060,15351797578,-8088777362,1058310070,587077595,-292799602,29297044,14997248,-5051705,105170,215478,-33262,-2815,1086,-36,-12,1 # cft deg6 r=0
-19184,90960,89840,-1152960,-60032,4619320,-1788476,-3798760,-1111712,1255960,3454406,-1047430,-932185,-390590,520269,37420,-100832,10270,12041,-3760,-492,310,-5,-10,1 # cft deg6 r=4
-26816519,-110243480,426450058,-316483824,-198169635,459383816,-368306198,153828244,65395106,-184656792,140879926,-27524908,-29530547,22974172,-5532210,-545756,527358,-66340,-3818,-3392,1793,-92,-42,0,1 # cft deg6 r=12
94521296,124865312,-372325184,-368329280,270666208,725916000,-76677696,-685265168,-6975296,349708816,19882952,-104371568,-10747572,17857536,3117780,-1481504,-479592,4300,34900,8008,-812,-472,-22,8,1 # cft deg6 r=8
160399831,-1106007252,3425145048,-6207935308,7186014515,-5357390138,2314886358,-240309708,-314654760,158873768,-14890832,5912444,-19116193,11048986,-574082,-1734908,499596,140480,-88576,1724,6783,-290,-146,4,1 # cft deg6 r=4
470731,1041918,-1242578,4569024,-242277,-129238,6239694,-6872796,9146696,-7704198,6190546,-3765380,1960771,-802246,262438,-68580,15624,-4202,2454,-1048,447,-50,-14,8,1 # cft deg6 r=4
-145079,892760,1103490,-10789860,20537973,-17649012,5871226,1500780,-1415586,-201552,248030,132436,7533,-5924,-1542,28356,10082,-952,1330,788,9,36,46,12,1 # cft deg6 r=4
-6019375,48051250,-68069375,-301335000,1092011000,-1240232000,246960250,737773250,-785294025,266479300,112249350,-149688700,48241625,9948630,-11504060,2030050,695031,-252754,-21220,12494,1284,-466,-45,6,1 # cft deg6 r=12
-77365709,6159220476,23883499692,38180749684,33845511151,19423431036,8781171146,3687616252,1053514124,-196402144,-380316628,-177569408,-36932821,398728,2754082,1148384,319724,47728,-2384,-2456,-649,-164,-18,4,1 # cft deg6 r=8
-109639623475,-416219717050,237102631150,876157660700,235753835130,-336348605990,-192514221970,10809823320,32885481811,8902250180,251208684,-529323360,-235901288,-44232540,1846772,1617400,62015,-60650,-30202,-4780,862,130,-34,0,1 # cft deg6 r=8
-56129875,-1509075000,-2492513800,-2308256000,-1098019220,540661710,1244574155,1070001750,527237201,78299044,-82431886,-73760430,-29213617,-3165332,2723748,1523442,361837,29784,-13133,-7400,-2035,-304,-5,6,1 # cft deg6 r=8
-9541046309,-28170492340,-920550428,175341690140,346949358333,257071528190,60553205396,-35669627360,-35991956252,-9547940900,3838896364,2878167280,95512457,-326703390,-53968004,20069900,5230968,-706120,-264756,13520,7853,-110,-132,0,1 # cft deg6 r=4
1,0,482,0,1233,0,-11034,0,-17662,0,-31926,0,-73743,0,-68454,0,-41022,0,-13386,0,-1007,0,178,0,1 # cft deg6 r=4
-147659,1407060,-4998430,6962938,1147562,-14144654,14476425,-3115018,-5892505,10919532,-10486636,1557860,5501603,-3524172,-353000,1005162,-349711,4654,38937,-18736,3645,-510,89,-6,1 # cft deg6 r=4
155726981,-485808964,1360022002,-2965228092,5653749421,-8860742072,11537009746,-12351302904,10945189182,-8005453272,4826693218,-2374747156,938112029,-287497220,63623226,-8121020,-240906,350464,-72202,6696,53,-256,70,-4,1 # cft deg6 r=0
304450576,194305344,569395552,516450112,577513536,510850016,411965280,296031760,196968912,118314480,64278704,32052224,14292932,5636432,1947500,561096,129328,17472,-588,-2148,-488,-40,28,0,1 # cft deg6 r=0
211173341,-778636458,-652402166,1314825304,5250222208,8427080338,9229514693,7682191428,4944579721,2540660458,1057426754,350942104,89473235,18979196,4557328,732182,-45727,-11586,-2687,-2830,-143,32,-17,2,1 # cft deg6 r=0
3572572441,0,-823996502,0,509767617,0,-64501954,0,22282682,0,-3182902,0,1459801,0,-397646,0,99218,0,-13378,0,1321,0,82,0,1 # cft deg6 r=0
3405457721,-13728262132,24929609688,-27266459596,20876727710,-12901641832,7421432288,-4247725648,2371298135,-1249801168,612628564,-276392008,113158836,-41338856,13240380,-3614048,802879,-141100,22148,-4476,1070,-128,-12,0,1 # cft deg6 r=0
8580275,-54213200,194949400,-443115650,737628480,-1003831800,1190052495,-1156066480,952144761,-596862644,283436726,-108949056,99216613,76477916,32686604,9907582,1124563,-324224,-83039,8962,3723,-48,-61,2,1 # cft deg6 r=0
288624821,951087308,2193786404,4079766032,5941704690,6186527808,4365456744,1881523112,323719647,-89563128,-21793036,37978592,23810980,2770960,-2222452,-847008,44267,91500,19432,-1344,-1414,-240,12,8,1 # cft deg6 r=0
54571,-1222078,17073704,-93752142,277321848,-510189558,625827373,-536456146,353011873,-230189714,184619710,-146123384,88932713,-38179448,11110812,-1980206,124553,15030,4521,-3676,889,12,-5,2,1 # cft deg6 r=0
93700181,664062216,2274120018,4903898400,7412960365,8357843984,7359656914,5289905332,3260093366,1801257256,897808306,379435408,118201909,18873784,-2374946,-1383268,405006,468096,177566,42808,8325,1320,142,12,1 # cft deg6 r=0
